32
# Point -15 Energy = 0.0
C       20.6141331302     2.4797369745     6.7595179170
H       19.3561997086     4.3359655248     7.2941426864
C       19.7112046294     3.3533017487     7.6232904008
H       20.0099893254     3.5658219225     8.6571428623
H       18.8502061712     1.9414568433     6.2242708528
C       18.7665037148     2.2006884269     7.2899029695
H       17.7056900514     2.4160634192     7.4428262515
H       19.0168415383     1.3020997660     7.8631111195
H       20.2499441751     2.3972226351     5.7260240877
H       20.7064448425     1.4592937910     7.1456019797
H       21.6299490337     2.8860549918     6.6979897125
Si       16.5826556313     3.4773903842     4.2531875966
O       16.1999059833     5.0157585530     4.6365432151
O       18.1347545236     3.4005061927     3.7093662960
O       15.5992390141     2.9401955030     3.0556654733
O       16.4053381652     2.5748539910     5.5997477443
Si       16.0485620297     6.6341601253     4.3799830235
Si       14.2470718814     2.2740624170     2.3836286981
Si       19.0324907143     3.1694999792     2.3384133782
Si       16.4060886717     1.0703274940     6.2748657796
H       17.3388590516     7.1724486357     3.8537013845
H       14.9982117671     6.8528906233     3.3255177800
H       15.6998170040     7.4153725178     5.6356479265
H       13.0071046837     2.7695883034     3.0398947740
H       14.1302565656     2.6185974561     0.9330219079
H       18.4524891064     3.9128289284     1.1685983854
H       14.2756691376     0.7844951705     2.5281210435
H       19.0232094383     1.7166809682     2.0122993895
H       17.1822981577     0.9467197613     7.5597184412
H       14.9956708256     0.6390457179     6.5404272154
H       20.4779649606     3.6131104836     2.4879799713
H       17.0132169666     0.1370627504     5.2870150968
32
# Point -14 Energy = 0.0
C       20.7097802184     2.5822125863     6.7701015817
H       19.2594658884     4.2684068413     7.2072021294
C       19.6657811364     3.3275809176     7.5944212922
H       19.8872597218     3.5512660443     8.6452868026
H       18.9278377199     1.8472325978     6.1949895246
C       18.8041639298     2.1132251606     7.2548555510
H       17.7291668359     2.2648617895     7.3854319429
H       19.0977723137     1.2391381916     7.8452441418
H       20.4026193313     2.4614875698     5.7221252504
H       20.9132180400     1.5793813983     7.1595547164
H       21.6668606214     3.1154434307     6.7542666142
Si       16.5603826534     3.4776527246     4.2633978011
O       16.1933844334     5.0207565178     4.6429968599
O       18.1141746605     3.3829281219     3.7290643710
O       15.5788849416     2.9495175038     3.0604761883
O       16.3636345276     2.5775103979     5.6090486722
Si       16.0671687922     6.6404735235     4.3813001149
Si       14.2249285264     2.2996320974     2.3769110068
Si       19.0227081030     3.1314055384     2.3692654888
Si       16.3349555421     1.0735687226     6.2848021697
H       17.3692631442     7.1607165492     3.8656183521
H       15.0294024361     6.8711300758     3.3170539306
H       15.7177832153     7.4279904521     5.6325254524
H       12.9865160356     2.8125971504     3.0218840459
H       14.1250570907     2.6429027064     0.9247192496
H       18.4628298996     3.8798973531     1.1941319712
H       14.2333942648     0.8102029635     2.5243740947
H       18.9946809987     1.6775999034     2.0471197755
H       17.0976489069     0.9400599328     7.5769286210
H       14.9162772929     0.6610089959     6.5383184717
H       20.4729447271     3.5537897388     2.5306919549
H       16.9380346510     0.1317245031     5.3030572203
32
# Point -13 Energy = 0.0
C       20.7961127553     2.6951673952     6.7926703103
H       19.1717059122     4.1888142513     7.1144085863
C       19.6235271957     3.2959546050     7.5605399476
H       19.7618422861     3.5270283801     8.6240239331
H       19.0225000006     1.7511086323     6.1644213769
C       18.8535092937     2.0226888328     7.2163880887
H       17.7680207690     2.1071038673     7.3203912582
H       19.1878790645     1.1779051359     7.8274727896
H       20.5591145625     2.5398681140     5.7312958412
H       21.1060038065     1.7255912395     7.1957410906
H       21.6753303377     3.3481425857     6.8245598564
Si       16.5380609542     3.4767285611     4.2721230658
O       16.1889479764     5.0245634595     4.6492128784
O       18.0925779052     3.3627801083     3.7454933506
O       15.5567100327     2.9592907864     3.0646328219
O       16.3224510812     2.5788251270     5.6165667487
Si       16.0893605696     6.6454657690     4.3834991117
Si       14.1998322130     2.3274336180     2.3707039056
Si       19.0096865676     3.0903965003     2.3958962659
Si       16.2635194311     1.0757051166     6.2921288073
H       17.4028794752     7.1463610109     3.8772983720
H       15.0634613777     6.8894679217     3.3108477450
H       15.7417170819     7.4390658514     5.6310442519
H       12.9645725349     2.8588016096     3.0060068333
H       14.1156491342     2.6700178666     0.9173358141
H       18.4695023704     3.8449176431     1.2165835646
H       14.1867160874     0.8383436226     2.5202529454
H       18.9610773645     1.6361098286     2.0768406218
H       17.0137986167     0.9311763314     7.5905121484
H       14.8367883640     0.6833847172     6.5349585007
H       20.4648445929     3.4899931803     2.5679076990
H       16.8602808855     0.1251003312     5.3154068289
32
# Point -12 Energy = 0.0
C       20.8678043186     2.8152614177     6.8257546675
H       19.0945273926     4.0997726417     7.0182495788
C       19.5855571612     3.2595901900     7.5217842328
H       19.6367880289     3.4929009992     8.5925708927
H       19.1341730638     1.6585077686     6.1317288563
C       18.9149269448     1.9322497728     7.1736158615
H       17.8235177160     1.9465212658     7.2472064269
H       19.2863764472     1.1204359125     7.8076231719
H       20.7120675464     2.6322193802     5.7539949955
H       21.2741340878     1.8926597045     7.2525156310
H       21.6524387950     3.5758141603     6.9042095262
Si       16.5166264227     3.4746418550     4.2798078891
O       16.1871953399     5.0270965418     4.6555020660
O       18.0708408490     3.3404199260     3.7589046097
O       15.5336638860     2.9692125245     3.0687384215
O       16.2831014597     2.5789277296     5.6229065738
Si       16.1152895439     6.6489356419     4.3866893455
Si       14.1728305883     2.3567969103     2.3658400423
Si       18.9941943466     3.0469237118     2.4184137649
Si       16.1935515399     1.0769909308     6.2976765087
H       17.4396539400     7.1294248786     3.8885997864
H       15.1003678573     6.9073428846     3.3070817290
H       15.7717191806     7.4484036064     5.6312954656
H       12.9422799298     2.9072746507     2.9932052770
H       14.1028293353     2.6990992754     0.9116329950
H       18.4729539549     3.8080657237     1.2360053107
H       14.1370774399     0.8683159556     2.5167769590
H       18.9235072137     1.5926760819     2.1017572217
H       16.9326960890     0.9206376161     7.6012546450
H       14.7591234234     0.7061256947     6.5314232334
H       20.4543255802     3.4225242340     2.5994902264
H       16.7818411775     0.1175324134     5.3249094485
32
# Point -11 Energy = 0.0
C       20.9208195001     2.9380624467     6.8667252896
H       19.0285956417     4.0051054513     6.9220333372
C       19.5525168532     3.2201380818     7.4788873249
H       19.5153695815     3.4491301446     8.5512415160
H       19.2605417958     1.5756371020     6.0960000102
C       18.9874292874     1.8457060480     7.1258489804
H       17.8954463331     1.7880536347     7.1659530417
H       19.3913742335     1.0687256490     7.7832728932
H       20.8539268435     2.7370447296     5.7891492612
H       21.4090395914     2.0723155092     7.3254113820
H       21.5986916378     3.7900264318     6.9880686325
Si       16.4969799138     3.4714874045     4.2870481602
O       16.1884978292     5.0283488638     4.6621811589
O       18.0499034823     3.3163933636     3.7699356712
O       15.5108681209     2.9788977613     3.0734412727
O       16.2467533236     2.5780494543     5.6288424364
Si       16.1447741187     6.6507607675     4.3908737655
Si       14.1452809159     2.3868038436     2.3630393657
Si       18.9772979275     3.0016532788     2.4374718522
Si       16.1267145964     1.0777798950     6.3025269172
H       17.4792420914     7.1101386842     3.8994387196
H       15.1398853740     6.9241326477     3.3056709452
H       15.8073062614     7.4559205755     5.6331600982
H       12.9208022126     2.9567614134     2.9840932060
H       14.0878788092     2.7289879007     0.9082321831
H       18.4740248785     3.7696414265     1.2528750881
H       14.0863399386     0.8992562723     2.5149401456
H       18.8835505528     1.5479379363     2.1227931147
H       16.8560223964     0.9092370406     7.6103077590
H       14.6850769602     0.7291544483     6.5288534139
H       20.4423090616     3.3525522623     2.6260387401
H       16.7047205359     0.1094615308     5.3328096776
32
# Point -10 Energy = 0.0
C       20.9534241204     3.0590238508     6.9125824070
H       18.9735544752     3.9092406776     6.8290534948
C       19.5244962138     3.1793537264     7.4329334628
H       19.4004984413     3.3964054002     8.5012929385
H       19.3972820034     1.5079626034     6.0564056124
C       19.0687551395     1.7666321119     7.0727034580
H       17.9819805706     1.6369201235     7.0772131759
H       19.5002173616     1.0242214975     7.7522896971
H       20.9787241936     2.8518608720     5.8345646599
H       21.5064637238     2.2550412890     7.4084410015
H       21.5178955505     3.9841541967     7.0720000504
Si       16.4797866086     3.4674004722     4.2944278888
O       16.1929216347     5.0283815925     4.6694839757
O       18.0305509571     3.2913034145     3.7794090566
O       15.4893443121     2.9879586353     3.0792729115
O       16.2141952264     2.5764607227     5.6351176511
Si       16.1773359839     6.6509153799     4.3959366885
Si       14.1185122303     2.4164880490     2.3627510092
Si       18.9600902210     2.9553102307     2.4540444518
Si       16.0642352994     1.0784354606     6.3077410187
H       17.5210727331     7.0888595896     3.9097733580
H       15.1815887215     6.9392847759     3.3062876519
H       15.8475382186     7.4616531811     5.6363350846
H       12.9011772169     3.0059538637     2.9788460705
H       14.0722143231     2.7584648254     0.9074789037
H       18.4737017073     3.7299954370     1.2679203533
H       14.0363388369     0.9302259959     2.5154867367
H       18.8428695332     1.5025579543     2.1412101296
H       16.7848859726     0.8978031524     7.6188902207
H       14.6159659452     0.7523698747     6.5281947449
H       20.4297411353     3.2813439111     2.6486495367
H       16.6306219892     0.1013191324     5.3404279593
32
# Point -9 Energy = 0.0
C       20.9662783705     3.1744052308     6.9608966559
H       18.9284297890     3.8164953446     6.7417696818
C       19.5011910055     3.1387337601     7.3849768395
H       19.2943117587     3.3357581002     8.4444008179
H       19.5390938851     1.4590471476     6.0122664255
C       19.1558801718     1.6976876847     7.0140067460
H       18.0800274796     1.4977244349     6.9816680784
H       19.6099545983     0.9875438784     7.7131326595
H       21.0832164914     2.9738585978     5.8878581727
H       21.5668558479     2.4321499245     7.4959921109
H       21.4158039552     4.1544091237     7.1539191783
Si       16.4653867483     3.4625114837     4.3023757915
O       16.2002737368     5.0272893472     4.6775064967
O       18.0132750530     3.2656715762     3.7880658728
O       15.4697982488     2.9960666368     3.0865574843
O       16.1857877936     2.5744007202     5.6422825265
Si       16.2123381004     6.6494479292     4.4016623720
Si       14.0935163655     2.4450157522     2.3651404831
Si       18.9434263833     2.9085154095     2.4690781686
Si       16.0068031291     1.0792474576     6.3141397317
H       17.5644792376     7.0659700794     3.9195429156
H       15.2249395043     6.9523995352     3.3084676540
H       15.8913061252     7.4657203299     5.6404104620
H       12.8840950111     3.0537389819     2.9773037276
H       14.0569926177     2.7864819624     0.9094499266
H       18.4728163739     3.6894392015     1.2818420699
H       13.9884828788     0.9603912066     2.5188395460
H       18.8028193483     1.4570751738     2.1582053436
H       16.7198077099     0.8870236843     7.6280052329
H       14.5525228878     0.7756587701     6.5300709306
H       20.4173650097     3.2099903029     2.6684738035
H       16.5607049837     0.0934332323     5.3488574542
32
# Point -8 Energy = 0.0
C       20.9617353674     3.2816299993     7.0104324477
H       18.8922710183     3.7307298666     6.6614031188
C       19.4821824102     3.0993878611     7.3357413826
H       19.1980393463     3.2684771589     8.3820616890
H       19.6808856333     1.4303108824     5.9630140893
C       19.2456172884     1.6404173829     6.9495571033
H       18.1858069258     1.3740399094     6.8795515293
H       19.7176574658     0.9585086256     7.6647756094
H       21.1669556799     3.1004265669     5.9474266375
H       21.5939958108     2.5969656651     7.5842718445
H       21.2985139326     4.2995609092     7.2339623754
Si       16.4538389523     3.4569194083     4.3111093842
O       16.2102143755     5.0251708771     4.6861949615
O       17.9982680061     3.2398757609     3.7963816151
O       15.4525577458     3.0029647330     3.0954277140
O       16.1615914290     2.5720501692     5.6506500236
Si       16.2491159800     6.6464461886     4.4077455136
Si       14.0708195975     2.4717429451     2.3702083219
Si       18.9277985302     2.8617093481     2.4832256660
Si       15.9547140437     1.0804122170     6.3222525023
H       17.6087983960     7.0418085721     3.9285743133
H       15.2693417565     6.9632289507     3.3117038512
H       15.9375830238     7.4682836335     5.6449189130
H       12.8698374143     3.0992806413     2.9791963975
H       14.0428752382     2.8122305486     0.9140781440
H       18.4718477099     3.6481874296     1.2950960253
H       13.9436014799     0.9890876652     2.5252060042
H       18.7642621897     1.4118423468     2.1746343419
H       16.6609606876     0.8773968144     7.6383296104
H       14.4950538501     0.7989149103     6.5348455932
H       20.4056128590     3.1392880387     2.6863358657
H       16.4956264563     0.0860059742     5.3588527715
32
# Point -7 Energy = 0.0
C       20.9429453690     3.3790314833     7.0613125380
H       18.8647048952     3.6554679503     6.5879700975
C       19.4671520214     3.0621697107     7.2855111420
H       19.1120420014     3.1961156948     8.3151653887
H       19.8185978721     1.4215589082     5.9081465174
C       19.3350398735     1.5954936799     6.8789057492
H       18.2953754258     1.2685219040     6.7702376922
H       19.8205096146     0.9363403499     7.6064283326
H       21.2316414586     3.2292377706     6.0130881940
H       21.5930242669     2.7447327845     7.6718200925
H       21.1715114239     4.4198469188     7.3140171114
Si       16.4450196269     3.4507003271     4.3206547857
O       16.2223389464     5.0221292272     4.6953498591
O       17.9854975852     3.2141850305     3.8045177448
O       15.4376328051     3.0084372207     3.1058974388
O       16.1415450192     2.5695608682     5.6603460629
Si       16.2870104156     6.6420227400     4.4137637416
Si       14.0505284768     2.4961469392     2.3779351175
Si       18.9133556708     2.8151849804     2.4967567961
Si       15.9081123969     1.0820804334     6.3324056705
H       17.6533671911     7.0166724562     3.9364831997
H       15.3141234339     6.9716208466     3.3154568594
H       15.9854939292     7.4695424576     5.6493102786
H       12.8583419532     3.1419322419     2.9843355646
H       14.0300024932     2.8350450666     0.9212902843
H       18.4708733850     3.6063557123     1.3078091017
H       13.9020314309     1.0157614174     2.5347556969
H       18.7276070335     1.3670598208     2.1909557164
H       16.6084708920     0.8693178522     7.6502748247
H       14.4437022236     0.8220620546     6.5427842573
H       20.3946209925     3.0698043662     2.7025701341
H       16.4357604765     0.0791627857     5.3709093699
32
# Point -6 Energy = 0.0
C       20.9132216520     3.4652702524     7.1148376167
H       18.8462554026     3.5942317492     6.5205406567
C       19.4559479259     3.0279375338     7.2341815316
H       19.0358682685     3.1205917503     8.2437847544
H       19.9495623131     1.4317648140     5.8473125672
C       19.4216760518     1.5631533828     6.8013110286
H       18.4049858693     1.1833158680     6.6521406624
H       19.9157571845     0.9199574939     7.5373341564
H       21.2803461050     3.3578749487     6.0863094229
H       21.5689076239     2.8717133279     7.7592517973
H       21.0395323726     4.5158202078     7.3970064119
Si       16.4386994956     3.4439437049     4.3308928801
O       16.2361810330     5.0183009500     4.7046233815
O       17.9747887660     3.1888553122     3.8123707947
O       15.4248145685     3.0122678117     3.1179241900
O       16.1255870776     2.5671177029     5.6713846238
Si       16.3252917127     6.6363317011     4.4191221073
Si       14.0324555420     2.5177017345     2.3883636327
Si       18.8999995781     2.7691918819     2.5096148268
Si       15.8671843720     1.0844346321     6.3448480084
H       17.6974244460     6.9908836682     3.9426014818
H       15.3584456722     6.9774583295     3.3190906576
H       16.0342031454     7.4697668071     5.6528719013
H       12.8493011130     3.1810699599     2.9926796878
H       14.0181004678     2.8542361187     0.9310765638
H       18.4696274250     3.5640076988     1.3198102231
H       13.8638144121     1.0398480878     2.5477502614
H       18.6929754163     1.3228698331     2.2073345622
H       16.5626206896     0.8632267877     7.6641186518
H       14.3986589519     0.8450701770     6.5541932318
H       20.3843091668     3.0020550257     2.7170644233
H       16.3814367791     0.0730327464     5.3854186624
32
# Point -5 Energy = 0.0
C       20.8757320926     3.5387436984     7.1730204437
H       18.8383794984     3.5506641223     6.4575560690
C       19.4485072714     2.9977948670     7.1814107600
H       18.9682690645     3.0443478069     8.1671451736
H       20.0725465437     1.4596662674     5.7806442960
C       19.5035815192     1.5435896778     6.7159840360
H       18.5113667523     1.1204470243     6.5230764796
H       20.0006967894     0.9082973884     7.4568762699
H       21.3168847377     3.4831297888     6.1699739261
H       21.5256514581     2.9741954134     7.8484759708
H       20.9068787268     4.5876148861     7.4860030499
Si       16.4345711580     3.4368043044     4.3416020127
O       16.2511517253     5.0139029739     4.7135201955
O       17.9658788665     3.1642442652     3.8196727965
O       15.4137658856     3.0142223246     3.1314283227
O       16.1136804932     2.5650017744     5.6837182332
Si       16.3630297227     6.6296118266     4.4230197776
Si       14.0162586254     2.5357823125     2.4015820246
Si       18.8875051899     2.7240717851     2.5215572205
Si       15.8322313931     1.0877549659     6.3598271597
H       17.7399793018     6.9648871031     3.9459821384
H       15.4011937777     6.9806365253     3.3217991126
H       16.0827021966     7.4693480638     5.6546665260
H       12.8422495496     3.2159512796     3.0042623798
H       14.0066532401     2.8689668243     0.9434659422
H       18.4676228293     3.5212472336     1.3307389234
H       13.8289027529     1.0606744551     2.5645541268
H       18.6604028035     1.2794793111     2.2238096028
H       16.5238880182     0.8597315291     7.6801099547
H       14.3602409803     0.8679563395     6.5694522163
H       20.3744820906     2.9367132130     2.7294453022
H       16.3330955453     0.0678226491     5.4027849169
32
# Point -4 Energy = 0.0
C       20.8333131668     3.5972942452     7.2376725791
H       18.8430191294     3.5278951381     6.3972227330
C       19.4446551972     2.9731662447     7.1268693763
H       18.9072638041     2.9704585963     8.0838381406
H       20.1876167770     1.5039086928     5.7093746415
C       19.5794506883     1.5371026441     6.6227430376
H       18.6121095701     1.0818076078     6.3813372550
H       20.0729744390     0.9007031633     7.3651480002
H       21.3451577882     3.6002687729     6.2673923241
H       21.4661496605     3.0481308981     7.9413302026
H       20.7776817385     4.6348845440     7.5829275952
Si       16.4322477985     3.4295591138     4.3525082323
O       16.2664754267     5.0092812399     4.7214535652
O       17.9584594355     3.1409071470     3.8261452072
O       15.4041140829     3.0140985293     3.1462692722
O       16.1057376088     2.5636238980     5.6972531296
Si       16.3990121409     6.6222418305     4.4245335249
Si       14.0015941363     2.5496931345     2.4175980625
Si       18.8756667095     2.6803917660     2.5323705231
Si       15.8035817334     1.0924369795     6.3775669742
H       17.7797568580     6.9393420408     3.9455831956
H       15.4409633807     6.9811109999     3.3226283457
H       16.1296216993     7.4688328980     5.6536045859
H       12.8366577054     3.2457105655     3.0189921551
H       13.9951505940     2.8782997804     0.9584056593
H       18.4643622600     3.4783577485     1.3402423915
H       13.7973356848     1.0774804352     2.5854777488
H       18.6300395217     1.2372915753     2.2404756242
H       16.4927715963     0.8596239546     7.6984895052
H       14.3287915520     0.8907676973     6.5888863879
H       20.3649579313     2.8747726510     2.7393986620
H       16.2912907849     0.0638574679     5.4234267227
32
# Point -3 Energy = 0.0
C       20.7881983868     3.6385815153     7.3089474457
H       18.8613749393     3.5269065386     6.3381137688
C       19.4438231393     2.9555349281     7.0706103060
H       18.8505143531     2.9023990136     7.9924915767
H       20.2957242013     1.5627129584     5.6364176300
C       19.6488146440     1.5438455756     6.5229539746
H       18.7061999125     1.0683903553     6.2274797262
H       20.1314072088     0.8972794284     7.2638221015
H       21.3681358122     3.7029831159     6.3801903990
H       21.3925833659     3.0900437076     8.0375540482
H       20.6557054760     4.6575619773     7.6868958018
Si       16.4312789967     3.4226308536     4.3633812107
O       16.2812222314     5.0049165507     4.7279291262
O       17.9522384070     3.1195967770     3.8317318564
O       15.3955785772     3.0118617909     3.1622101595
O       16.1014635380     2.5634779803     5.7118524955
Si       16.4318659762     6.6147596166     4.4229238619
Si       13.9883044191     2.5589004970     2.4361307758
Si       18.8644815538     2.6389917900     2.5421685103
Si       15.7813093256     1.0989136511     6.3981393873
H       17.8153826819     6.9151205284     3.9407369600
H       15.4763105354     6.9790202258     3.3207109065
H       16.1732527120     7.4688759270     5.6487774854
H       12.8320792712     3.2695965184     3.0363707811
H       13.9834413271     2.8815202239     0.9755764985
H       18.4596759842     3.4359384087     1.3482869429
H       13.7693565384     1.0896489573     2.6104497764
H       18.6023141364     1.1969814147     2.2576601320
H       16.4693621488     0.8636949150     7.7194141814
H       14.3043683988     0.9135443686     6.6124737014
H       20.3557382706     2.8175278374     2.7471323682
H       16.2564741311     0.0615440536     5.4476314641
32
# Point -2 Energy = 0.0
C       20.7417822910     3.6612141442     7.3841615066
H       18.8923471148     3.5450400603     6.2798418707
C       19.4448758065     2.9458215346     7.0133949277
H       18.7961185448     2.8432000234     7.8928290828
H       20.3978603142     1.6334867205     5.5660534577
C       19.7120674654     1.5632624603     6.4199483704
H       18.7941958350     1.0790918668     6.0656293434
H       20.1768659323     0.8988535341     7.1564576479
H       21.3868208378     3.7849367201     6.5059187347
H       21.3073203825     3.0990334509     8.1331661612
H       20.5437222253     4.6570687813     7.7935482709
Si       16.4312177556     3.4165001309     4.3741651766
O       16.2945118495     5.0013149489     4.7328166025
O       17.9470198352     3.1010655976     3.8368177347
O       15.3880961700     3.0077713955     3.1789261578
O       16.1002181286     2.5649722933     5.7273619467
Si       16.4604597931     6.6077590262     4.4180750560
Si       13.9765596094     2.5633712283     2.4564661908
Si       18.8542836573     2.6008051293     2.5516328554
Si       15.7648819680     1.1074648990     6.4213215912
H       17.8458554102     6.8931008762     3.9317255406
H       15.5062881079     6.9747776473     3.3156663393
H       16.2119368431     7.4700534778     5.6399615671
H       12.8283201159     3.2873767614     3.0553294863
H       13.9720331723     2.8786024643     0.9942779916
H       18.4540414297     3.3948686137     1.3554431532
H       13.7453833730     1.0970565769     2.6387141685
H       18.5779367621     1.1593722619     2.2760030451
H       16.4528517656     0.8723568002     7.7428450026
H       14.2863566435     0.9362650769     6.6395699557
H       20.3471393642     2.7662199523     2.7537487409
H       16.2286120962     0.0612175454     5.4753476832
32
# Point -1 Energy = 0.0
C       20.6947867079     3.6658150498     7.4584047261
H       18.9322254696     3.5766818809     6.2231883633
C       19.4463097143     2.9438518364     6.9565933143
H       18.7432864176     2.7944192115     7.7862725135
H       20.4942038501     1.7129978484     5.5023841822
C       19.7700346869     1.5937625033     6.3180600364
H       18.8774789526     1.1103721325     5.9024930175
H       20.2121005023     0.9063337647     7.0474681289
H       21.4003587492     3.8423718266     6.6378461327
H       21.2137448232     3.0781189463     8.2213138113
H       20.4430492603     4.6367923452     7.8968272163
Si       16.4317051149     3.4115105325     4.3850223903
O       16.3057814361     4.9988068839     4.7364594278
O       17.9427308075     3.0857413739     3.8421848476
O       15.3818143689     3.0023277993     3.1960746431
O       16.1010668960     2.5682287087     5.7436471740
Si       16.4843306009     6.6016740193     4.4106561696
Si       13.9667812757     2.5636852810     2.4775767489
Si       18.8456518519     2.5664823931     2.5618964906
Si       15.7530873125     1.1180385564     6.4465966064
H       17.8709768019     6.8738271359     3.9198819282
H       15.5308705521     6.9689827955     3.3078165110
H       16.2446379120     7.4726308069     5.6278304712
H       12.8254702787     3.2995425362     3.0744355348
H       13.9619887420     2.8703661879     1.0135518096
H       18.4485271790     3.3560038984     1.3628111139
H       13.7257844706     1.1002104606     2.6689076166
H       18.5576418813     1.1251035142     2.2962972924
H       16.4414858426     0.8853568225     7.7685118367
H       14.2733926966     0.9588097666     6.6689761894
H       20.3397174420     2.7215047010     2.7610609551
H       16.2069580028     0.0629504808     5.5061181605
32
# Point 0 Energy = 0
C       20.6477110000     3.6549790000     7.5266840000
H       18.9761800000     3.6157410000     6.1694560000
C       19.4467280000     2.9484220000     6.9016430000
H       18.6922510000     2.7558520000     7.6754250000
H       20.5840390000     1.7980300000     5.4478400000
C       19.8234060000     1.6330100000     6.2209870000
H       18.9571360000     1.1573250000     5.7446630000
H       20.2404540000     0.9200090000     6.9405780000
H       21.4074060000     3.8754920000     6.7676150000
H       21.1161610000     3.0334640000     8.2953550000
H       20.3536290000     4.6012450000     7.9917750000
Si       16.4325060000     3.4077350000     4.3962220000
O       16.3148940000     4.9974300000     4.7394840000
O       17.9393640000     3.0735620000     3.8486780000
O       15.3769370000     2.9960700000     3.2133680000
O       16.1030250000     2.5730330000     5.7606000000
Si       16.5037570000     6.5966350000     4.4017980000
Si       13.9593780000     2.5607940000     2.4984440000
Si       18.8391290000     2.5361430000     2.5740860000
Si       15.7443760000     1.1302530000     6.4733110000
H       17.8913405600     6.8573308000     3.9070238400
H       15.5508605600     6.9622108000     3.2979838400
H       16.2712205600     7.4764908000     5.6136238400
H       12.8237502400     3.3071035200     3.0923555200
H       13.9544302400     2.8581435200     1.0324755200
H       18.4443303200     3.3198514400     1.3715668800
H       13.7106302400     1.1000235200     2.6995155200
H       18.5418503200     1.0943714400     2.3191668800
H       16.4331100800     0.9018602400     7.7959848800
H       14.2637500800     0.9809802400     6.6993448800
H       20.3340103200     2.6832114400     2.7708868800
H       16.1902300800     0.0665002400     5.5392248800
32
# Point 1 Energy = 0.0
C       20.6013216434     3.6317202749     7.5860388147
H       19.0207962037     3.6584049245     6.1197577687
C       19.4452201611     2.9581423358     6.8494927099
H       18.6434266715     2.7265545967     7.5627034293
H       20.6664054647     1.8861631341     5.4029080574
C       19.8723124815     1.6788684119     6.1306312368
H       19.0332474435     1.2158777932     5.5960653371
H       20.2640484014     0.9394436539     6.8377371197
H       21.4078646621     3.8868911085     6.8889362239
H       21.0185779478     2.9712368936     8.3516021881
H       20.2750838638     4.5542456975     8.0765071338
Si       16.4334561799     3.4050371111     4.4079535833
O       16.3219270393     4.9970230949     4.7423942506
O       17.9368809067     3.0641661072     3.8568464703
O       15.3735492554     2.9893271860     3.2306006548
O       16.1053240379     2.5790406674     5.7781276678
Si       16.5192819461     6.5925398058     4.3924196189
Si       13.9545253137     2.5554781142     2.5183569246
Si       18.8349932249     2.5095054183     2.5889058504
Si       15.7374315103     1.1436573729     6.5009354705
H       17.9077379943     6.8433199197     3.8945354690
H       15.5671979552     6.9547988392     3.2869001285
H       16.2920428435     7.4813437997     5.5983802226
H       12.8232876276     3.3109749433     3.1082105918
H       13.9500550171     2.8430291230     1.0504131691
H       18.4422605112     3.2864773346     1.3824839924
H       13.6997002634     1.0972669438     2.7294258292
H       18.5305943610     1.0669836492     2.3449100417
H       16.4259703926     0.9209901511     7.8248722234
H       14.2559703627     1.0025918804     6.7296814224
H       20.3303118886     2.6507032614     2.7843919041
H       16.1771770241     0.0714984523     5.5740398552
32
# Point 2 Energy = 0.0
C       20.5562474715     3.5993059078     7.6349073653
H       19.0633962161     3.7018208884     6.0747071429
C       19.4412803557     2.9714740168     6.8006564882
H       18.5972577356     2.7050425557     7.4502205556
H       20.7406370671     1.9755007296     5.3669990695
C       19.9168718021     1.7293035940     6.0478214648
H       19.1056394441     1.2823114848     5.4589086327
H       20.2846150779     0.9638287885     6.7400008472
H       21.4021698685     3.8807190284     6.9973917426
H       20.9243624020     2.8976008780     8.3888159054
H       20.2063169959     4.4990991296     8.1504594643
Si       16.4344593676     3.4031746115     4.4203360863
O       16.3271489556     4.9973212120     4.7456157951
O       17.9352173521     3.0570223160     3.8669793537
O       15.3716392422     2.9823534041     3.2476297809
O       16.1073968312     2.5858338574     5.7961294837
Si       16.5316761061     6.5891622645     4.3833140234
Si       13.9522031546     2.5484956236     2.5368527941
Si       18.8332889055     2.4860611509     2.6066836313
Si       15.7311599002     1.1577624531     6.5290006224
H       17.9211245488     6.8313121202     3.8834904684
H       15.5809368240     6.9469835660     3.2752826563
H       16.3078919679     7.4867981830     5.5830354631
H       12.8241394729     3.3121012528     3.1215089272
H       13.9491921167     2.8260743646     1.0669667224
H       18.4427818497     3.2557169682     1.3959917621
H       13.6925329649     1.0927082474     2.7578286953
H       18.5235690637     1.0425371445     2.3735054785
H       16.4186847295     0.9418213649     7.8547626910
H       14.2488527381     1.0234879967     6.7592441301
H       20.3286975810     2.6230547430     2.8021702363
H       16.1665924911     0.0775121538     5.6099478798
32
# Point 3 Energy = 0.0
C       20.5126141736     3.5613841770     7.6727305376
H       19.1017951326     3.7434242663     6.0342795543
C       19.4348103475     2.9866320759     6.7552239034
H       18.5542660115     2.6892113770     7.3396844241
H       20.8065692036     2.0643954221     5.3388726643
C       19.9574571693     1.7822224915     5.9726661038
H       19.1742770042     1.3529493980     5.3342001815
H       20.3039030514     0.9920273397     6.6479143992
H       21.3906931331     3.8624873276     7.0903676681
H       20.8359660431     2.8189737522     8.4078461705
H       20.1450123100     4.4390830974     8.2133010257
Si       16.4355218255     3.4018250836     4.4334449308
O       16.3310702215     4.9979754620     4.7495726685
O       17.9343108052     3.0514522649     3.8791233832
O       15.3711240552     2.9754086164     3.2643925613
O       16.1089108899     2.5929022030     5.8144944700
Si       16.5420001325     6.5861843966     4.3752734490
Si       13.9522135138     2.5407069095     2.5537217727
Si       18.8338446123     2.4651266071     2.6273715417
Si       15.7247147557     1.1719992934     6.5570519144
H       17.9326817480     6.8206647951     3.8747853228
H       15.5933054342     6.9389851563     3.2639721028
H       16.3200599534     7.4923566075     5.5685737956
H       12.8263198075     3.3115791007     3.1321732994
H       13.9518152031     2.8084633415     1.0819914738
H       18.4460321562     3.2272754483     1.4122025927
H       13.6884310121     1.0872296797     2.7841750804
H       18.5201372224     1.0204793436     2.4045701117
H       16.4102731262     0.9632838326     7.8851726300
H       14.2414790228     1.0435111428     6.7874951323
H       20.3290453720     2.5990766346     2.8242508198
H       16.1573261506     0.0840253563     5.6462696747
32
# Point 4 Energy = 0.0
C       20.4702002379     3.5209580976     7.7002415736
H       19.1352420084     3.7818109223     5.9979115069
C       19.4260974904     3.0021328565     6.7128159248
H       18.5147414318     2.6771949978     7.2318295036
H       20.8647154819     2.1517181578     5.3170718980
C       19.9945784012     1.8360070578     5.9045074098
H       19.2393065707     1.4252028444     5.2213845741
H       20.3230169772     1.0228397639     6.5612986054
H       21.3741036222     3.8372740283     7.1679229257
H       20.7542813683     2.7402102462     8.4113696459
H       20.0885319812     4.3767673193     8.2654432237
Si       16.4366982422     3.4006769435     4.4472609148
O       16.3342396877     4.9986628935     4.7545119221
O       17.9340736079     3.0468133081     3.8930476027
O       15.3718233306     2.9686597834     3.2808992363
O       16.1098077620     2.5998103796     5.8331143124
Si       16.5512422408     6.5832988727     4.3687856659
Si       13.9541850664     2.5327895407     2.5690459725
Si       18.8362915497     2.4460067392     2.6505489019
Si       15.7176826332     1.1859078058     6.5847802876
H       17.9434280016     6.8107646489     3.8688050524
H       15.6052951757     6.9309370990     3.2536092572
H       16.3299072198     7.4975939782     5.5556541337
H       12.8297345540     3.3103169227     3.1405281594
H       13.9575042368     2.7911115167     1.0956138816
H       18.4517535962     3.2007621344     1.4308580511
H       13.6866094060     1.0815345362     2.8083331221
H       18.5194847643     1.0002225818     2.4374787176
H       16.4003804545     0.9845172533     7.9156873809
H       14.2334124308     1.0625751860     6.8142541147
H       20.3310468153     2.5776305905     2.8500768903
H       16.1485642531     0.0905929939     5.6824749913
32
# Point 5 Energy = 0.0
C       20.4284335852     3.4801065793     7.7189927291
H       19.1641402903     3.8164554715     5.9647216240
C       19.4156802432     3.0169401749     6.6727292966
H       18.4787949388     2.6676856631     7.1265077184
H       20.9161431959     2.2368010538     5.3003000698
C       20.0289114473     1.8895930832     5.8422822029
H       19.3012210058     1.4975763799     5.1189501540
H       20.3425836762     1.0552422326     6.4795028920
H       21.3530765685     3.8089151881     7.2321575213
H       20.6787312156     2.6643312420     8.4028652984
H       20.0342107848     4.3139380387     8.3077852437
Si       16.4380707826     3.3994852876     4.4616899233
O       16.3371592547     4.9991430355     4.7605027514
O       17.9344076594     3.0425880271     3.9083285739
O       15.3734982416     2.9621943109     3.2972162986
O       16.1102511942     2.6062613426     5.8518949205
Si       16.5601961712     6.5802669080     4.3640245557
Si       13.9576499442     2.5252042738     2.5831293557
Si       18.8401558769     2.4280969509     2.6755523954
Si       15.7100462371     1.1991969584     6.6120338502
H       17.9541140820     6.8011184944     3.8654689680
H       15.6175695170     6.9229052668     3.2445843021
H       16.3386609941     7.5022224606     5.5445803596
H       12.8342053802     3.3089762732     3.1471741970
H       13.9655741247     2.7746150078     1.1081600253
H       18.4594095341     3.1757683227     1.4514370685
H       13.6863093557     1.0761089060     2.8305222605
H       18.5207690420     0.9812349428     2.4714969434
H       16.3891945977     1.0049651813     7.9460019288
H       14.2246508902     1.0806869751     6.8396504761
H       20.3342930970     2.5577749557     2.8786964568
H       16.1398676719     0.0969030116     5.7182249987
32
# Point 6 Energy = 0.0
C       20.3865140035     3.4398358735     7.7309044100
H       19.1896972323     3.8475460628     5.9337780532
C       19.4042066778     3.0305566330     6.6341170441
H       18.4464182052     2.6601392523     7.0229588547
H       20.9621780390     2.3193829868     5.2875769220
C       20.0611753647     1.9425021087     5.7847880882
H       19.3607420350     1.5696320844     5.0249537223
H       20.3628061855     1.0885309522     6.4015766313
H       21.3281673018     3.7795457368     7.2863791468
H       20.6076212772     2.5924917189     8.3857226223
H       19.9796969140     4.2514742537     8.3415895917
Si       16.4397348241     3.3981043951     4.4765912835
O       16.3402172370     4.9992893625     4.7674473015
O       17.9352290536     3.0384416483     3.9244567785
O       15.3759054842     2.9560209117     3.3134463100
O       16.1105587419     2.6121358507     5.8707727669
Si       16.5693784708     6.5769494446     4.3608590482
Si       13.9621394585     2.5181604540     2.5964096852
Si       18.8449686343     2.4109515545     2.7016346511
Si       15.7021082347     1.2117827120     6.6388259497
H       17.9651659481     6.7914091444     3.8643085544
H       15.6304283772     6.9148895301     3.2369962063
H       16.3472488177     7.5061271393     5.5352906705
H       12.8395137392     3.3079178544     3.1528366021
H       13.9752414699     2.7592033872     1.1200664601
H       18.4683400641     3.1519168408     1.4732905129
H       13.6869138889     1.0711851543     2.8512231927
H       18.5232725125     0.9631018005     2.5059355402
H       16.3773080009     1.0244386792     7.9759639401
H       14.2155370617     1.0979552652     6.8640573967
H       20.3383774096     2.5388663598     2.9089954568
H       16.1311699347     0.1028168485     5.7534119660
32
# Point 7 Energy = 0.0
C       20.3436050904     3.4001049131     7.7378519047
H       19.2135310860     3.8758313584     5.9043514547
C       19.3922975839     3.0430274994     6.5961822430
H       18.4175128834     2.6548251842     6.9201847754
H       21.0040646365     2.3995251501     5.2782389409
C       20.0919424680     1.9947956701     5.7308723981
H       19.4185434138     1.6418591964     4.9374467020
H       20.3834701104     1.1223670976     6.3263975341
H       21.2998081876     3.7495204007     7.3342070194
H       20.5386478248     2.5242113385     8.3625787058
H       19.9232684867     4.1893065949     8.3683291439
Si       16.4417891699     3.3964966230     4.4918132336
O       16.3436499164     4.9990950004     4.7751125836
O       17.9364937566     3.0342418607     3.9409525802
O       15.3788545680     2.9500722417     3.3297064290
O       16.1111190662     2.6174992915     5.8897300955
Si       16.5790014584     6.5733134422     4.3588995963
Si       13.9672812263     2.5116086738     2.6093599499
Si       18.8503708823     2.3943159354     2.7281314293
Si       15.6943746878     1.2237909667     6.6653257965
H       17.9766879763     6.7815133869     3.8645909279
H       15.6438398521     6.9068237789     3.2306496110
H       16.3561971637     7.5093676440     5.5273917203
H       12.8454571950     3.3071834529     3.1582054154
H       13.9858035975     2.7447345613     1.1317837045
H       18.4779305335     3.1288923180     1.4957902675
H       13.6880407866     1.0667338445     2.8710626149
H       18.5265295292     0.9455577059     2.5402984194
H       16.3655285088     1.0431229278     8.0055994165
H       14.2066261790     1.1145815849     6.8880010786
H       20.3429917353     2.5206037119     2.9399463898
H       16.1227210397     0.1083786440     5.7881732785
32
# Point 8 Energy = 0.0
C       20.2990278652     3.3600275484     7.7413375261
H       19.2372864555     3.9024231434     5.8760970318
C       19.3804347664     3.0548470301     6.5583446569
H       18.3918919004     2.6527090684     6.8173240058
H       21.0426959578     2.4774956649     5.2718491667
C       20.1214760266     2.0469500413     5.6795503097
H       19.4749692304     1.7154328932     4.8547788385
H       20.4039736275     1.1567391565     6.2527728411
H       21.2683649719     3.7176804187     7.3787863942
H       20.4694363688     2.4578320016     8.3349421189
H       19.8640434242     4.1265427086     8.3894864917
Si       16.4443277334     3.3947192773     4.5072284467
O       16.3475361125     4.9986548503     4.7831823899
O       17.9382135890     3.0300386787     3.9574680100
O       15.3822513082     2.9442176494     3.3461087572
O       16.1123057673     2.6225741676     5.9088026206
Si       16.5890061924     6.5694165394     4.3575836233
Si       13.9728719610     2.5052759636     2.6223962298
Si       18.8561863492     2.3781189135     2.7546020887
Si       15.6874141864     1.2355228655     6.6918251855
H       17.9885249723     6.7714814647     3.8654751875
H       15.6575320407     6.8985842553     3.2251018948
H       16.3656157581     7.5121473462     5.5202440226
H       12.8519015955     3.3065322985     3.1637992444
H       13.9967876899     2.7307508540     1.1436903525
H       18.4877533359     3.1064536228     1.5184639773
H       13.6895862729     1.0624988586     2.8906879949
H       18.5303924579     0.9284859094     2.5743882926
H       16.3546701852     1.0615180212     8.0351065476
H       14.1985308587     1.1308353292     6.9120541309
H       20.3479922023     2.5030049483     2.9708215573
H       16.1149794365     0.1137905116     5.8228654246
32
# Point 9 Energy = 0.0
C       20.2524082920     3.3181906380     7.7422882801
H       19.2623150342     3.9285644017     5.8491380490
C       19.3688905053     3.0667959248     6.5203486110
H       18.3692701552     2.6552103166     6.7139388061
H       21.0784698538     2.5536461121     5.2680731620
C       20.1496489630     2.0996854032     5.6300588537
H       19.5298503524     1.7919064330     4.7757683140
H       20.4234073667     1.1918801838     6.1795169337
H       21.2342064150     3.6818403518     7.4222357155
H       20.3980061210     2.3910961750     8.3030959283
H       19.8020441299     4.0617350276     8.4063653700
Si       16.4474309074     3.3928960875     4.5227618160
O       16.3518188789     4.9981317728     4.7913178676
O       17.9404573482     3.0260138217     3.9738545307
O       15.3861169672     2.9382852945     3.3627450907
O       16.1144020220     2.6276884066     5.9280772682
Si       16.5991388120     6.5653770852     4.3562817139
Si       13.9789105068     2.4987359926     2.6358080759
Si       18.8624477058     2.3624323326     2.7809163951
Si       15.6817202126     1.2473942586     6.7186872026
H       18.0003608317     6.7614873871     3.8661701910
H       15.6711163815     6.8900064126     3.2197490792
H       16.3752578102     7.5147608366     5.5130801197
H       12.8588153938     3.3055231493     3.1698763151
H       14.0080399107     2.7165833798     1.1560325660
H       18.4976545148     3.0844300289     1.5410892180
H       13.6917126867     1.0580681546     2.9106550832
H       18.5350276893     0.9118905925     2.6083499901
H       16.3453649978     1.0803325357     8.0648188315
H       14.1917729217     1.1470212987     6.9367326328
H       20.3534207029     2.4863286490     3.0013305017
H       16.1084762097     0.1193635558     5.8580028479
32
# Point 10 Energy = 0.0
C       20.2037526044     3.2729981238     7.7409948770
H       19.2894663119     3.9554095440     5.8240487249
C       19.3577055355     3.0797573167     6.4822974653
H       18.3492621537     2.6639059150     6.6101579803
H       21.1112810671     2.6283094487     5.2665630625
C       20.1759545880     2.1537969000     5.5818573342
H       19.5824580835     1.8729098247     4.6997447931
H       20.4406705569     1.2281786984     6.1055062401
H       21.1977636578     3.6393427782     7.4653787177
H       20.3230818451     2.3217162144     8.2662344421
H       19.7381174419     3.9931961067     8.4199747969
Si       16.4511574033     3.3911823248     4.5384052888
O       16.3563440081     4.9977167717     4.7992121076
O       17.9433385100     3.0224157213     3.9901868115
O       15.3905816732     2.9320878219     3.3796781770
O       16.1175492530     2.6332153472     5.9476816932
Si       16.6090454614     6.5613379260     4.3543982159
Si       13.9855890465     2.4914941459     2.6497224303
Si       18.8693778880     2.3474119000     2.8072762757
Si       15.6776045861     1.2598679284     6.7462905720
H       18.0118256365     6.7517647264     3.8660590860
H       15.6842093397     6.8809047077     3.2139257665
H       16.3846293892     7.5175340650     5.5051250104
H       12.8662799091     3.3036177267     3.1764044803
H       14.0197437024     2.7014747275     1.1688973946
H       18.5077749615     3.0627042445     1.5637319617
H       13.6947905426     1.0529602473     2.9313498494
H       18.5408534141     0.8958525565     2.6426507239
H       16.3379314010     1.1003619829     8.0951501255
H       14.1866714150     1.1634495474     6.9624184863
H       20.3594851022     2.4709661484     3.0316626538
H       16.1036841113     0.1254605619     5.8941798155
32
# Point 11 Energy = 0.0
C       20.1534550101     3.2229944297     7.7371537774
H       19.3189799267     3.9838387512     5.8017567714
C       19.3467063059     3.0945394191     6.4446257269
H       18.3313980835     2.6802284685     6.5066914967
H       21.1406152053     2.7017235595     5.2668747714
C       20.1995894331     2.2100058295     5.5346029235
H       19.6315780724     1.9598801071     4.6265137509
H       20.4546055371     1.2661012015     6.0297353486
H       21.1595692120     3.5876050992     7.5076938225
H       20.2442535305     2.2478818355     8.2227556259
H       19.6737455430     3.9192945658     8.4309767715
Si       16.4555372479     3.3897291854     4.5542205995
O       16.3609058368     4.9975885330     4.8066349333
O       17.9469941181     3.0194930356     4.0067481933
O       15.3958584324     2.9254483649     3.3969386864
O       16.1217211585     2.6395127611     5.9677680022
Si       16.6183679611     6.5574291779     4.3514580416
Si       13.9932525287     2.4830744836     2.6640975928
Si       18.8773393031     2.3332344787     2.8341817478
Si       15.6751294300     1.2733857923     6.7749758677
H       18.0225941596     6.7425398705     3.8647851148
H       15.6965352651     6.8710923101     3.2070070646
H       16.3931211347     7.5207637213     5.4957077340
H       12.8744787016     3.3002872384     3.1830816545
H       14.0323800782     2.6847032330     1.1822151226
H       18.5185180281     3.0411921536     1.5867350411
H       13.6993127749     1.0467129624     2.9529450035
H       18.5484410400     0.8804815855     2.6780098502
H       16.3323050869     1.1223665733     8.1265307140
H       14.1832736317     1.1804067919     6.9893099543
H       20.3665105626     2.4573283534     3.0624480654
H       16.1009082603     0.1324381275     5.9319855899
32
# Point 12 Energy = 0.0
C       20.1022278340     3.1671059967     7.7299965747
H       19.3505032862     4.0143468795     5.7833815674
C       19.3355592333     3.1117378720     6.4080125280
H       18.3151631372     2.7052221776     6.4047090656
H       21.1657202049     2.7739953777     5.2684407912
C       20.2195914804     2.2688573196     5.4881134850
H       19.6756917555     2.0538723783     4.5562616456
H       20.4641250399     1.3061357483     5.9513728454
H       21.1202622847     3.5245703408     7.5474822686
H       20.1619406687     2.1686089212     8.1706556180
H       19.6107703646     3.8386622085     8.4396849497
Si       16.4605692216     3.3886540025     4.5703296063
O       16.3652944040     4.9978798134     4.8134588824
O       17.9515602662     3.0174391018     4.0239799136
O       15.4022036553     2.9182216945     3.4145297800
O       16.1267306992     2.6468723444     5.9884945397
Si       16.6268250365     6.5537368711     4.3471615902
Si       14.0023341562     2.4730917843     2.6787509295
Si       18.8867613123     2.3200436056     2.8623464188
Si       15.6740933115     1.2883137464     6.8050057430
H       18.0324599157     6.7339752545     3.8622796391
H       15.7079931176     6.8603967491     3.1984920670
H       16.4001413605     7.5246672170     5.4843409885
H       12.8836687320     3.2951014560     3.1894057779
H       14.0466366692     2.6656849212     1.1957925552
H       18.5304698773     3.0198229500     1.6106576327
H       13.7057972287     1.0389573486     2.9754028799
H       18.5583991118     0.8658743395     2.7152913692
H       16.3280487537     1.1469713188     8.1593480919
H       14.1813449624     1.1981345475     7.0174128981
H       20.3748724224     2.4457487111     3.0946414851
H       16.1002210967     0.1405990024     5.9719312329
32
# Point 13 Energy = 0.0
C       20.0509724148     3.1047827609     7.7184609175
H       19.3832167529     4.0470113455     5.7700434423
C       19.3238469190     3.1316509549     6.3732585223
H       18.3000542504     2.7393924021     6.3056313416
H       21.1858081954     2.8451011286     5.2706034665
C       20.2350026521     2.3306664542     5.4423353729
H       19.7132223496     2.1554568040     4.4894409226
H       20.4683170610     1.3487536776     5.8698208594
H       21.0805550148     3.4490261887     7.5821882219
H       20.0771927813     2.0838988795     8.1079413031
H       19.5510858725     3.7503033070     8.4460753092
Si       16.4662233547     3.3880194199     4.5868957721
O       16.3693374680     4.9986543562     4.8196663156
O       17.9571489498     3.0163543407     4.0424072599
O       15.4098729937     2.9103081170     3.4324376781
O       16.1322654110     2.6554837860     6.0100083762
Si       16.6342694746     6.5502818179     4.3414060367
Si       14.0132809214     2.4613002194     2.6934112010
Si       18.8980608480     2.3079116722     2.8925826455
Si       15.6740673185     1.3049023779     6.8365420894
H       18.0413775551     6.7261310427     3.8587386488
H       15.7186825944     6.8486710488     3.1880611142
H       16.4052308469     7.5293488782     5.4707636462
H       12.8941410541     3.2877891095     3.1947768025
H       14.0632872698     2.6440425857     1.2093678893
H       18.5442920336     2.9985252186     1.6361825316
H       13.7146947703     1.0294673651     2.9985167402
H       18.5712606806     0.8520844287     2.7553800390
H       16.3244297176     1.1745959646     8.1938994780
H       14.1804121975     1.2168124122     7.0465669594
H       20.3849243141     2.4364162533     3.1293585521
H       16.1014465624     0.1501576824     6.0143959049
32
# Point 14 Energy = 0.0
C       20.0006258588     3.0360288970     7.7013611393
H       19.4160336205     4.0815345183     5.7626912903
C       19.3111473096     3.1542571402     6.3411558247
H       18.2856395305     2.7826728489     6.2108946025
H       21.2002332903     2.9149181239     5.2726947883
C       20.2450163095     2.3955142530     5.3973229261
H       19.7427839508     2.2647064902     4.4266629862
H       20.4665106956     1.3943878273     5.7847655121
H       21.0411673053     3.3607552277     7.6087963775
H       19.9913913434     1.9946929672     8.0329696939
H       19.4963707826     3.6536136097     8.4497941577
Si       16.4724475122     3.3878240149     4.6041012907
O       16.3729299344     4.9998976636     4.8253381416
O       17.9638306100     3.0162309345     4.0625604096
O       15.4190820830     2.9016575567     3.4506450311
O       16.1379407269     2.6654181622     6.0324313516
Si       16.6407131099     6.5470121787     4.3342724637
Si       14.0264855060     2.4476111475     2.7077814534
Si       18.9115727070     2.2968228403     2.9256835590
Si       15.6744679650     1.3232683932     6.8696419550
H       18.0494692518     6.7189509805     3.8545587564
H       15.7288898469     6.8357993585     3.1755981309
H       16.4081391330     7.5347880838     5.4549415707
H       12.9061805544     3.2782609017     3.1986054403
H       14.0830697510     2.6196315350     1.2226731234
H       18.5606109199     2.9772197838     1.6640142855
H       13.7263208232     1.0181773217     3.0219769454
H       18.5873959502     0.8391072304     2.7990683828
H       16.3205417722     1.2054239646     8.2303634375
H       14.1798454504     1.2365483529     7.0764961380
H       20.3969362604     2.4293467833     3.1677035821
H       16.1041907353     0.1612229089     6.0596006124
32
# Point 15 Energy = 0.0
C       19.9520344968     2.9613476295     7.6775230992
H       19.4478124320     4.1173322355     5.7619906710
C       19.2970947554     3.1792461663     6.3123837677
H       18.2716023510     2.8344929774     6.1217611541
H       21.2085966596     2.9832734520     5.2741279465
C       20.2490720950     2.4632796733     5.3532293430
H       19.7633641517     2.3812521617     4.3686197529
H       20.4582967871     1.4434213851     5.6962066555
H       21.0027565662     3.2605306247     7.6242083460
H       19.9059630912     1.9026722580     7.9446514809
H       19.4479301398     3.5483457188     8.4501665201
Si       16.4791748325     3.3880033742     4.6221250690
O       16.3760456847     5.0015206669     4.8306300088
O       17.9716244640     3.0169573054     4.0849093194
O       15.4299798701     2.8922643184     3.4691415954
O       16.1433538123     2.6766295432     6.0558507233
Si       16.6463199720     6.5438088557     4.3259889400
Si       14.0422388832     2.4320820938     2.7215928560
Si       18.9275032785     2.2866743000     2.9623301874
Si       15.6746406661     1.3433954669     6.9042671673
H       18.0570006449     6.7122704909     3.8502569019
H       15.7390443996     6.8216976083     3.1611796293
H       16.4088517428     7.5408482065     5.4370353764
H       12.9200340607     3.2665980269     3.2003987490
H       14.1065914026     2.5925248427     1.2354851841
H       18.5799307465     2.9558179010     1.6947938967
H       13.7408210144     1.0051691398     3.0454380569
H       18.6069647450     0.8268774509     2.8469780926
H       16.3154316652     1.2394079836     8.2687915249
H       14.1789499706     1.2573759822     7.1068638861
H       20.4110545619     2.4243884062     3.2106318571
H       16.1079006566     0.1737957540     6.1076076016
