32
# Point -15 Energy = 0.0
C       20.8065380334     3.5407549767     7.4445679419
H       19.1187479414     3.5682294971     6.0595306724
C       19.5670509501     2.9034166149     6.8150563090
H       18.7980044242     2.7597706158     7.5859477822
H       20.6298168194     1.6710855524     5.3662346713
C       19.8864513852     1.5569701563     6.1647386171
H       18.9910056669     1.0858077109     5.7365281909
H       20.3048131439     0.8556592325     6.8948755781
H       21.5939496656     3.6896290372     6.6966895022
H       21.2119113746     2.8983529390     8.2312626241
H       20.5765997056     4.5134075349     7.8904616289
Si       15.9776152171     3.4650856611     4.3459366188
O       15.7599483865     5.0741097337     4.4411213642
O       17.4862511342     2.9611741784     3.7864934105
O       15.1474526990     2.8810321944     3.1706111485
O       15.5650116536     2.8959189043     5.8272008695
Si       16.2689207906     6.6337746169     4.5708756624
Si       13.9808119589     2.5203789544     2.1840239869
Si       18.7577827935     2.4160039015     2.8154850378
Si       15.8431666054     1.4308162599     6.5490876076
H       17.7039175621     7.2127962601     4.3036225042
H       15.4130758394     7.0063699067     3.4940651480
H       15.8878610087     7.2283976772     5.9046362708
H       13.0315942807     3.3272628271     2.7670554269
H       14.3506459102     2.8824839922     0.8563240499
H       18.6848553789     3.1086391262     1.4555181620
H       13.9721575238     1.1779885101     2.5096945499
H       18.5611198805     0.9318589350     2.4974553592
H       16.7369183830     1.4056924113     7.7837476962
H       14.4761879299     1.2394008106     6.9116299614
H       20.4253267336     2.3900311643     2.9517455394
H       16.3524698200     0.2410021070     5.7149414675
32
# Point -14 Energy = 0.0
C       20.7927116744     3.5563344293     7.4561795306
H       19.1059909439     3.5766298871     6.0731136481
C       19.5573454156     2.9117588335     6.8262838171
H       18.7896371508     2.7624155948     7.5973710117
H       20.6277415008     1.6884077218     5.3758546893
C       19.8834968955     1.5685682365     6.1727131094
H       18.9909549697     1.0953883654     5.7409596771
H       20.3033874755     0.8667976272     6.9015363237
H       21.5781526447     3.7126925147     6.7077364386
H       21.2038650101     2.9154825572     8.2411661052
H       20.5559375718     4.5263902943     7.9041824585
Si       16.0048895421     3.4593946647     4.3532968359
O       15.7908625123     5.0681253993     4.4649533580
O       17.5139355659     2.9701913888     3.7916196732
O       15.1582079123     2.8828524154     3.1785477542
O       15.6008379511     2.8700503152     5.8285304485
Si       16.3051662929     6.6289676996     4.5522514177
Si       13.9682112025     2.5200258949     2.2127581853
Si       18.7632010634     2.4322986352     2.7926990105
Si       15.8310369552     1.3924362646     6.5404923106
H       17.7458058252     7.1646766085     4.2556816786
H       15.4433833032     7.0078291179     3.4754438702
H       15.9493311849     7.2558532461     5.8786614279
H       13.0096589557     3.3248296493     2.8003304058
H       14.3082802195     2.8783077751     0.8710624127
H       18.6614808945     3.1336533903     1.4420201322
H       13.9438258461     1.1673456332     2.5271910229
H       18.5648233966     0.9507846715     2.4751735692
H       16.7057036969     1.3387366430     7.7865579911
H       14.4539442154     1.2022743031     6.8855193179
H       20.4204009454     2.4259825592     2.9282403794
H       16.3357718663     0.2178196631     5.6890373490
32
# Point -13 Energy = 0.0
C       20.7794395876     3.5704267943     7.4672554045
H       19.0938277052     3.5840355093     6.0861224007
C       19.5480522258     2.9190161160     6.8369473664
H       18.7816511534     2.7641545669     7.6081909031
H       20.6257633163     1.7044705761     5.3849201864
C       19.8806194655     1.5790628274     6.1800932791
H       18.9908836853     1.1041356733     5.7447591302
H       20.3018501127     0.8767034221     6.9075815490
H       21.5628962701     3.7340491567     6.7182657611
H       21.1961787507     2.9310332213     8.2505127707
H       20.5361309547     4.5378890397     7.9173952267
Si       16.0328307059     3.4540069743     4.3603114886
O       15.8228228064     5.0622936321     4.4887329112
O       17.5421745539     2.9792366582     3.7967059143
O       15.1697714143     2.8856529991     3.1859603077
O       15.6370523999     2.8445976803     5.8291345827
Si       16.3380890611     6.6245785077     4.5338885641
Si       13.9573217556     2.5203058776     2.2409560610
Si       18.7685932229     2.4478359792     2.7708721177
Si       15.8196244079     1.3566646995     6.5320970348
H       17.7819635672     7.1198273765     4.2100712371
H       15.4703516669     7.0078849826     3.4564914815
H       16.0056870229     7.2822803576     5.8519068799
H       12.9890532645     3.3227157064     2.8327677978
H       14.2678940485     2.8748626730     0.8861441387
H       18.6389930034     3.1575852638     1.4299547359
H       13.9170612811     1.1577387798     2.5445517304
H       18.5678099981     0.9689925869     2.4541164301
H       16.6755018799     1.2764383395     7.7884573273
H       14.4328016922     1.1683963366     6.8604317126
H       20.4151702050     2.4599704080     2.9063757877
H       16.3201194154     0.1964592781     5.6651931411
32
# Point -12 Energy = 0.0
C       20.7667124413     3.5830884553     7.4777066946
H       19.0822415861     3.5904844642     6.0984689131
C       19.5391400812     2.9252442612     6.8469857481
H       18.7740082727     2.7650895056     7.6183530540
H       20.6238301552     1.7192434374     5.3934182102
C       19.8777610231     1.5884717366     6.1868715196
H       18.9907218520     1.1120672877     5.7479389620
H       20.3001284527     0.8854134279     6.9130311124
H       21.5481801655     3.7537092815     6.7281811296
H       21.1888311207     2.9450781508     8.2592385932
H       20.5171911290     4.5479893646     7.9299728362
Si       16.0613980852     3.4489180662     4.3669089682
O       15.8558119273     5.0566070947     4.5123182370
O       17.5709340398     2.9882471227     3.8017212140
O       15.1821146067     2.8894081309     3.1927864049
O       15.6735721511     2.8196236921     5.8289637674
Si       16.3677163733     6.6206170666     4.5159743093
Si       13.9481380092     2.5211706561     2.2684696580
Si       18.7739809111     2.4625033236     2.7500086098
Si       15.8089433584     1.3235413236     6.5239852183
H       17.8127535173     7.0784262053     4.1670433082
H       15.4939525911     7.0066929088     3.4374710004
H       16.0567638912     7.3075866208     5.8247463863
H       12.9697624956     3.3208848139     2.8641724800
H       14.2295936002     2.8720621273     0.9013909704
H       18.6174585934     3.1803020181     1.4192569522
H       13.8918961190     1.1491095813     2.5616503829
H       18.5700903948     0.9863607036     2.4343577937
H       16.6464458850     1.2188986541     7.7896248972
H       14.4127743302     1.1377186958     6.8365525055
H       20.4096905941     2.4918775826     2.8861688478
H       16.3054428465     0.1768662390     5.6434266758
32
# Point -11 Energy = 0.0
C       20.7545164153     3.5943861422     7.4874464269
H       19.0712109388     3.5960228878     6.1100685985
C       19.5305741276     2.9305070508     6.8563406290
H       18.7666670960     2.7653283783     7.6278069348
H       20.6218887664     1.7327060054     5.4013362299
C       19.8748625623     1.5968210563     6.1930416708
H       18.9903994541     1.1192069591     5.7505132689
H       20.2981504016     0.8929729950     6.9179058694
H       21.5339992794     3.7716956842     6.7373868693
H       21.1817977314     2.9577007382     8.2672806876
H       20.4991228680     4.5567870318     7.9417911660
Si       16.0905460313     3.4441218923     4.3730235317
O       15.8898039102     5.0510586672     4.5355740627
O       17.6001762390     2.9971609258     3.8066369067
O       15.1952056888     2.8940893445     3.1989686023
O       15.7103107358     2.7951861036     5.8279776939
Si       16.3940977718     6.6170819597     4.4986986948
Si       13.9406465638     2.5225731032     2.2951543205
Si       18.7793816443     2.4761906333     2.7301101424
Si       15.7990082893     1.2930933746     6.5162383487
H       17.8385452073     7.0406056921     4.1268193112
H       15.5141994403     7.0044183197     3.4186516582
H       16.1024482030     7.3316677587     5.7975746765
H       12.9517606143     3.3193001058     2.8943482422
H       14.1934715364     2.8698192420     0.9166204500
H       18.5969361426     3.2016764553     1.4098577659
H       13.8683490340     1.1413982229     2.5783567337
H       18.5716732242     1.0027712505     2.4159666016
H       16.6186669845     1.1661933919     7.7902333468
H       14.3938734056     1.1101747108     6.8140598328
H       20.4040117822     2.5215942818     2.8676287211
H       16.2916785103     0.1589916353     5.6237473653
32
# Point -10 Energy = 0.0
C       20.7428333388     3.6043960318     7.4963903128
H       19.0607092768     3.6007042621     6.1208410462
C       19.5223162332     2.9348755011     6.8649571043
H       18.7595834174     2.7649841565     7.6365063571
H       20.6198848435     1.7448482271     5.4086624251
C       19.8718644065     1.6041447679     6.1985992378
H       18.9898467395     1.1255842398     5.7524979000
H       20.2958447454     0.8994355314     6.9222277117
H       21.5203438122     3.7880429667     6.7457888731
H       21.1750515051     2.9689935933     8.2745779273
H       20.4819245904     4.5643867923     7.9527301070
Si       16.1202241750     3.4396109462     4.3785956883
O       15.9247643710     5.0456414958     4.5583724986
O       17.6298596399     3.0059177142     3.8114267671
O       15.2090098544     2.8996655319     3.2044546286
O       15.7471789244     2.7713374833     5.8261453112
Si       16.4173044607     6.6139607723     4.4822524792
Si       13.9348264322     2.5244671329     2.3208696503
Si       18.7848082233     2.4887915479     2.7111761257
Si       15.7898343904     1.2653354359     6.5089347354
H       17.8597089007     7.0064540246     4.0895909955
H       15.5311448289     7.0012356534     3.4003047383
H       16.1426800782     7.3544077839     5.7708017949
H       12.9350114295     3.3179241927     2.9230994866
H       14.1596073195     2.8680474431     0.9316481276
H       18.5774748270     3.2215879391     1.4016851557
H       13.8464258858     1.1345441508     2.5945382582
H       18.5725644191     1.0181120343     2.3990068953
H       16.5922950970     1.1183725693     7.7904459684
H       14.3761086154     1.0856805741     6.7931234967
H       20.3981760886     2.5490193511     2.8507573673
H       16.2787697300     0.1427921532     5.6061561891
32
# Point -9 Energy = 0.0
C       20.7316409088     3.6132027374     7.5044574869
H       19.0507055269     3.6045886452     6.1307106989
C       19.5143253250     2.9384270414     6.8727841901
H       18.7527107448     2.7641737878     7.6444098522
H       20.6177631466     1.7556700575     5.4153859798
C       19.8687064982     1.6104842743     6.2035415877
H       18.9889945463     1.1312341483     5.7539105007
H       20.2931415260     0.9048619548     6.9260195892
H       21.5071992373     3.8027967209     6.7532954808
H       21.1685629545     2.9790574825     8.2810715170
H       20.4655886147     4.5709010928     7.9626745132
Si       16.1503777802     3.4353763488     4.3835724999
O       15.9606508109     5.0403490256     4.5805937935
O       17.6599390438     3.0144591234     3.8160671846
O       15.2234895097     2.9061029783     3.2091975381
O       15.7840855896     2.7481250541     5.8234447528
Si       16.4374284928     6.6112307348     4.4668250003
Si       13.9306493468     2.5268075935     2.3454804106
Si       18.7902682005     2.5002044267     2.6932041358
Si       15.7814380485     1.2402694460     6.5021483667
H       17.8766104085     6.9760160274     4.0555220383
H       15.5448773983     6.9973273960     3.3826997600
H       16.1774551430     7.3756796045     5.7448470215
H       12.9194698350     3.3167192664     2.9502328039
H       14.1280677049     2.8666610106     0.9462896205
H       18.5591137568     3.2399233074     1.3946651453
H       13.8261206412     1.1284866160     2.6100617490
H       18.5727666143     1.0322777596     2.3835379238
H       16.5674588905     1.0754602619     7.7904141596
H       14.3594891085     1.0641368171     6.7739040300
H       20.3922176508     2.5740614986     2.8355503585
H       16.2666675964     0.1282297604     5.5906456708
32
# Point -8 Energy = 0.0
C       20.7209129792     3.6208982120     7.5115711781
H       19.0411643539     3.6077418414     6.1396074499
C       19.5065577748     2.9412446382     6.8797752445
H       18.7460008415     2.7630171494     7.6514809550
H       20.6154676582     1.7651811224     5.4214973767
C       19.8653287078     1.6158878715     6.2078681203
H       18.9877746304     1.1361967995     5.7547705321
H       20.2899724145     0.9093200893     6.9293055141
H       21.4945464081     3.8160125862     6.7598183192
H       21.1623005097     2.9880001877     8.2867055106
H       20.4501015054     4.5764487051     7.9715150543
Si       16.1809481363     3.4314079572     4.3879077960
O       15.9974130143     5.0351750251     4.6021269683
O       17.6903656462     3.0227292494     3.8205373229
O       15.2386045111     2.9133654231     3.2131558058
O       15.8209385580     2.7255906187     5.8198631424
Si       16.4545817596     6.6088595413     4.4526020609
Si       13.9280801679     2.5295501392     2.3688573618
Si       18.7957634204     2.5103333273     2.6761903807
Si       15.7738371996     1.2178848425     6.4959478736
H       17.8896068753     6.9492945512     4.0247500673
H       15.5555179600     6.9928831122     3.3661011316
H       16.2068254253     7.3953460467     5.7201325047
H       12.9050830934     3.3156471487     2.9755583981
H       14.0989073448     2.8655754835     0.9603625142
H       18.5418813600     3.2565776615     1.3887228935
H       13.8074163714     1.1231650705     2.6247947945
H       18.5722786142     1.0451712767     2.3696143420
H       16.5442856528     1.0374547338     7.7902751957
H       14.3440244266     1.0454299106     6.7565519334
H       20.3861617221     2.5966403917     2.8219977710
H       16.2553315571     0.1152712866     5.5771998466
32
# Point -7 Energy = 0.0
C       20.7106199085     3.6275805897     7.5176593052
H       19.0320465474     3.6102345302     6.1474671506
C       19.4989678230     2.9434158854     6.8858883146
H       18.7394042849     2.7616360050     7.6576883928
H       20.6129417728     1.7734002923     5.4269886807
C       19.8616711560     1.6204101707     6.2115804072
H       18.9861199916     1.1405170081     5.7550992641
H       20.2862710751     0.9128840173     6.9321105456
H       21.4823617460     3.8277552069     6.7652730859
H       21.1562308791     2.9959353077     8.2914272677
H       20.4354444980     4.5811533051     7.9791489575
Si       16.2118729826     3.4276944963     4.3915623041
O       16.0349935263     5.0301136081     4.6228703226
O       17.7210871611     3.0306751007     3.8248192620
O       15.2543124151     2.9214141507     3.2162933668
O       15.8576454315     2.7037705741     5.8153962891
Si       16.4688947991     6.6068063156     4.4397638741
Si       13.9270773799     2.5326510877     2.3908780176
Si       18.8012896487     2.5190889079     2.6601302070
Si       15.7670515402     1.1981588323     6.4903956169
H       17.8990435759     6.9262521472     3.9973889657
H       15.5632151603     6.9880984344     3.3507653688
H       16.2308993251     7.4132612636     5.6970767507
H       12.8917921431     3.3146692845     2.9988913473
H       14.0721694725     2.8647079444     0.9736881013
H       18.5257949260     3.2714550290     1.3837838005
H       13.7902862950     1.1185194378     2.6386071260
H       18.5710949374     1.0567047443     2.3572864874
H       16.5229009292     1.0043288372     7.7901503515
H       14.3297253566     1.0294339485     6.7412070694
H       20.3800241142     2.6166876250     2.8100851299
H       16.2447297982     0.1038879122     5.5657942294
32
# Point -6 Energy = 0.0
C       20.7007289514     3.6333529895     7.5226549860
H       19.0233094555     3.6121413743     6.1542320229
C       19.4915080266     2.9450320762     6.8910864018
H       18.7328710276     2.7601529792     7.6630061790
H       20.6101285130     1.7803551795     5.4318538053
C       19.8576745412     1.6241114827     6.2146822976
H       18.9839651890     1.1442438732     5.7549197429
H       20.2819735129     0.9156333995     6.9344607529
H       21.4706174959     3.8380971144     6.7695802642
H       21.1503194319     3.0029810266     8.2951878409
H       20.4215939818     4.5851420323     7.9854806281
Si       16.2430869543     3.4242237148     4.3945036990
O       16.0733281975     5.0251592600     4.6427318129
O       17.7520479852     3.0382470289     3.8288981229
O       15.2705687343     2.9302081078     3.2185796023
O       15.8941143654     2.6826960079     5.8100482900
Si       16.4805154418     6.6050226949     4.4284831071
Si       13.9275936643     2.5360672691     2.4114273155
Si       18.8068362962     2.5263892455     2.6450186350
Si       15.7611025992     1.1810567760     6.4855469107
H       17.9052517206     6.9068129787     3.9735313087
H       15.5681408339     6.9831739701     3.3369389500
H       16.2498406595     7.4292724943     5.6760881147
H       12.8795329116     3.3137466864     3.0200526991
H       14.0478866490     2.8639771979     0.9860929651
H       18.5108603138     3.2844689041     1.3797746034
H       13.7746948472     1.1144902809     2.6513718243
H       18.5692054526     1.0668006907     2.3466007215
H       16.5034279370     0.9760306630     7.7901433991
H       14.3166046930     1.0160123732     6.7279982002
H       20.3738107969     2.6341475526     2.7997943831
H       16.2348394198     0.0940545761     5.5563957740
32
# Point -5 Energy = 0.0
C       20.6912046812     3.6383223049     7.5264969571
H       19.0149074519     3.6135401230     6.1598509729
C       19.4841297192     2.9461872750     6.8953376473
H       18.7263509462     2.7586905683     7.6674136159
H       20.6069707674     1.7860815709     5.4360887525
C       19.8532804658     1.6270571760     6.2171799870
H       18.9812466425     1.1474303487     5.7542567306
H       20.2770183987     0.9176527716     6.9363831560
H       21.4592820373     3.8471175601     6.7726657565
H       21.1445305890     3.0092588696     8.2979422913
H       20.4085220234     4.5885440570     7.9904221474
Si       16.2745220398     3.4209825632     4.3967065768
O       16.1123467797     5.0203068694     4.6616293062
O       17.7831893987     3.0453991308     3.8327621706
O       15.2873271930     2.9397040487     3.2199892803
O       15.9302547895     2.6623928736     5.8038310559
Si       16.4896073146     6.6034540013     4.4189230545
Si       13.9295765326     2.5397558725     2.4303981961
Si       18.8123862445     2.5321605652     2.6308509072
Si       15.7560136748     1.1665326709     6.4814493902
H       17.9085472291     6.8908649339     3.9532507882
H       15.5704852232     6.9783140871     3.3248568482
H       16.2638668084     7.4432221173     5.6575584365
H       12.8682376261     3.3128398376     3.0388704065
H       14.0260815571     2.8633038569     0.9974104137
H       18.4970718276     3.2955426683     1.3766244380
H       13.7605987594     1.1110188876     2.6629663872
H       18.5665951168     1.0753929657     2.3375998185
H       16.4859867745     0.9524844244     7.7903394961
H       14.3046779151     1.0050197043     6.7170426455
H       20.3675176631     2.6489779816     2.7911048782
H       16.2256464096     0.0857493147     5.5489628510
32
# Point -4 Energy = 0.0
C       20.6820094268     3.6425980007     7.5291299008
H       19.0067924215     3.6145107300     6.1642798070
C       19.4767834687     2.9469774044     6.8986154366
H       18.7197943631     2.7573701962     7.6708952127
H       20.6034115440     1.7906228104     5.4396918208
C       19.8484317524     1.6293170186     6.2190820468
H       18.9779029138     1.1501328077     5.7531366182
H       20.2713473642     0.9190308289     6.9379056431
H       21.4483202380     3.8549013227     6.7744614312
H       21.1388282094     3.0148924680     8.2996499303
H       20.3961969111     4.5914891788     7.9938936457
Si       16.3061080413     3.4179573920     4.3981523607
O       16.1519735572     5.0155517707     4.6794907139
O       17.8144498008     3.0520896220     3.8364028964
O       15.3045399761     2.9498567063     3.2205024535
O       15.9659780635     2.6428822344     5.7967637776
Si       16.4963482273     6.6020404698     4.4112359689
Si       13.9329690042     2.5436742954     2.4476920929
Si       18.8179157754     2.5363378789     2.6176230340
Si       15.7518096467     1.1545297200     6.4781425296
H       17.9092303969     6.8782619160     3.9366044898
H       15.5704522401     6.9737255447     3.3147417470
H       16.2732460012     7.4549499451     5.6418569568
H       12.8578361078     3.3119085603     3.0551801185
H       14.0067678282     2.8626103531     1.0074817748
H       18.4844122526     3.3046099017     1.3742658459
H       13.7479481404     1.1080472911     2.6732736600
H       18.5632438209     1.0824275751     2.3303233820
H       16.4706934501     0.9335915469     7.7908044679
H       14.2939637792     0.9963032316     6.7084460405
H       20.3611304577     2.6611507286     2.7839943181
H       16.2171454192     0.0789525498     5.5434452378
32
# Point -3 Energy = 0.0
C       20.6731037121     3.6462909359     7.5305046807
H       18.9989142512     3.6151344960     6.1674813527
C       19.4694195235     2.9474993581     6.9008984282
H       18.7131525320     2.7563113268     7.6734405270
H       20.5993942327     1.7940291425     5.4426637749
C       19.8430727458     1.6309645150     6.2203994147
H       18.9738749633     1.1524106032     5.7515873127
H       20.2649052658     0.9198597062     6.9390568641
H       21.4376938358     3.8615375130     6.7749055758
H       21.1331759617     3.0200063499     8.3002744891
H       20.3845837039     4.5941064783     7.9958235569
Si       16.3377730298     3.4151341667     4.3988291468
O       16.1921280011     5.0108897976     4.6962540161
O       17.8457649724     3.0582811772     3.8398150764
O       15.3221579641     2.9606189858     3.2201043255
O       16.0011980593     2.6241805656     5.7888723506
Si       16.5009284657     6.6007185059     4.4055615730
Si       13.9377103129     2.5477800005     2.4632193328
Si       18.8233946015     2.5388655337     2.6053323250
Si       15.7485166741     1.1449809692     6.4756573094
H       17.9075863478     6.8688262916     3.9236349037
H       15.5682549408     6.9696159431     3.3068039155
H       16.2782938092     7.4642956943     5.6293246390
H       12.8482570430     3.3109118591     3.0688258411
H       13.9899508924     2.8618208895     1.0161575601
H       18.4728530453     3.3116145942     1.3726357070
H       13.7366875476     1.1055182438     2.6821826366
H       18.5591263475     1.0878633948     2.3248082711
H       16.4576587620     0.9192319413     7.7915844789
H       14.2844848318     0.9897046386     6.7023021689
H       20.3546248711     2.6706520417     2.7784396694
H       16.2093393530     0.0736463409     5.5397841364
32
# Point -2 Energy = 0.0
C       20.6644466849     3.6495122288     7.5305784902
H       18.9912213131     3.6154932507     6.1694254906
C       19.4619882351     2.9478501517     6.9021705110
H       18.7063780765     2.7556306388     7.6750439393
H       20.5948628702     1.7963570308     5.4450079733
C       19.8371495933     1.6320762437     6.2211453465
H       18.9691063805     1.1543256324     5.7496380981
H       20.2576404114     0.9202342614     6.9398661002
H       21.4273618360     3.8671183977     6.7739432587
H       21.1275376702     3.0247247720     8.2997842181
H       20.3736447687     4.5965230389     7.9961487604
Si       16.3694437871     3.4124986967     4.3987314997
O       16.2327254301     5.0063173488     4.7118671884
O       17.8770683651     3.0639412360     3.8429968083
O       15.3401309526     2.9719421797     3.2187850918
O       16.0358316676     2.6063001032     5.7801887742
Si       16.5035490183     6.5994219437     4.4020257690
Si       13.9437366252     2.5520303844     2.4768994557
Si       18.8287859987     2.5396976712     2.5939778895
Si       15.7461617963     1.1378100001     6.4740160300
H       17.9038861438     6.8623514908     3.9143715735
H       15.5641113699     6.9661919763     3.3012416892
H       16.2793689213     7.4711015660     5.6202690097
H       12.8394292194     3.3098077437     3.0796604897
H       13.9756288367     2.8608613508     1.0232985089
H       18.4623546649     3.3165112682     1.3716760825
H       13.7267570432     1.1033751552     2.6895891398
H       18.5542124409     1.0916727644     2.3210890172
H       16.4469870650     0.9092654330     7.7927060772
H       14.2762678433     0.9850615275     6.6986928464
H       20.3479667889     2.6774828949     2.7744180028
H       16.2022387817     0.0698136185     5.5379122299
32
# Point -1 Energy = 0.0
C       20.6559965260     3.6523721771     7.5293149202
H       18.9836609307     3.6156685824     6.1700891064
C       19.4544404518     2.9481261186     6.9024206983
H       18.6994253761     2.7554412654     7.6757043732
H       20.5897624039     1.7976684616     5.4467304513
C       19.8306105019     1.6327312055     6.2213353299
H       18.9635435851     1.1559419047     5.7473194736
H       20.2495047504     0.9202513677     6.9403631112
H       21.4172809132     3.8717382578     6.7715265982
H       21.1218776300     3.0291706043     8.2981519238
H       20.3633402928     4.5988627530     7.9948146237
Si       16.4010462310     3.4100368722     4.3978602070
O       16.2736776695     5.0018314644     4.7262880446
O       17.9082914097     3.0690422723     3.8459495244
O       15.3584078498     2.9837762015     3.2165397643
O       16.0697992280     2.5892492278     5.7707505400
Si       16.5044197601     6.5980832822     4.4007395599
Si       13.9509817582     2.5563826606     2.4886614588
Si       18.8340470312     2.5387986033     2.5835610954
Si       15.7447724518     1.1329316625     6.4732322664
H       17.8983884037     6.8586047515     3.9088323126
H       15.5582409133     6.9636574845     3.2982424732
H       16.2768682944     7.4752148746     5.6149596121
H       12.8312827200     3.3085530393     3.0875463530
H       13.9637932609     2.8596591885     1.0287765226
H       18.4528670336     3.3192650271     1.3713349551
H       13.7180932247     1.1015620076     2.6953963906
H       18.5484669872     1.0938419594     2.3191982116
H       16.4387749637     0.9035333221     7.7941765921
H       14.2693441658     0.9822088191     6.6976878358
H       20.3411126895     2.6816591629     2.7719072464
H       16.1958611922     0.0674374182     5.5377537845
32
# Point 0 Energy = 0
C       20.6477110000     3.6549790000     7.5266840000
H       18.9761800000     3.6157410000     6.1694560000
C       19.4467280000     2.9484220000     6.9016430000
H       18.6922510000     2.7558520000     7.6754250000
H       20.5840390000     1.7980300000     5.4478400000
C       19.8234060000     1.6330100000     6.2209870000
H       18.9571360000     1.1573250000     5.7446630000
H       20.2404540000     0.9200090000     6.9405780000
H       21.4074060000     3.8754920000     6.7676150000
H       21.1161610000     3.0334640000     8.2953550000
H       20.3536290000     4.6012450000     7.9917750000
Si       16.4325060000     3.4077350000     4.3962220000
O       16.3148940000     4.9974300000     4.7394840000
O       17.9393640000     3.0735620000     3.8486780000
O       15.3769370000     2.9960700000     3.2133680000
O       16.1030250000     2.5730330000     5.7606000000
Si       16.5037570000     6.5966350000     4.4017980000
Si       13.9593780000     2.5607940000     2.4984440000
Si       18.8391290000     2.5361430000     2.5740860000
Si       15.7443760000     1.1302530000     6.4733110000
H       17.8913405600     6.8573308000     3.9070238400
H       15.5508605600     6.9622108000     3.2979838400
H       16.2712205600     7.4764908000     5.6136238400
H       12.8237502400     3.3071035200     3.0923555200
H       13.9544302400     2.8581435200     1.0324755200
H       18.4443303200     3.3198514400     1.3715668800
H       13.7106302400     1.1000235200     2.6995155200
H       18.5418503200     1.0943714400     2.3191668800
H       16.4331100800     0.9018602400     7.7959848800
H       14.2637500800     0.9809802400     6.6993448800
H       20.3340103200     2.6832114400     2.7708868800
H       16.1902300800     0.0665002400     5.5392248800
32
# Point 1 Energy = 0.0
C       20.6395456619     3.6574419028     7.5226627521
H       18.9687236848     3.6157892775     6.1675167419
C       19.4388030079     2.9488319083     6.8998373008
H       18.6848128931     2.7569683645     7.6742138858
H       20.5776411912     1.7975133539     5.4483510582
C       19.8154899276     1.6329955018     6.2201227802
H       18.9498377223     1.1585413725     5.7417041083
H       20.2304490863     0.9196081922     6.9405448215
H       21.3976885362     3.8784781350     6.7621758846
H       21.1103524105     3.0377270076     8.2913769518
H       20.3444650464     4.6037878688     7.9869914025
Si       16.4637489871     3.4055767860     4.3938281245
O       16.3562820243     4.9931084079     4.7514311055
O       17.9702149131     3.0774811643     3.8511884240
O       15.3956644605     3.0087719254     3.2092734634
O       16.1354386784     2.5576501770     5.7497829033
Si       16.5017848674     6.5950073237     4.4052797591
Si       13.9688533437     2.5652249622     2.5061961074
Si       18.8439776070     2.5317146552     2.5655572186
Si       15.7450009449     1.1296705134     6.4742479628
H       17.8829849842     6.8582473049     3.9089421207
H       15.5421868309     6.9620433660     3.3006359823
H       16.2628871134     7.4747914106     5.6164448745
H       12.8167654016     3.3054180570     3.0939710562
H       13.9475171401     2.8562508189     1.0342932323
H       18.4366742321     3.3182562424     1.3723321545
H       13.7042938157     1.0987086737     2.7018628245
H       18.5343187813     1.0932746150     2.3210223045
H       16.4300730748     0.9040524114     7.7981006806
H       14.2595290919     0.9812046233     6.7037097156
H       20.3265990064     2.6821846060     2.7713361086
H       16.1853761328     0.0669810710     5.5422315495
32
# Point 2 Energy = 0.0
C       20.6314564395     3.6598666376     7.5172337297
H       18.9612374106     3.6158899675     6.1642679601
C       19.4306192588     2.9494472978     6.8970076157
H       18.6770718869     2.7588906661     7.6720823303
H       20.5705191905     1.7961936407     5.4482803435
C       19.8068189317     1.6327711995     6.2187666180
H       18.9416061989     1.1596582958     5.7384787656
H       20.2194551865     0.9191501124     6.9402973112
H       21.3880789596     3.8807941871     6.7551832201
H       21.1044180837     3.0420776390     8.2862049704
H       20.3358020899     4.6066035021     7.9804327330
Si       16.4947012168     3.4035465886     4.3906952432
O       16.3977475611     4.9888628941     4.7621143881
O       18.0007718647     3.0807859170     3.8534905777
O       15.4145360716     3.0218297155     3.2042640788
O       16.1669737851     2.5430968691     5.7383487941
Si       16.4987305593     6.5931323375     4.4112471531
Si       13.9793357974     2.5696357106     2.5118763102
Si       18.8485336519     2.5255079210     2.5579831939
Si       15.7466737782     1.1310743414     6.4760309403
H       17.8735575920     6.8610549789     3.9145728199
H       15.5324304829     6.9633368542     3.3063635882
H       16.2523497025     7.4699909876     5.6235592448
H       12.8102667829     3.3034540342     3.0922861161
H       13.9430280191     2.8539190286     1.0341404690
H       18.4298202056     3.3144753033     1.3735991135
H       13.6990096376     1.0975669196     2.7023629086
H       18.5258250916     1.0905792563     2.3247914011
H       16.4297319463     0.9099027651     7.8004778239
H       14.2567291885     0.9827115203     6.7108156371
H       20.3188106791     2.6786380757     2.7732375468
H       16.1813333492     0.0688568358     5.5466724136
32
# Point 3 Energy = 0.0
C       20.6234016385     3.6623507305     7.5103847544
H       18.9536685828     3.6161169317     6.1597124865
C       19.4221331443     2.9503546814     6.8931610568
H       18.6689926598     2.7617115082     7.6690437327
H       20.5626241475     1.7941478636     5.4476439944
C       19.7973517462     1.6324194821     6.2169410601
H       18.9324007913     1.1607438842     5.7350201742
H       20.2074404390     0.9187328556     6.9398648043
H       21.3785287813     3.8825320954     6.7466174784
H       21.0983272655     3.0466233640     8.2798286166
H       20.3275966013     4.6097929670     7.9720764669
Si       16.5252887746     3.4016329271     4.3868464748
O       16.4391945165     4.9846938267     4.7715286673
O       18.0309615167     3.0834706756     3.8555996353
O       15.4334990568     3.0351905757     3.1983525321
O       16.1975667335     2.5293700415     5.7263515000
Si       16.4948204231     6.5909484127     4.4197451324
Si       13.9907570022     2.5739822531     2.5154524153
Si       18.8527334727     2.5175299024     2.5513786394
Si       15.7494169556     1.1343520540     6.4786408961
H       17.8632871397     6.8654470071     3.9238894228
H       15.5217925381     6.9662599667     3.3153264910
H       16.2400994614     7.4619828978     5.6350532335
H       12.8042010074     3.3011621364     3.0872038358
H       13.9409375816     2.8510814427     1.0319409653
H       18.4236830300     3.3085154907     1.3753455965
H       13.6947108101     1.0965440276     2.7009520716
H       18.5163186353     1.0863296702     2.3305027961
H       16.4321380269     0.9191956756     7.8030570898
H       14.2554012356     0.9853360322     6.7206832538
H       20.3105707710     2.6726468083     2.7765793393
H       16.1781361136     0.0721038123     5.5524407466
32
# Point 4 Energy = 0.0
C       20.6153400187     3.6649868875     7.5021093704
H       18.9459652710     3.6165409815     6.1538589818
C       19.4133028326     2.9516368990     6.8883086252
H       18.6605426461     2.7655173438     7.6651141700
H       20.5539092208     1.7914553623     5.4464605555
C       19.7870499842     1.6320224019     6.2146699980
H       18.9221842468     1.1618664840     5.7313617034
H       20.1943770351     0.9184535172     6.9392760957
H       21.3689888428     3.8837813753     6.7364662452
H       21.0920505716     3.0514660843     8.2722413957
H       20.3198046487     4.6134499826     7.9619075835
Si       16.5554384895     3.3998254968     4.3823095763
O       16.4805260575     4.9806026344     4.7796768908
O       18.0607100892     3.0855356188     3.8575337782
O       15.4525002981     3.0488014748     3.1915553909
O       16.2271584007     2.5164647820     5.7138475254
Si       16.4902813889     6.5883976203     4.4308020235
Si       14.0030493215     2.5782198622     2.5169019853
Si       18.8565093462     2.5077986037     2.5457618088
Si       15.7532502622     1.1393863112     6.4820515157
H       17.8524008701     6.8711054838     3.9368531065
H       15.5104683911     6.9709671556     3.3276829456
H       16.2266369620     7.4506768651     5.6509644815
H       12.7985208304     3.2984905400     3.0786382103
H       13.9412177387     2.8476720390     1.0276327748
H       18.4181704306     3.3003937005     1.3775572114
H       13.6913315025     1.0955855165     2.6975754363
H       18.5057461640     1.0805847289     2.3381841961
H       16.4373284967     0.9317058584     7.8057660975
H       14.2556011842     0.9889151767     6.7333204629
H       20.3017988980     2.6643000621     2.7813523826
H       16.1758201596     0.0766951498     5.5594228350
32
# Point 5 Energy = 0.0
C       20.6072311141     3.6678620724     7.4924067609
H       18.9380766005     3.6172293104     6.1467217463
C       19.4040885271     2.9533724223     6.8824650025
H       18.6516921879     2.7703878516     7.6603121067
H       20.5443298236     1.7881970059     5.4447508367
C       19.7758782797     1.6316609575     6.2119784470
H       18.9109227740     1.1630941677     5.7275366312
H       20.1802412299     0.9184073401     6.9385591770
H       21.3594097373     3.8846281208     6.7247242376
H       21.0855601591     3.0567010901     8.2634406817
H       20.3123823046     4.6176600210     7.9499184813
Si       16.5850783530     3.3981154674     4.3771167177
O       16.5216453326     4.9765919737     4.7865699217
O       18.0899438378     3.0869867789     3.8593141594
O       15.4714865021     3.0626096234     3.1838930701
O       16.2556943133     2.5043747108     5.7008956124
Si       16.4853388189     6.5854266600     4.4444292905
Si       14.0161464106     2.5823033601     2.5162124371
Si       18.8597902078     2.4963429609     2.5411545944
Si       15.7581903399     1.1460556576     6.4862298121
H       17.8411253399     6.8777054799     3.9534109487
H       15.4986479151     6.9775953840     3.3435905433
H       16.2124649003     7.4360012653     5.6712813334
H       12.7931860464     3.2953850248     3.0665146198
H       13.9438382633     2.8436258031     1.0211688525
H       18.4131841074     3.2901367931     1.3802274690
H       13.6888077353     1.0946368390     2.6921871256
H       18.4940525085     1.0734177580     2.3478623164
H       16.4453256041     0.9472002744     7.8085211113
H       14.2573900347     0.9932883856     6.7487223639
H       20.2924099531     2.6537009617     2.7875503927
H       16.1744213382     0.0826004786     5.5674985590
32
# Point 6 Energy = 0.0
C       20.5990353770     3.6710569667     7.4812815178
H       18.9299529637     3.6182451372     6.1383203986
C       19.3944525779     2.9556349248     6.8756482533
H       18.6424145465     2.7763955816     7.6546580481
H       20.5338437901     1.7844546017     5.4425377089
C       19.7638043555     1.6314145964     6.2088922946
H       18.8985860707     1.1644943621     5.7235778889
H       20.1650133106     0.9186871371     6.9377409873
H       21.3497420530     3.8851543894     6.7113931360
H       21.0788297583     3.0624164533     8.2534275340
H       20.3052858262     4.6224998247     7.9361087042
Si       16.6141377775     3.3964956616     4.3713041687
O       16.5624559436     4.9726658051     4.7922261493
O       18.1185894135     3.0878360365     3.8609647635
O       15.4904042508     3.0765627598     3.1753897257
O       16.2831246785     2.4930923045     5.6875563100
Si       16.4802149996     6.5819875035     4.4606218850
Si       14.0299836557     2.5861871767     2.5133810190
Si       18.8625023059     2.4832027657     2.5375824839
Si       15.7642501537     1.1542352520     6.4911367441
H       17.8296874385     6.8849185740     3.9734943732
H       15.4865168897     6.9862615833     3.3632073356
H       16.1980819142     7.4179045914     5.6959437333
H       12.7881641794     3.2917888213     3.0507702228
H       13.9487673201     2.8388787999     1.0125174592
H       18.4086206582     3.2777814067     1.3833576983
H       13.6870780875     1.0936433255     2.6847503370
H       18.4811813132     1.0649162656     2.3595627129
H       16.4561359040     0.9654399797     7.8112289364
H       14.2608335974     0.9982977901     6.7668710402
H       20.2823151459     2.6409660326     2.7951697547
H       16.1739743436     0.0897855893     5.5765420354
32
# Point 7 Energy = 0.0
C       20.5907142892     3.6746455116     7.4687434076
H       18.9215461963     3.6196474057     6.1286795542
C       19.3843595614     2.9584929024     6.8678795335
H       18.6326858761     2.7836056421     7.6481742235
H       20.5224115268     1.7803103355     5.4398458727
C       19.7507990712     1.6313607439     6.2054380426
H       18.8851473379     1.1661334828     5.7195178068
H       20.1486775494     0.9193827347     6.9368471633
H       21.3399365886     3.8854376801     6.6964813864
H       21.0718346747     3.0686924990     8.2422065152
H       20.2984717911     4.6280370214     7.9204846743
Si       16.6425478344     3.3949607111     4.3649119985
O       16.6028623842     4.9688294562     4.7966711065
O       18.1465742212     3.0881010750     3.8625122494
O       15.5092000403     3.0906094333     3.1660731734
O       16.3094043862     2.4826091805     5.6738915829
Si       16.4751277380     6.5780379229     4.4793587533
Si       14.0444985532     2.5898254398     2.5084147773
Si       18.8645698815     2.4684285390     2.5350744371
Si       15.7714385138     1.1637975682     6.4967278761
H       17.8183148940     6.8924164050     3.9970174978
H       15.4742590072     6.9970602376     3.3866924625
H       16.1839766356     7.3963566182     5.7248448507
H       12.7834310754     3.2876424857     3.0313543906
H       13.9559719141     2.8333683105     1.0016625056
H       18.4043725185     3.2633737547     1.3869568515
H       13.6860843414     1.0925501486     2.6752373789
H       18.4670758138     1.0551815711     2.3733095113
H       16.4697496876     0.9861819400     7.8137888750
H       14.2660021531     1.0037883691     6.7877353160
H       20.2714230780     2.6262246578     2.8042092405
H       16.1745114658     0.0982122163     5.5864223450
32
# Point 8 Energy = 0.0
C       20.5822304431     3.6786945296     7.4548071400
H       18.9128097215     3.6214905372     6.1178285107
C       19.3737763310     2.9620093412     6.8591828126
H       18.6224851684     2.7920754272     7.6408843061
H       20.5099961496     1.7758462438     5.4367016033
C       19.7368364559     1.6315743571     6.2016425494
H       18.8705832835     1.1680765746     5.7153878634
H       20.1312221429     0.9205804370     6.9359017973
H       21.3299445417     3.8855505015     6.6800039810
H       21.0645517669     3.0756013538     8.2297855166
H       20.2918971943     4.6343298377     7.9030594379
Si       16.6702414758     3.3935071861     4.3579837860
O       16.6427704470     4.9650896669     4.7999370972
O       18.1738267748     3.0878052936     3.8639857750
O       15.5278203132     3.1046992857     3.1559748322
O       16.3344929872     2.4729163389     5.6599644610
Si       16.4702890707     6.5735419008     4.5006034804
Si       14.0596310308     2.5931720990     2.5013305153
Si       18.8659158681     2.4520813535     2.5336626850
Si       15.7797596636     1.1746130650     6.5029540630
H       17.8072362275     6.8998742063     4.0238754942
H       15.4620583394     7.0100611589     3.4142061969
H       16.1706220616     7.3713492510     5.7578333827
H       12.7789713923     3.2828838109     3.0082291838
H       13.9654182554     2.8270330437     0.9886038358
H       18.4003289116     3.2469694043     1.3910412037
H       13.6857720605     1.0913023149     2.6636296713
H       18.4516796490     1.0443283306     2.3891250354
H       16.4861406177     1.0091807961     7.8160947057
H       14.2729700115     1.0096079747     6.8112704989
H       20.2596408445     2.6096184505     2.8146696009
H       16.1760613991     0.1078379279     5.5970043375
32
# Point 9 Energy = 0.0
C       20.5735475975     3.6832634251     7.4394921464
H       18.9036986660     3.6238242336     6.1058009467
C       19.3626720453     2.9662414324     6.8495846158
H       18.6117941722     2.8018543812     7.6328131744
H       20.4965636092     1.7711437184     5.4331324789
C       19.7218937292     1.6321275043     6.1975327772
H       18.8548741198     1.1703869572     5.7112184447
H       20.1126391443     0.9223625131     6.9349272047
H       21.3197176739     3.8855600320     6.6619822231
H       21.0569594052     3.0832065731     8.2161755986
H       20.2855195120     4.6414269059     7.8838524338
Si       16.6971537406     3.3921336962     4.3505663454
O       16.6820875998     4.9614546159     4.8020628395
O       18.2002770489     3.0869776790     3.8654168063
O       15.5462114855     3.1187833267     3.1451296919
O       16.3583546544     2.4640043599     5.6458387247
Si       16.4659040889     6.5684699236     4.5243050531
Si       14.0753237092     2.5961810862     2.4921547448
Si       18.8664626031     2.4342326066     2.5333824532
Si       15.7892129432     1.1865508223     6.5097621501
H       17.7966801405     6.9069742763     4.0539430664
H       15.4501021309     7.0253075116     3.4459093398
H       16.1584703237     7.3428970530     5.7947164645
H       12.7747789831     3.2774477843     2.9813698706
H       13.9770720381     2.8198134270     0.9733574463
H       18.3963768018     3.2286330342     1.3956339500
H       13.6860911021     1.0898446864     2.6499177163
H       18.4349377006     1.0324839541     2.4070293370
H       16.5052655803     1.0341905634     7.8180366545
H       14.2818149686     1.0156072536     6.8374181165
H       20.2468751508     2.5913005408     2.8265530390
H       16.1786481316     0.1186161226     5.6081495057
32
# Point 10 Energy = 0.0
C       20.5646307131     3.6884039639     7.4228223718
H       18.8941699515     3.6266933283     6.0926346388
C       19.3510181766     2.9712403317     6.8391137902
H       18.6005972964     2.8129837979     7.6239867222
H       20.4820828065     1.7662830456     5.4291670973
C       19.7059513130     1.6330889692     6.1931355493
H       18.8380035569     1.1731258752     5.7070386168
H       20.0929243915     0.9248067047     6.9339437092
H       21.3092084550     3.8855278692     6.6424434820
H       21.0490374164     3.0915628447     8.2013908497
H       20.2792967365     4.6493671626     7.8628892864
Si       16.7232219493     3.3908409619     4.3427094646
O       16.7207233354     4.9579339255     4.8030931237
O       18.2258568246     3.0856526357     3.8668389115
O       15.5643199750     3.1328142037     3.1335763007
O       16.3809581333     2.4558635543     5.6315786273
Si       16.4621698821     6.5627991580     4.5503987193
Si       14.0915221071     2.5988065138     2.4809236297
Si       18.8661325455     2.4149637421     2.5342716143
Si       15.7997925356     1.1994791390     6.5170956745
H       17.7868743475     6.9134093387     4.0870731519
H       15.4385837710     7.0428141435     3.4819619285
H       16.1479479168     7.3110374522     5.8352631136
H       12.7708571692     3.2712666047     2.9507654834
H       13.9908986337     2.8116519816     0.9559556337
H       18.3924018458     3.2084381620     1.4007647077
H       13.6869960635     1.0881220383     2.6341010402
H       18.4167969516     1.0197879107     2.4270396334
H       16.5270647599     1.0609662556     7.8195033263
H       14.2926176657     1.0216394831     6.8661056631
H       20.2330334356     2.5714347722     2.8398625778
H       16.1822899384     0.1304961302     5.6197169213
32
# Point 11 Energy = 0.0
C       20.5554459721     3.6941601275     7.4048260858
H       18.8841823669     3.6301376826     6.0783712002
C       19.3387885053     2.9770509623     6.8278013001
H       18.5888814988     2.8254966548     7.6144317170
H       20.4665257005     1.7613429777     5.4248347852
C       19.6889928390     1.6345238805     6.1884773227
H       18.8199587966     1.1763521526     5.7028759173
H       20.0720774361     0.9279857583     6.9329694504
H       21.2983701915     3.8855098679     6.6214209421
H       21.0407670208     3.1007157710     8.1854482673
H       20.2731873893     4.6581798385     7.8402016298
Si       16.7483858875     3.3896318561     4.3344656576
O       16.7585894939     4.9545386441     4.8030784887
O       18.2505000301     3.0838697765     3.8682875412
O       15.5820922327     3.1467464628     3.1213567716
O       16.4022766861     2.4484840688     5.6172486491
Si       16.4592746005     6.5565135156     4.5788069238
Si       14.1081747906     2.6010029129     2.4676829172
Si       18.8648489928     2.3943659191     2.5363702743
Si       15.8114873018     1.2132660920     6.5248955577
H       17.7780438867     6.9188857441     4.1230959363
H       15.4277057873     7.0625662711     3.5225212443
H       16.1394514463     7.2758306337     5.8792081277
H       12.7672188987     3.2642697689     2.9164194036
H       14.0068632012     2.8024937860     0.9364470650
H       18.3882893403     3.1864668372     1.4064689268
H       13.6884466612     1.0860791555     2.6161881079
H       18.3972073579     1.0063909119     2.4491696605
H       16.5514619367     1.0892654172     7.8203835694
H       14.3054608560     1.0275603423     6.8972463673
H       20.2180249931     2.5501948000     2.8546013329
H       16.1869985018     0.1434234108     5.6315642192
32
# Point 12 Energy = 0.0
C       20.5459607874     3.7005680452     7.3855357139
H       18.8736966237     3.6341921254     6.0630558444
C       19.3259591047     2.9837118614     6.8156800530
H       18.5766361695     2.8394174827     7.6041757128
H       20.4498674109     1.7564003379     5.4201653085
C       19.6710051534     1.6364933662     6.1835839798
H       18.8007305274     1.1801218527     5.6987561691
H       20.0501014750     0.9319669816     6.9320202180
H       21.2871571409     3.8855560635     6.5989533500
H       21.0321307649     3.1107017302     8.1683676645
H       20.2671505173     4.6678845341     7.8158269606
Si       16.7725879820     3.3885114126     4.3258899302
O       16.7956005612     4.9512812060     4.8020749153
O       18.2741430733     3.0816736717     3.8697997970
O       15.5994747815     3.1605368011     3.1085168026
O       16.4222880335     2.4418559448     5.6029132820
Si       16.4573966338     6.5496036065     4.6094402990
Si       14.1252334702     2.6027255119     2.4524878549
Si       18.8625367933     2.3725396262     2.5397202995
Si       15.8242807086     1.2277800536     6.5331007790
H       17.7704089639     6.9231264647     4.1618182634
H       15.4176827038     7.0845185619     3.5677391390
H       16.1333439320     7.2373591303     5.9262563517
H       12.7638867888     3.2563842436     2.8783499642
H       14.0249307160     2.7922870288     0.9148967590
H       18.3839251601     3.1628092880     1.4127872162
H       13.6904080467     1.0836609738     2.5961962098
H       18.3761227255     0.9924539672     2.4734289530
H       16.5783650031     1.1188495565     7.8205682490
H       14.3204285847     1.0332276378     6.9307389964
H       20.2017620866     2.5277630865     2.8707717069
H       16.1927781764     0.1573398453     5.6435486169
32
# Point 13 Energy = 0.0
C       20.5361438043     3.7076559989     7.3649876904
H       18.8626753991     3.6388864337     6.0467371746
C       19.3125083189     2.9912550697     6.8027847594
H       18.5638530107     2.8547622695     7.5932470158
H       20.4320863174     1.7515296593     5.4151885848
C       19.6519783229     1.6390542352     6.1784806450
H       18.7803129252     1.1844879431     5.6947033215
H       20.0270032900     0.9368118273     6.9311093187
H       21.2755246171     3.8857106805     6.5750847597
H       21.0231124561     3.1215478164     8.1501716019
H       20.2611456772     4.6784913835     7.7898085217
Si       16.7957734699     3.3874868050     4.3170395573
O       16.8316739451     4.9481753678     4.8001435356
O       18.2967251666     3.0791135609     3.8714141900
O       15.6164142654     3.1741443070     3.0951057057
O       16.4409742984     2.4359691348     5.5886368409
Si       16.4567039016     6.5420665908     4.6421986921
Si       14.1426530494     2.6039305584     2.4354030855
Si       18.8591230480     2.3495942390     2.5443647906
Si       15.8381508492     1.2428901675     6.5416490207
H       17.7641824003     6.9258738379     4.2030235024
H       15.4087436070     7.1085946452     3.6177587221
H       16.1299517023     7.1957271308     5.9760872273
H       12.7608930491     3.2475347349     2.8365910546
H       14.0450659243     2.7809836506     0.8913859695
H       18.3791966889     3.1375635136     1.4197645910
H       13.6928510571     1.0808127699     2.5741513197
H       18.3535015883     0.9781473010     2.4998220641
H       16.6076666915     1.1494854677     7.8199519090
H       14.3376052952     1.0385010060     6.9664677107
H       20.1841610491     2.5043297858     2.8883745218
H       16.1996254144     0.1721841085     5.6555279562
32
# Point 14 Energy = 0.0
C       20.5259649011     3.7154445030     7.3432223317
H       18.8510833705     3.6442453529     6.0294669996
C       19.2984167387     2.9997060630     6.7891518266
H       18.5505259190     2.8715384022     7.5816747030
H       20.4131641581     1.7468028552     5.4099344059
C       19.6319056441     1.6422586839     6.1731915271
H       18.7587036599     1.1894999672     5.6907393217
H       20.0027931967     0.9425755048     6.9302474787
H       21.2634290900     3.8860122201     6.5498642785
H       21.0136971032     3.1332718601     8.1308853450
H       20.2551329137     4.6900013013     7.7621952124
Si       16.8178905623     3.3865672925     4.3079738715
O       16.8667302282     4.9452361227     4.7973503580
O       18.3181886418     3.0762430257     3.8731703909
O       15.6328575104     3.1875306875     3.0811764404
O       16.4583219550     2.4308134767     5.5744833000
Si       16.4573532494     6.5339059333     4.6769722072
Si       14.1603916270     2.6045756824     2.4165025139
Si       18.8545377973     2.3256475182     2.5503475115
Si       15.8530705579     1.2584667808     6.5504772768
H       17.7595667708     6.9268920168     4.2464719202
H       15.4011342734     7.1346870757     3.6727104789
H       16.1295618979     7.1510595267     6.0283595386
H       12.7582792851     3.2376440672     2.7911927087
H       14.0672332266     2.7685400726     0.8660119573
H       18.3739937375     3.1108348114     1.4274496484
H       13.6957524059     1.0774804030     2.5500879211
H       18.3293080777     0.9636491208     2.5283477428
H       16.6392455011     1.1809464362     7.8184343025
H       14.3570748722     1.0432416101     7.0043019793
H       20.1651433643     2.4800915125     2.9074081121
H       16.2075283630     0.1878921135     5.6673617497
32
# Point 15 Energy = 0.0
C       20.5153951903     3.7239464560     7.3202837293
H       18.8388872435     3.6502886550     6.0113001755
C       19.2836671790     3.0090837274     6.7748192851
H       18.5366508722     2.8897446469     7.5694886923
H       20.3930861273     1.7422889229     5.4044321722
C       19.6107836577     1.6461540319     6.1677397923
H       18.7359039087     1.1952037239     5.6868840204
H       19.9774850046     0.9493066246     6.9294427867
H       21.2508282821     3.8864936268     6.5233458121
H       21.0038708663     3.1458825293     8.1105368447
H       20.2490727369     4.7024063129     7.7330415220
Si       16.8388906030     3.3857641368     4.2987540607
O       16.9006934022     4.9424795939     4.7937660040
O       18.3384792545     3.0731196276     3.8751089746
O       15.6487516012     3.2006604805     3.0667856460
O       16.4743217836     2.4263786303     5.5605161507
Si       16.4594899430     6.5251310691     4.7136422476
Si       14.1784104589     2.6046203022     2.3958691397
Si       18.8487146892     2.3008250459     2.5577122821
Si       15.8690076169     1.2743818333     6.5595224169
H       17.7567513265     6.9259690934     4.2919015834
H       15.3951187240     7.1626577612     3.7327079143
H       16.1324205960     7.1035007275     6.0827162708
H       12.7560961806     3.2266336860     2.7422216572
H       14.0913965004     2.7549180062     0.8388876400
H       18.3682094499     3.0827352280     1.4358936834
H       13.6990948128     1.0736106131     2.5240487995
H       18.3035127781     0.9491442289     2.5589980889
H       16.6729668081     1.2130133195     7.8159217780
H       14.3789196373     1.0473118539     7.0440965715
H       20.1446367233     2.4552499888     2.9278673997
H       16.2164666419     0.2043975163     5.6789122185
