32
# Point -15 Energy = 0.0
C       20.3414196116     4.1125657898     8.0519194581
H       19.1687261700     4.0961561285     6.1983429345
C       19.3699780972     3.4458153705     7.0670272054
H       18.4086845215     3.2071998343     7.5397435382
H       20.8897561538     2.3798550788     5.9423810872
C       20.0047733191     2.1581665724     6.5479200526
H       19.3062828743     1.5839742342     5.9264400275
H       20.3081445803     1.5210552003     7.3874928653
H       21.2815906904     4.3580757312     7.5460734931
H       20.5783401534     3.4321808963     8.8814527445
H       19.9150209653     5.0361411058     8.4574870627
Si       16.5426870716     3.1004142653     4.2370129445
O       16.7314014105     4.6271250267     4.7761364063
O       17.8331042223     2.5437540057     3.3854262344
O       15.3388528218     2.9894751154     3.1234121744
O       16.3576937353     2.1572949094     5.5553536706
Si       17.0791263917     6.2264949901     4.6158138558
Si       13.8034555438     2.8420280411     2.5351581016
Si       18.3209509212     2.0652274359     1.8784269409
Si       15.9606563352     0.6853276473     6.1799775144
H       18.3634419030     6.3910948287     3.8682557568
H       15.9911665036     6.8698044885     3.7996575728
H       17.2248865172     6.9340988971     5.9493974315
H       12.8359077026     3.6435830252     3.3324227465
H       13.6926277393     3.3262752918     1.1208948133
H       17.8768384753     3.0618685573     0.8578551862
H       13.3611651091     1.4113884386     2.5884857537
H       17.6918247941     0.7485812419     1.5470952092
H       16.8779606693     0.2018467087     7.2749605900
H       14.5611730665     0.7008050832     6.7265553237
H       19.8239555534     1.9101809542     1.7627849483
H       16.0263869764     -0.2945528944     5.0658017161
32
# Point -14 Energy = 0.0
C       20.3578683533     4.1017604408     8.0243978685
H       19.1561363671     4.0704274688     6.1932243241
C       19.3769382871     3.4225639944     7.0584416759
H       18.4253211875     3.1862530024     7.5515568652
H       20.8824140222     2.3523341122     5.9181061642
C       20.0034779427     2.1330884995     6.5335324797
H       19.2971890181     1.5595667877     5.9202951645
H       20.3159415378     1.4956322991     7.3694033197
H       21.2901441874     4.3484092820     7.5045255045
H       20.6091330362     3.4302922222     8.8565638621
H       19.9326202838     5.0264090765     8.4286395191
Si       16.5361501837     3.1027429943     4.2454492289
O       16.7081802157     4.6345619825     4.7757251371
O       17.8427863437     2.5634582753     3.4082074458
O       15.3360065934     2.9929736837     3.1282813822
O       16.3408946863     2.1655354187     5.5666566530
Si       17.0472499157     6.2349009042     4.6062249960
Si       13.8033769573     2.8462221606     2.5334587852
Si       18.3555926714     2.0833538973     1.9103360600
Si       15.9439994191     0.6950141746     6.1949660863
H       18.3391753985     6.4025791661     3.8724510133
H       15.9646142743     6.8640831681     3.7722844459
H       17.1724720398     6.9538353173     5.9357562842
H       12.8337595153     3.6473804037     3.3280053091
H       13.6986247494     3.3318166459     1.1193938926
H       17.9083619991     3.0693732558     0.8813577738
H       13.3610762102     1.4156909009     2.5839826117
H       17.7489750655     0.7565017808     1.5783861194
H       16.8484665646     0.2246116221     7.3062803041
H       14.5364670033     0.7037103694     6.7211811685
H       19.8618474241     1.9494253890     1.8120264381
H       16.0327191463     -0.2912066960     5.0880674774
32
# Point -13 Energy = 0.0
C       20.3741513696     4.0919035800     7.9956538972
H       19.1428611880     4.0445169246     6.1882123572
C       19.3836948976     3.3996533120     7.0497550909
H       18.4424436159     3.1654302411     7.5634313289
H       20.8746841374     2.3253059733     5.8937566542
C       20.0022020358     2.1084016555     6.5193790049
H       19.2882087530     1.5350994413     5.9149144472
H       20.3242225008     1.4709882159     7.3515492594
H       21.2978832278     4.3397324856     7.4611394749
H       20.6405771702     3.4298370436     8.8302271058
H       19.9499362357     5.0175921075     8.3985120425
Si       16.5297542894     3.1042692835     4.2539486352
O       16.6850228640     4.6408978259     4.7755461985
O       17.8522658612     2.5824701970     3.4313662159
O       15.3333581971     2.9966785341     3.1330803718
O       16.3240229183     2.1729226880     5.5778416946
Si       17.0155598889     6.2421196012     4.5972198045
Si       13.8035124345     2.8515361858     2.5315119608
Si       18.3902188045     2.1013044902     1.9429993709
Si       15.9270934963     0.7038767121     6.2097691887
H       18.3150644461     6.4132298764     3.8776157088
H       15.9387296547     6.8572586250     3.7455861244
H       17.1199182501     6.9718951532     5.9225665397
H       12.8321015505     3.6523378564     3.3236237208
H       13.7051505289     3.3391652294     1.1178878404
H       17.9405023687     3.0768217710     0.9056388500
H       13.3606168318     1.4212767834     2.5785421886
H       17.8061044141     0.7647062973     1.6104297712
H       16.8182939538     0.2465158513     7.3372048374
H       14.5118197405     0.7056619620     6.7154446614
H       19.8992271981     1.9883682516     1.8622919818
H       16.0387777770     -0.2884721553     5.1105190315
32
# Point -12 Energy = 0.0
C       20.4089856515     4.0756138442     7.9505024040
H       19.1331148510     4.0166043035     6.1793023545
C       19.3996614979     3.3736695861     7.0337044105
H       18.4737035584     3.1431830307     7.5752117537
H       20.8630795575     2.2927269098     5.8490776421
C       20.0023410458     2.0796718386     6.4919548678
H       19.2744884440     1.5087558111     5.9022801826
H       20.3393936153     1.4408639150     7.3168035598
H       21.3192417169     4.3226991720     7.3934889844
H       20.6966214731     3.4216880812     8.7837370441
H       19.9916789106     5.0029983244     8.3565013520
Si       16.5101961182     3.1125129380     4.2785264424
O       16.6466978393     4.6545240974     4.7890236947
O       17.8512385823     2.6088178114     3.4762678730
O       15.3358431273     2.9988793269     3.1361129511
O       16.2914505705     2.1860944295     5.6038494481
Si       16.9691429597     6.2561970494     4.6002205183
Si       13.8193944576     2.8469416697     2.5047344666
Si       18.4200964706     2.1264141119     2.0005370022
Si       15.8950324159     0.7176301188     6.2376417133
H       18.2782396627     6.4302041147     3.8990960657
H       15.9014829235     6.8554589997     3.7265964803
H       17.0479228839     6.9986728532     5.9198753108
H       12.8307077270     3.6450004342     3.2769452004
H       13.7472001678     3.3325903519     1.0892954446
H       17.9715811085     3.0901229816     0.9523069680
H       13.3817257154     1.4151064348     2.5452299960
H       17.8608960939     0.7798931874     1.6668939222
H       16.7696960870     0.2744441590     7.3832606133
H       14.4711656371     0.7095461358     6.7183049119
H       19.9313117700     2.0356532235     1.9431313357
H       16.0346479595     -0.2798772452     5.1467504459
32
# Point -11 Energy = 0.0
C       20.4137742864     4.0396375690     7.9402896296
H       19.1212270236     3.9828535075     6.1848117749
C       19.3969906984     3.3367187644     7.0333344530
H       18.4766940122     3.1114138920     7.5867638987
H       20.8469911827     2.2483090418     5.8383599691
C       19.9867717708     2.0399058033     6.4837435217
H       19.2519802309     1.4773981860     5.8945371279
H       20.3228083018     1.3943531675     7.3036523266
H       21.3204787764     4.2845489074     7.3763313636
H       20.7065508928     3.3887150323     8.7737089336
H       20.0010304686     4.9686708586     8.3471343556
Si       16.5158422599     3.1361169795     4.2710039420
O       16.6322240856     4.6838726317     4.7691233471
O       17.8702648030     2.6476221628     3.4825851993
O       15.3309558434     2.9982929428     3.1428371144
O       16.2923215232     2.2191818238     5.6022427970
Si       16.9412028619     6.2866972137     4.5675554202
Si       13.8105765629     2.8241101329     2.5277638633
Si       18.4610475107     2.1593852308     2.0176948114
Si       15.9007113832     0.7534254331     6.2453970598
H       18.2554484565     6.4670462350     3.8775667460
H       15.8763710149     6.8668762656     3.6778054417
H       16.9996778617     7.0423222651     5.8807518334
H       12.8222573711     3.6204862226     3.3016109279
H       13.7199345776     3.2938788473     1.1083269120
H       18.0079826356     3.1081231754     0.9583203458
H       13.3886094189     1.3884964955     2.5878923435
H       17.9242957613     0.8023104808     1.6906104371
H       16.7657430449     0.3287706657     7.4053569406
H       14.4712454094     0.7365063143     6.7096454181
H       19.9739000885     2.0901002559     1.9747655995
H       16.0620704812     -0.2528445045     5.1656415056
32
# Point -10 Energy = 0.0
C       20.4282747766     4.0030461166     7.9199254905
H       19.1102233759     3.9489363134     6.1872721344
C       19.3990659253     3.2996344995     7.0284182515
H       18.4874386663     3.0796138737     7.5981656403
H       20.8290939235     2.2033427011     5.8161286468
C       19.9726195581     1.9999163294     6.4682988493
H       19.2278619243     1.4461079604     5.8833748213
H       20.3113398862     1.3475661968     7.2815963470
H       21.3283754990     4.2453590067     7.3442450758
H       20.7303687660     3.3550021557     8.7518550979
H       20.0227125019     4.9339112803     8.3297076949
Si       16.5142079815     3.1610925011     4.2727466351
O       16.6099279310     4.7145425709     4.7575027254
O       17.8833077889     2.6879779716     3.5012084777
O       15.3290448517     2.9974729433     3.1488433749
O       16.2841175998     2.2527077495     5.6088517589
Si       16.9063111060     6.3180790384     4.5426648019
Si       13.8105532764     2.7991910143     2.5371633762
Si       18.4991788338     2.1941846234     2.0488890293
Si       15.8970293025     0.7891378864     6.2598697086
H       18.2268498810     6.5042848229     3.8662299780
H       15.8465265532     6.8787337777     3.6346655190
H       16.9420809809     7.0873297742     5.8486705626
H       12.8149735758     3.5927935080     3.3039018554
H       13.7134230141     3.2525060277     1.1130107379
H       18.0442001371     3.1276384224     0.9773226196
H       13.4055003069     1.3596928353     2.6136237984
H       17.9856986511     0.8268797083     1.7277532710
H       16.7503758858     0.3828952078     7.4350518131
H       14.4615451642     0.7619868020     6.7053095785
H       20.0132546585     2.1465651058     2.0235860177
H       16.0824983165     -0.2248267247     5.1913116711
32
# Point -9 Energy = 0.0
C       20.4442991678     3.9661736602     7.8966733957
H       19.0986164152     3.9148786156     6.1891431501
C       19.4014530465     3.2624666592     7.0223443968
H       18.4995566968     3.0473623989     7.6092819664
H       20.8098657708     2.1586504847     5.7911512000
C       19.9580420720     1.9600761422     6.4511136047
H       19.2027621599     1.4150171024     5.8714803425
H       20.3003155126     1.3009179469     7.2573026962
H       21.3367188570     4.2059147606     7.3079626329
H       20.7570100583     3.3208817898     8.7264103019
H       20.0466450911     4.8988273336     8.3100384057
Si       16.5113412330     3.1865600685     4.2763543250
O       16.5862216772     4.7453951719     4.7474459193
O       17.8950555468     2.7286818447     3.5226439472
O       15.3281993154     2.9966769474     3.1549759187
O       16.2742995915     2.2864396162     5.6169619347
Si       16.8702635893     6.3493830032     4.5192930264
Si       13.8129967811     2.7738096621     2.5443594286
Si       18.5367675871     2.2295227901     2.0837318607
Si       15.8916694298     0.8249756851     6.2754950894
H       18.1972264303     6.5416424800     3.8571189998
H       15.8164101833     6.8903365331     3.5927325562
H       16.8825878802     7.1320049124     5.8176899839
H       12.8086246757     3.5642927556     3.3021804603
H       13.7118966025     3.2103227211     1.1154399930
H       18.0811469072     3.1475564307     0.9996787300
H       13.4252023690     1.3306997567     2.6366996250
H       18.0464982236     0.8524626054     1.7687256651
H       16.7326639924     0.4371070870     7.4657649278
H       14.4503975935     0.7870324498     6.7016990999
H       20.0515518826     2.2033595315     2.0768670168
H       16.1016742603     -0.1961269464     5.2184047593
32
# Point -8 Energy = 0.0
C       20.4619118338     3.9292554922     7.8702341415
H       19.0864555643     3.8807831714     6.1903186258
C       19.4042602387     3.2253882850     7.0149760751
H       18.5132623467     3.0147927607     7.6199984523
H       20.7893367658     2.1144436916     5.7633250037
C       19.9431545501     1.9205683249     6.4321321475
H       19.1768121319     1.3842326447     5.8589103386
H       20.2899211612     1.2546489988     7.2307073710
H       21.3454561338     4.1664717208     7.2671493031
H       20.7866122771     3.2866206495     8.6970156978
H       20.0729091790     4.8636494674     8.2877951776
Si       16.5071762325     3.2123295666     4.2819577497
O       16.5610643521     4.7762131446     4.7391325903
O       17.9054250860     2.7695044856     3.5470714980
O       15.3284912746     2.9959395978     3.1612098980
O       16.2626972476     2.3201755942     5.6266802750
Si       16.8330724686     6.3803992241     4.4976950058
Si       13.8180548233     2.7481921266     2.5491311468
Si       18.5737187067     2.2651901743     2.1224542475
Si       15.8843673534     0.8607418141     6.2923515389
H       18.1665954669     6.5789269282     3.8505621495
H       15.7861097014     6.9015366354     3.5522590680
H       16.8211820164     7.1760687039     5.7880665421
H       12.8033719199     3.5351889109     3.2961400670
H       13.7157617990     3.1677244792     1.1154154844
H       18.1188191926     3.1677334921     1.0256496241
H       13.4476551876     1.3017819352     2.6567760211
H       18.1065242420     0.8788706478     1.8137308372
H       16.7122512862     0.4911473699     7.4976042391
H       14.4375429245     0.8115056585     6.6988174199
H       20.0886753144     2.2602079752     2.1348808754
H       16.1193318216     -0.1669316710     5.2470167482
32
# Point -7 Energy = 0.0
C       20.4810536245     3.8925081069     7.8404237849
H       19.0737830762     3.8467413115     6.1907369129
C       19.4075374415     3.1885568780     7.0062307894
H       18.5286796776     2.9820225715     7.6301935564
H       20.7675481113     2.0709217064     5.7326844488
C       19.9280482861     1.8815598175     6.4113790398
H       19.1501567851     1.3538471047     5.8457536733
H       20.2802719566     1.2089776405     7.2018385558
H       21.3544390198     4.1272692387     7.2216485253
H       20.8191350514     3.2524634685     8.6634342607
H       20.1014390372     4.8285877273     8.2627390629
Si       16.5017359813     3.2382106691     4.2895719786
O       16.5345022238     4.8067802551     4.7326338191
O       17.9144043487     2.8102134487     3.5745244484
O       15.3299656714     2.9952955322     3.1675318352
O       16.2492520374     2.3537376007     5.6380153921
Si       16.7948183544     6.4109261235     4.4780202833
Si       13.8257892059     2.7225676022     2.5514257760
Si       18.6099705662     2.3009682582     2.1651266468
Si       15.8749783874     0.8962742322     6.3104502264
H       18.1350233773     6.6159672764     3.8467551990
H       15.7557565917     6.9121943789     3.5134180693
H       16.7579399173     7.2192448188     5.7599552435
H       12.7993830912     3.5057028633     3.2857319004
H       13.7251879310     3.1251100394     1.1129240804
H       18.1572179784     3.1880175234     1.0553480391
H       13.4727156298     1.2731965616     2.6737240776
H       18.1656315980     0.9059011232     1.8628218533
H       16.6889230836     0.5448117378     7.5305993099
H       14.4228498652     0.8353155501     6.6966264107
H       20.1245429842     2.3168253988     2.1977046801
H       16.1352997084     -0.1374145651     5.2771934806
32
# Point -6 Energy = 0.0
C       20.5016403136     3.8561329136     7.8070792283
H       19.0606515575     3.8128350106     6.1903477481
C       19.4113308580     3.1521182501     6.9960359445
H       18.5459228753     2.9491632465     7.6397378647
H       20.7445461413     2.0282659621     5.6992925950
C       19.9128144655     1.8432012760     6.3888916668
H       19.1229494513     1.3239392201     5.8321007855
H       20.2714717800     1.1641016331     7.1707354146
H       21.3634963170     4.0885284731     7.1713447634
H       20.8544950389     3.2186390478     8.6254449202
H       20.1321427813     4.7938386304     8.2346445718
Si       16.4950577662     3.2640174682     4.2991894284
O       16.5065910342     4.8368880002     4.7279977763
O       17.9219928469     2.8505802231     3.6050083515
O       15.3326656180     2.9947781079     3.1739289089
O       16.2339251728     2.3869678940     5.6509613122
Si       16.7555813544     6.4407744899     4.4603945248
Si       13.8362564056     2.6971583613     2.5512150321
Si       18.6454640872     2.3366375770     2.2117893667
Si       15.8633817308     0.9314376290     6.3298046044
H       18.1025685388     6.6526095654     3.8458641682
H       15.7254746677     6.9221808066     3.4763635050
H       16.6929423347     7.2612706916     5.7334872201
H       12.7968402933     3.4760537995     3.2709371990
H       13.7403086617     3.0828727589     1.1079884681
H       18.1963367700     3.2082547026     1.0888602476
H       13.5002430375     1.2451806954     2.6874458393
H       18.2236783541     0.9333445754     1.9160222461
H       16.6624928168     0.5979405895     7.5647809057
H       14.4062130902     0.8583996012     6.6950933269
H       20.1590766733     2.3729280658     2.2653791973
H       16.1494277661     -0.1077372657     5.3089982284
32
# Point -5 Energy = 0.0
C       20.5235618679     3.8203144532     7.7700609378
H       19.0471225820     3.7791364854     6.1891119278
C       19.4156809622     3.1162054958     6.9843294058
H       18.5650926742     2.9163199797     7.6484952402
H       20.7203810048     1.9866374960     5.6632398725
C       19.8975418731     1.8056258248     6.3647191665
H       19.0953489797     1.2945738482     5.8180416141
H       20.2636103884     1.1201967936     7.1374470942
H       21.3724350017     4.0504495061     7.1161662680
H       20.8925642633     3.1853584696     8.5828465905
H       20.1649016225     4.7595838763     8.2033027088
Si       16.4871922167     3.2895705663     4.3107812512
O       16.4773954829     4.8663375816     4.7252501817
O       17.9282005531     2.8903822734     3.6385012783
O       15.3366330272     2.9944193850     3.1803896090
O       16.2166997463     2.4197301222     5.6654981580
Si       16.7154402787     6.4697687322     4.4449185780
Si       13.8495091882     2.6721787283     2.5484948002
Si       18.6801414092     2.3719792079     2.2624519039
Si       15.8494848908     0.9661241328     6.3504303144
H       18.0692800605     6.6887168197     3.8480225172
H       15.6953782413     6.9313787309     3.4412299813
H       16.6262746391     7.3018994655     5.7087686296
H       12.7959391920     3.4464596212     3.2517669867
H       13.7612239436     3.0413964730     1.1006671679
H       18.2361593437     3.2282899067     1.1262453042
H       13.5301038990     1.2179510168     2.6978725352
H       18.2805249530     0.9609865166     1.9733256025
H       16.6328089794     0.6504201190     7.6001780041
H       14.3875583189     0.8807218232     6.6941943537
H       20.1922006861     2.4282353156     2.3379072244
H       16.1615903305     -0.0780467666     5.3425101522
32
# Point -4 Energy = 0.0
C       20.5466853731     3.7852215755     7.7292507225
H       19.0332661739     3.7457090348     6.1869991388
C       19.4206231001     3.0809399243     6.9710579345
H       18.5862769830     2.8835938363     7.6563236163
H       20.6951056231     1.9461760666     5.6246393943
C       19.8823164064     1.7689495503     6.3389197555
H       19.0675178665     1.2658028069     5.8036641065
H       20.2567640594     1.0774181338     7.1020300760
H       21.3810435195     4.0132112875     7.0560810652
H       20.9331740476     3.1528170428     8.5354570823
H       20.1995730889     4.7259921577     8.1685188916
Si       16.4781998343     3.3146971127     4.3243021537
O       16.4469863732     4.8949396832     4.7243986399
O       17.9330446476     2.9294029119     3.6749585481
O       15.3419100810     2.9942504735     3.1869037615
O       16.1975787998     2.4519077620     5.6815957589
Si       16.6744703246     6.4977459249     4.4316720968
Si       13.8656008470     2.6478363179     2.5432791508
Si       18.7139433204     2.4067744613     2.3170971912
Si       15.8332228163     1.0002512222     6.3723470673
H       18.0351956640     6.7241666645     3.8533341859
H       15.6655697668     6.9396821475     3.4081363229
H       16.5580248770     7.3408993602     5.6858842512
H       12.7968894295     3.4171391652     3.2282536979
H       13.7880096840     3.0010557512     1.0910487979
H       18.2766574346     3.2479659107     1.1675391323
H       13.5621771346     1.1917059960     2.7049547588
H       18.3360319841     0.9886075874     2.0346993398
H       16.5997555766     0.7021795926     7.6368174939
H       14.3668417659     0.9022686317     6.6939188381
H       20.2238393000     2.4824691137     2.4152580443
H       16.1716846971     -0.0484752069     5.3778243451
32
# Point -3 Energy = 0.0
C       20.5708527925     3.7510071767     7.6845577044
H       19.0191588574     3.7126079370     6.1839881858
C       19.4261842236     3.0464313813     6.9561794215
H       18.6095449348     2.8510829640     7.6630774060
H       20.6687752113     1.9069992674     5.5836288534
C       19.8672184532     1.7332717767     6.3115623479
H       19.0396194248     1.2376660938     5.7890539735
H       20.2509915852     1.0359002587     7.0645510103
H       21.3890927109     3.9769704058     6.9911033622
H       20.9761113157     3.1211941464     8.4831217389
H       20.2359877712     4.6932192883     8.1301187375
Si       16.4681519321     3.3392321172     4.3396894296
O       16.4154426404     4.9225155379     4.7254312778
O       17.9365501293     2.9674324706     3.7143096452
O       15.3485383630     2.9943015665     3.1934633644
O       16.1765895181     2.4834032264     5.6992117994
Si       16.6327452881     6.5245560388     4.4207110802
Si       13.8845829531     2.6243318466     2.5356039942
Si       18.7468090412     2.4408058246     2.3756767550
Si       15.8145638866     1.0337600321     6.3955749235
H       18.0003437169     6.7588499988     3.8618686866
H       15.6361404223     6.9469966989     3.3771841255
H       16.4882879005     7.3780543824     5.6648953751
H       12.7999116700     3.3883132833     3.2004582139
H       13.8207126381     2.9622128132     1.0792553895
H       18.3177891475     3.2671236742     1.2127498540
H       13.5963541517     1.1666272216     2.7086657368
H       18.3900600172     1.0159849793     2.1000798932
H       16.5632613413     0.7531881488     7.6747176528
H       14.3440564766     0.9230453579     6.6942698600
H       20.2539169740     2.5353549448     2.4973608137
H       16.1796351116     -0.0191388599     5.4150447481
32
# Point -2 Energy = 0.0
C       20.5958849146     3.7178119477     7.6359151146
H       19.0048835403     3.6798827624     6.1800642894
C       19.4323844546     3.0127810917     6.9396611576
H       18.6349489716     2.8188867790     7.6686087060
H       20.6414470618     1.8692032243     5.5403663595
C       19.8523235814     1.6986772687     6.2827249739
H       19.0118170296     1.2101937471     5.7742951338
H       20.2463366657     0.9957608632     7.0250858317
H       21.3963399575     3.9418635019     6.9212879109
H       21.0211243834     3.0906582976     8.4257119252
H       20.2739529633     4.6614126515     8.0879444520
Si       16.4571270227     3.3630164470     4.3568679240
O       16.3828487457     4.9488946181     4.7283217895
O       17.9387465951     3.0042662033     3.7564631055
O       15.3565597771     2.9946025076     3.2000623375
O       16.1537800522     2.5141337281     5.7182954069
Si       16.5903361428     6.5500589332     4.4120727866
Si       13.9065086338     2.6018624945     2.5255205539
Si       18.7786738722     2.4738551545     2.4381149147
Si       15.7935065572     1.0666105164     6.4201353572
H       17.9647425624     6.7926663218     3.8736659253
H       15.6071688282     6.9532375640     3.3484622864
H       16.4171642137     7.4131613961     5.6458450627
H       12.8052378629     3.3602090460     3.1684616415
H       13.8593595527     2.9252216711     1.0654359974
H       18.3594970768     3.2856005845     1.2618619044
H       13.6325414797     1.1428838836     2.7089901789
H       18.4424673980     1.0428912563     2.1693759230
H       16.5232972326     0.8034479896     7.7138878575
H       14.3192287599     0.9430703913     6.6952668616
H       20.2823561581     2.5866196285     2.5841092163
H       16.1853885520     0.0098595292     5.4542824744
32
# Point -1 Energy = 0.0
C       20.6215787631     3.6857635329     7.5832900266
H       18.9905271352     3.6475790355     6.1752204292
C       19.4392328623     2.9800821407     6.9214840647
H       18.6625167356     2.7871071427     7.6727715786
H       20.6131808357     1.8328623017     5.4950347586
C       19.8376994580     1.6652369354     6.2524984823
H       18.9842707411     1.1834078776     5.7594704443
H       20.2428227266     0.9571011990     6.9837255269
H       21.4025312165     3.9080056945     6.8467402302
H       21.0679185608     3.0613658438     8.3631384996
H       20.3132484466     4.6307105279     8.0418646507
Si       16.4452131802     3.3858988583     4.3757468118
O       16.3492984584     4.9739165485     4.7330259374
O       17.9396705400     3.0397064577     3.8013004702
O       15.3660138864     2.9951824576     3.2066974164
O       16.1292252338     2.5440300957     5.7387830922
Si       16.5473152812     6.5741253401     4.4057709854
Si       13.9314261630     2.5806203516     2.5131026130
Si       18.8094705962     2.5057059056     2.5043002459
Si       15.7700867378     1.0987789343     6.4460444295
H       17.9284051083     6.8255228482     3.8887286055
H       15.5787230353     6.9583305563     3.3220431268
H       16.3447664900     7.4460319190     5.6287541360
H       12.8131046863     3.3330590533     3.1323785798
H       13.9039445450     2.8904226616     1.0497723973
H       18.4017076445     3.3032320781     1.3148275341
H       13.6706572164     1.1206332079     2.7059331825
H       18.4931118183     1.0690970465     2.2424597399
H       16.4798876690     0.8529888750     7.7543197194
H       14.2924252279     0.9623714388     6.6969430540
H       20.3090795781     2.6359937204     2.6753506934
H       16.1889200223     0.0384314139     5.4956438977
32
# Point 0 Energy = 0
C       20.6477110000     3.6549790000     7.5266840000
H       18.9761800000     3.6157410000     6.1694560000
C       19.4467280000     2.9484220000     6.9016430000
H       18.6922510000     2.7558520000     7.6754250000
H       20.5840390000     1.7980300000     5.4478400000
C       19.8234060000     1.6330100000     6.2209870000
H       18.9571360000     1.1573250000     5.7446630000
H       20.2404540000     0.9200090000     6.9405780000
H       21.4074060000     3.8754920000     6.7676150000
H       21.1161610000     3.0334640000     8.2953550000
H       20.3536290000     4.6012450000     7.9917750000
Si       16.4325060000     3.4077350000     4.3962220000
O       16.3148940000     4.9974300000     4.7394840000
O       17.9393640000     3.0735620000     3.8486780000
O       15.3769370000     2.9960700000     3.2133680000
O       16.1030250000     2.5730330000     5.7606000000
Si       16.5037570000     6.5966350000     4.4017980000
Si       13.9593780000     2.5607940000     2.4984440000
Si       18.8391290000     2.5361430000     2.5740860000
Si       15.7443760000     1.1302530000     6.4733110000
H       17.8913405600     6.8573308000     3.9070238400
H       15.5508605600     6.9622108000     3.2979838400
H       16.2712205600     7.4764908000     5.6136238400
H       12.8237502400     3.3071035200     3.0923555200
H       13.9544302400     2.8581435200     1.0324755200
H       18.4443303200     3.3198514400     1.3715668800
H       13.7106302400     1.1000235200     2.6995155200
H       18.5418503200     1.0943714400     2.3191668800
H       16.4331100800     0.9018602400     7.7959848800
H       14.2637500800     0.9809802400     6.6993448800
H       20.3340103200     2.6832114400     2.7708868800
H       16.1902300800     0.0665002400     5.5392248800
32
# Point 1 Energy = 0.0
C       20.6740536255     3.6255497604     7.4661090821
H       18.9619250378     3.5843912687     6.1627735630
C       19.4548650067     2.9178640725     6.8801364326
H       18.7241467321     2.7252116300     7.6764343137
H       20.5540766651     1.7647291091     5.3989775090
C       19.8094950701     1.6020297601     6.1882855611
H       18.9305561568     1.1319433445     5.7299432535
H       20.2392265623     0.8845415342     6.8957378704
H       21.4107035874     3.8443871787     6.6840799361
H       21.1655111764     3.0070759208     8.2223281453
H       20.3948412780     4.5731244423     7.9375812477
Si       16.4191004653     3.4284116129     4.4181918004
O       16.2797338936     5.0193178917     4.7476294045
O       17.9378713612     3.1056708752     3.8984541978
O       15.3893716067     2.9972888980     3.2200848766
O       16.0752822567     2.6011138415     5.7836708898
Si       16.4597256096     6.6175000590     4.4001276029
Si       13.9904228057     2.5425353491     2.4816579597
Si       18.8675833849     2.5649725938     2.6473247903
Si       15.7164503508     1.1610516086     6.5019402471
H       17.8535464444     6.8880279048     3.9284928323
H       15.5236218311     6.9648400527     3.2763215775
H       16.1966449732     7.5044046134     5.6004344837
H       12.8374164990     3.2825452663     3.0485536928
H       14.0107799558     2.8286497571     1.0137799660
H       18.4872742119     3.3353061079     1.4319969294
H       13.7524435345     1.0811614410     2.6897850728
H       18.5885490342     1.1185016304     2.3993318733
H       16.3830518795     0.9501457629     7.8388452395
H       14.2333103000     0.9989541304     6.7025218862
H       20.3570784795     2.7280309395     2.8705193840
H       16.1893208241     0.0940236424     5.5851137388
32
# Point 2 Energy = 0.0
C       20.7003663104     3.5975613722     7.4016075564
H       18.9478451615     3.5535536309     6.1551785892
C       19.4636308995     2.8884705180     6.8569746671
H       18.7581776562     2.6952860787     7.6756731748
H       20.5233533301     1.7329670042     5.3486590088
C       19.7960137317     1.5723230744     6.1545004301
H       18.9046707339     1.1072593171     5.7153831387
H       20.2391243005     0.8507496667     6.8493160778
H       21.4121651759     3.8147405079     6.5963419912
H       21.2156037748     2.9823208637     8.1440654347
H       20.4366135363     4.5464556231     7.8792136656
Si       16.4050964425     3.4478208660     4.4415467752
O       16.2439232034     5.0394702207     4.7573851479
O       17.9352414804     3.1358766868     3.9504685520
O       15.4033572769     2.9988619834     3.2268639171
O       16.0461169375     2.6282473306     5.8079112729
Si       16.4152878651     6.6366381835     4.4007165824
Si       14.0246143654     2.5259940474     2.4628777146
Si       18.8947669079     2.5920028904     2.7238393460
Si       15.6864084015     1.1911966939     6.5319250396
H       17.8150204157     6.9175505251     3.9530475345
H       15.4970384927     6.9661854793     3.2570801034
H       16.1211699968     7.5296505870     5.5891515695
H       12.8543436645     3.2595950069     3.0011668988
H       14.0729314927     2.8021936364     0.9939468114
H       18.5304348753     3.3494421676     1.4960070197
H       13.7960913815     1.0641505675     2.6768046809
H       18.6330759171     1.1412751353     2.4827562517
H       16.3298375412     0.9979330400     7.8828402046
H       14.2012345744     1.0163480814     6.7065274318
H       20.3782168657     2.7702144738     2.9740112982
H       16.1862078908     0.1209667401     5.6333774732
32
# Point 3 Energy = 0.0
C       20.7263835086     3.5711046891     7.3332921756
H       18.9340323735     3.5232792678     6.1466856466
C       19.4729932418     2.8603215056     6.8321979955
H       18.7942688380     2.6662115617     7.6730330093
H       20.4919438139     1.7027441523     5.2971511107
C       19.7829998228     1.5439255641     6.1197777522
H       18.8796150611     1.0832851009     5.7010713286
H       20.2401006008     0.8186940223     6.8014805466
H       21.4115389145     3.7865907005     6.5046973846
H       21.2660203953     2.9593228370     8.0606682393
H       20.4786390977     4.5213572582     7.8166618927
Si       16.3906071296     3.4658402991     4.4661499637
O       16.2075885954     5.0577634569     4.7686505969
O       17.9315331258     3.1640117697     4.0045064780
O       15.4189135038     3.0008143214     3.2337158642
O       16.0156942721     2.6543885455     5.8332120404
Si       16.3705299674     6.6539521829     4.4034950957
Si       14.0619643149     2.5113459094     2.4422622108
Si       18.9206077331     2.6170314568     2.8033761126
Si       15.6544128755     1.2206884739     6.5632331532
H       17.7757762474     6.9458104215     3.9805512073
H       15.4711418531     6.9662048448     3.2402670836
H       16.0449655552     7.5520938428     5.5797221299
H       12.8747483704     3.2385119225     2.9504524463
H       14.1407419937     2.7790521934     0.9732682310
H       18.5736777941     3.3620935496     1.5634162906
H       13.8415254400     1.0491226789     2.6606495317
H       18.6752971452     1.1624677046     2.5691611474
H       16.2736889811     1.0452881966     7.9278669382
H       14.1677159149     1.0331861692     6.7114247758
H       20.3973601217     2.8095172008     3.0810277371
H       16.1809539979     0.1472802000     5.6840392440
32
# Point 4 Energy = 0.0
C       20.7518317389     3.5462561474     7.2613263924
H       18.9205772164     3.4936267124     6.1373172528
C       19.4829067401     2.8334943637     6.8058686290
H       18.8323120581     2.6381341142     7.6684271344
H       20.4599280206     1.6740425639     5.2447426070
C       19.7704802949     1.5168654427     6.0842820590
H       18.8555104056     1.0600358805     5.6870998905
H       20.2420871862     0.7884243479     6.7524270984
H       21.4085893205     3.7599518788     6.4094992248
H       21.3163214764     2.9381891702     7.9723072044
H       20.5205949861     4.4979372175     7.7499636034
Si       16.3757507641     3.4823598463     4.4918504882
O       16.1708660554     5.0740890490     4.7813078433
O       17.9268124938     3.1899242349     4.0603246887
O       15.4360461709     3.0031681494     3.2406535061
O       15.9842040923     2.6794964427     5.8594495566
Si       16.3255457751     6.6693567937     4.4083668800
Si       14.1024585593     2.4987553382     2.4199955194
Si       18.9450382720     2.6398697458     2.8856375377
Si       15.6206631496     1.2495273784     6.5958106831
H       17.7358366647     6.9727206400     4.0108254453
H       15.4459561173     6.9648663978     3.2258658830
H       15.9682207337     7.5716200546     5.5720708616
H       12.8988188026     3.2195532951     2.8967150737
H       14.2140119904     2.7594710066     0.9520594705
H       18.6168556631     3.3731023171     1.6339991572
H       13.8886942788     1.0362001438     2.6414217228
H       18.7150901617     1.1818673715     2.6582215757
H       16.2148874678     1.0922730391     7.9737917720
H       14.1329800248     1.0494846984     6.7172768477
H       20.4144534624     2.8457137649     3.1911791623
H       16.1736504564     0.1729244537     5.7370805892
32
# Point 5 Energy = 0.0
C       20.7764361903     3.5230751681     7.1859248161
H       18.9075674962     3.4646635375     6.1271039666
C       19.4933142815     2.8080630378     6.7780710799
H       18.8721668462     2.6112080066     7.6617946920
H       20.4273908328     1.6468271010     5.1917403545
C       19.7584709575     1.4911641663     6.0481948927
H       18.8324612110     1.0375317922     5.6735637142
H       20.2449953278     0.7599790530     6.7023786028
H       21.4031050731     3.7348122306     6.3111540716
H       21.3660560271     2.9190060225     7.8792240319
H       20.5621485210     4.4762889369     7.6792077156
Si       16.3606484299     3.4972842232     4.5184850297
O       16.1338989937     5.0883560480     4.7952226418
O       17.9211528137     3.2134820011     4.1176537816
O       15.4547451501     3.0059418317     3.2476910870
O       15.9518571139     2.7035335846     5.8864867053
Si       16.2804365959     6.6827806620     4.4152095898
Si       14.1460531141     2.4883709833     2.3962852794
Si       18.9679978451     2.6603484083     2.9702846943
Si       15.5853914699     1.2777123776     6.6295804829
H       17.6952356314     6.9981967228     4.0436521328
H       15.4214990950     6.9621496973     3.2138336283
H       15.8911418887     7.5881387022     5.5661005729
H       12.9267059971     3.2029681808     2.8403055363
H       14.2924828310     2.7436567250     0.9306530518
H       18.6598115287     3.3823232465     1.7074860426
H       13.9375404746     1.0254935971     2.6192518381
H       18.7523482408     1.1992801096     2.7495694349
H       16.1537688613     1.1389402768     8.0204516543
H       14.0972795990     1.0652508055     6.7241418261
H       20.4294557331     2.8786050949     3.3040255226
H       16.1644164286     0.1978696691     5.7924368894
32
# Point 6 Energy = 0.0
C       20.7999280573     3.5016010477     7.1073517030
H       18.8950868555     3.4364673566     6.1160843346
C       19.5041484312     2.7840968333     6.7489115752
H       18.9136627765     2.5855926353     7.6531037250
H       20.3944214679     1.6210472276     5.1384635752
C       19.7469763205     1.4668368132     6.0117120541
H       18.8105523352     1.0157994850     5.6605590680
H       20.2487175920     0.7333842511     6.6515821021
H       21.3949066013     3.7111329824     6.2101161513
H       21.4147727031     2.9018330911     7.7817303675
H       20.6029652103     4.4564869194     7.6045361909
Si       16.3454215664     3.5105356351     4.5458798663
O       16.0968356443     5.1004940075     4.8102458726
O       17.9146336871     3.2345771922     4.1762022408
O       15.4749824368     3.0091487595     3.2548436372
O       15.9188800931     2.7264666201     5.9141746139
Si       16.2353102130     6.6941687470     4.4238759099
Si       14.1926709423     2.4803206996     2.3713601560
Si       18.9894355076     2.6783230632     3.0569421315
Si       15.5488578447     1.3052401841     6.6644417688
H       17.6540198531     7.0221589447     4.0787769789
H       15.3977828938     6.9580466154     3.2040998072
H       15.8139492328     7.6015865375     5.5616930987
H       12.9585157445     3.1889896403     2.7816169518
H       14.3758363934     2.7317691027     0.9093917265
H       18.7023828553     3.3896288984     1.7835661539
H       13.9879982373     1.0170988435     2.5943001791
H       18.7869852002     1.2145359646     2.8427990282
H       16.0907163413     1.1853300630     8.0676573321
H       14.0608875176     1.0804820830     6.7320687016
H       20.4423423303     2.9080256798     3.4190832342
H       16.1533977142     0.2220960761     5.8499951237
32
# Point 7 Energy = 0.0
C       20.8220523811     3.4818500435     7.0259165945
H       18.8832133086     3.4091260469     6.1043044345
C       19.5153335893     2.7616587210     6.7185160977
H       18.9566035410     2.5614482289     7.6423528702
H       20.3611121851     1.5966393249     5.0852364673
C       19.7359897285     1.4438923522     5.9750393478
H       18.7898466444     0.9948731642     5.6481814455
H       20.2531304503     0.7086527068     6.6003036766
H       21.3838528286     3.6888483214     6.1068784631
H       21.4620320130     2.8866985370     7.6802026810
H       20.6427177934     4.4385821206     7.5261432455
Si       16.3301891027     3.5220562538     4.5738538056
O       16.0598256660     5.1104555549     4.8262159479
O       17.9073399243     3.2531301502     4.2356622452
O       15.4967112589     3.0127963671     3.2621262395
O       15.8855096796     2.7482672180     5.9423553589
Si       16.1902789849     6.7034845963     4.4341960104
Si       14.2422006952     2.4747066113     2.3454657582
Si       19.0093126220     2.6936796891     3.1452054566
Si       15.5113432371     1.3321051706     6.7002713849
H       17.6122491390     7.0445351050     4.1159152271
H       15.3748145198     6.9525621532     3.1965661169
H       15.7368717737     7.6119305215     5.5587112177
H       12.9943023510     3.1778264752     2.7210779700
H       14.4636985352     2.7239140018     0.8886200963
H       18.7444062589     3.3949144890     1.8618929805
H       14.0399920131     1.0110935972     2.5667564493
H       18.8189396074     1.2274948374     2.9374755287
H       16.0261501089     1.2314679247     8.1151985331
H       14.0240887588     1.0951671208     6.7410934106
H       20.4531074737     2.9338502587     3.5358355231
H       16.1407644264     0.2455943367     5.9095947758
32
# Point 8 Energy = 0.0
C       20.8425757262     3.4638123773     6.9419675688
H       18.8720177455     3.3827367987     6.0918175635
C       19.5267882469     2.7408030061     6.6870277839
H       19.0007721136     2.5389299258     7.6295718018
H       20.3275561836     1.5735296307     5.0323798516
C       19.7254931933     1.4223337166     5.9383872371
H       18.7703823887     0.9747951088     5.6365225490
H       20.2580966662     0.6857824886     6.5488214471
H       21.3698460299     3.6678659414     6.0019614529
H       21.5074186098     2.8735937939     7.5750730144
H       20.6810965058     4.4225970258     7.4442726092
Si       16.3150647101     3.5318109587     4.6022216354
O       16.0230164171     5.1182191662     4.8429618106
O       17.8993602377     3.2690934320     4.2957166794
O       15.5198662549     3.0168851865     3.2695532331
O       15.8519858402     2.7689137458     5.9708652893
Si       16.1454573279     6.7107131246     4.4459810708
Si       14.2944971894     2.4715995964     2.3188594828
Si       19.0276050724     2.7063399073     3.2346510263
Si       15.4731421847     1.3583001515     6.7369263548
H       17.5699956225     7.0652645156     4.1547591383
H       15.3525966022     6.9457158382     3.1911075859
H       15.6601411376     7.6191708040     5.5570012046
H       13.0340643155     3.1696535320     2.6591432926
H       14.5556459052     2.7201364215     0.8686752784
H       18.7857227246     3.3981028601     1.9420923502
H       14.0934356283     1.0075333450     2.5368388604
H       18.8481779754     1.2380521399     3.0331454157
H       15.9605153739     1.2773641019     8.1628504859
H       13.9871724482     1.1092869652     6.7512355387
H       20.4617657895     2.9560001355     3.6537453195
H       16.1267084332     0.2683662581     5.9710314279
32
# Point 9 Energy = 0.0
C       20.8612933064     3.4474540371     6.8558791796
H       18.8615627142     3.3574052950     6.0786809941
C       19.5384295224     2.7215748788     6.6545998686
H       19.0459402057     2.5181852400     7.6148179261
H       20.2938456358     1.5516367614     4.9802014157
C       19.7154604193     1.4021583934     5.9019642114
H       18.7521753952     0.9556146291     5.6256691138
H       20.2634729618     0.6647580990     6.4974168449
H       21.3528356470     3.6480719322     5.8958969829
H       21.5505540051     2.8624754596     7.4668155635
H       20.7178158013     4.4085258735     7.3592071412
Si       16.3001528095     3.5397851438     4.6307995566
O       15.9865479040     5.1237865483     4.8603082759
O       17.8907840572     3.2824503522     4.3560488785
O       15.5443654908     3.0214092398     3.2771378096
O       15.8185425183     2.7883905399     5.9995402668
Si       16.1009577644     6.7158580098     4.4590295279
Si       14.3493867723     2.4710411465     2.2918026179
Si       19.0443038468     2.7162606922     3.3248489178
Si       15.4345507493     1.3838162945     6.7742498260
H       17.5273413115     7.0842971461     4.1949882962
H       15.3311270917     6.9375381263     3.1875765346
H       15.5839837237     7.6233374385     5.5563982657
H       13.0777469854     3.1646116386     2.5962801615
H       14.6512195039     2.7204253828     0.8498781606
H       18.8261819545     3.3991444770     2.0237731436
H       14.1482353251     1.0064534294     2.5047853642
H       18.8746965106     1.2461390632     3.1293512542
H       15.8942646741     1.3230142461     8.2103831939
H       13.9504194172     1.1228165228     6.7624980877
H       20.4683515273     2.9744430451     3.7722717089
H       16.1114350483     0.2904229181     6.0340662699
32
# Point 10 Energy = 0.0
C       20.8780340629     3.4327143823     6.7680436993
H       18.8519006073     3.3332424305     6.0649566309
C       19.5501744090     2.7040073547     6.6213932394
H       19.0918733562     2.4993457925     7.5981748270
H       20.2600684325     1.5308758239     4.9289881523
C       19.7058556480     1.3833583773     5.8659711202
H       18.7352162317     0.9373876719     5.6156989980
H       20.2691107536     0.6455490749     6.4463662675
H       21.3328179146     3.6293328090     5.7892159815
H       21.5911055520     2.8532610030     7.3559325550
H       20.7526243759     4.3963302099     7.2712641833
Si       16.2855473085     3.5459879122     4.6594082155
O       15.9505500416     5.1271856789     4.8780790397
O       17.8817007620     3.2932182576     4.4163494963
O       15.5701123578     3.0263553557     3.2848912437
O       15.7854026725     2.8066906515     6.0282186791
Si       16.0568885812     6.7189453176     4.4731315471
Si       14.4066699739     2.4730373391     2.2645552060
Si       19.0594162616     2.7234383616     3.4153734860
Si       15.3958608167     1.4086450976     6.8120743759
H       17.4843760044     7.1015995323     4.2362782723
H       15.3104006962     6.9280732925     3.1858058017
H       15.5086148214     7.6244931044     5.5567295463
H       13.1252418844     3.1627963644     2.5329575250
H       14.7499345623     2.7247075825     0.8325248231
H       18.8656476004     3.3980218050     2.1065376433
H       14.2042890978     1.0078636608     2.4708534421
H       18.8985213598     1.2517268914     3.2256424359
H       15.8278466833     1.3684007242     8.2575677974
H       13.9140975052     1.1357271453     6.7748651848
H       20.4729187713     2.9891970398     3.8908836282
H       16.0951614939     0.3117859556     6.0984323161
32
# Point 11 Energy = 0.0
C       20.8926642024     3.4195091953     6.6788575715
H       18.8430726623     3.3103613765     6.0507086675
C       19.5619432593     2.6881207514     6.5875699331
H       19.1383400078     2.4825240077     7.5797469879
H       20.2263054231     1.5111613869     4.8789987563
C       19.6966358883     1.3659206807     5.8305952888
H       18.7194726915     0.9201747925     5.6066800601
H       20.2748620481     0.6281114954     6.3959324510
H       21.3098336265     3.6115015157     5.6824325244
H       21.6287941883     2.8458327004     7.2429368112
H       20.7853104025     4.3859407810     7.1807829261
Si       16.2713292550     3.5504496093     4.6878775529
O       15.9151389629     5.1284677899     4.8961018164
O       17.8721970737     3.3014456265     4.4763253460
O       15.5969993504     3.0317039813     3.2928226961
O       15.7527711877     2.8238155956     6.0567461997
Si       16.0133503332     6.7200210330     4.4880757966
Si       14.4661293125     2.4775613945     2.2373685947
Si       19.0729651231     2.7279061471     3.5058159109
Si       15.3573503131     1.4327790576     6.8502285425
H       17.4411936453     7.1171547121     4.2783111204
H       15.2904090407     6.9173768178     3.1856146465
H       15.4342319192     7.6227290042     5.5578197107
H       13.1763940621     3.1642584549     2.4696321026
H       14.8512968412     2.7328544873     0.8168797811
H       18.9040005523     3.3947478068     2.1899935319
H       14.2614902210     1.0117501354     2.4353114015
H       18.9197070377     1.2548249742     3.3215886771
H       15.7616906786     1.4134949657     8.3041849759
H       13.8784529197     1.1479886987     6.7883035460
H       20.4755389915     3.0003271445     4.0090753742
H       16.0781093790     0.3324858799     6.1638460587
32
# Point 12 Energy = 0.0
C       20.9050882797     3.4077340335     6.5887093274
H       18.8351080280     3.2888738725     6.0360020955
C       19.5736621144     2.6739222367     6.5532879138
H       19.1851189075     2.4678098701     7.5596543408
H       20.1926277779     1.4924103370     4.8304584124
C       19.6877525343     1.3498277849     5.7960060105
H       18.7048923022     0.9040388952     5.5986693374
H       20.2805837533     0.6123895823     6.3463573459
H       21.2839631759     3.5944232724     5.5760305022
H       21.6633984887     2.8400421810     7.1283352305
H       20.8157048941     4.3772600811     7.0881127416
Si       16.2575657641     3.5532196088     4.7160504925
O       15.8804147098     5.1277045853     4.9142125182
O       17.8623552244     3.3072088424     4.5357063141
O       15.6249120181     3.0374301133     3.3009391431
O       15.7208300600     2.8397752933     6.0849794181
Si       15.9704333076     6.7191489864     4.5036554168
Si       14.5275368077     2.4845562493     2.2104795632
Si       19.0849874284     2.7297310386     3.5957945010
Si       15.3192760744     1.4562124832     6.8885423740
H       17.3978889032     7.1309625560     4.3207843139
H       15.2711412310     6.9055136208     3.1868146762
H       15.3610098086     7.6181608753     5.5594957636
H       13.2310103234     3.1690044905     2.4067368022
H       14.9548172573     2.7446894819     0.8031713383
H       18.9411413955     3.3893639556     2.2737645153
H       14.3197302432     1.0180767715     2.3984313634
H       18.9383334976     1.2554778859     3.4167907843
H       15.6961945000     1.4582600056     8.3500314201
H       13.8437047824     1.1595715770     6.8027642371
H       20.4762982624     3.0079407956     4.1263791489
H       16.0604987447     0.3525606369     6.2300179977
32
# Point 13 Energy = 0.0
C       20.9152480215     3.3972685296     6.4979687857
H       18.8280232239     3.2688863326     6.0209013919
C       19.5852644200     2.6614060214     6.5186965404
H       19.2320053505     2.4552690900     7.5380264804
H       20.1590948875     1.4745441450     4.7835559170
C       19.6791531076     1.3350581445     5.7623515098
H       18.6914057432     0.8890427332     5.5917131058
H       20.2861414680     0.5983178373     6.2978568239
H       21.2553196215     3.5779414128     5.4704527788
H       21.6947552854     2.8357165789     7.0126138408
H       20.8436824132     4.3701664129     6.9936017201
Si       16.2443097643     3.5543634084     4.7437857839
O       15.8464599833     5.1249847406     4.9322587495
O       17.8522515134     3.3106078494     4.5942505835
O       15.6537330105     3.0435045158     3.3092455144
O       15.6897352772     2.8545875577     6.1127886428
Si       15.9282157523     6.7164081006     4.5196732711
Si       14.5906615214     2.4939385495     2.1841057099
Si       19.0955324536     2.7290091626     3.6849627412
Si       15.2818685146     1.4789420406     6.9268523286
H       17.3545540043     7.1430391841     4.3634180499
H       15.2525844533     6.8925560258     3.1892157266
H       15.2890973608     7.6109241757     5.5615913518
H       13.2888688223     3.1769998980     2.3446713639
H       15.0600251107     2.7599969472     0.7915892503
H       18.9769916395     3.3819369488     2.3574992376
H       14.3789020515     1.0267878979     2.3604825349
H       18.9545021269     1.2537610336     3.5108888883
H       15.6317153562     1.5026530357     8.3949246888
H       13.8100417031     1.1704483648     6.8181851563
H       20.4752939999     3.0121814335     4.2423745794
H       16.0425426383     0.3720538913     6.2966623128
32
# Point 14 Energy = 0.0
C       20.9231192293     3.3879810936     6.4069782741
H       18.8218220841     3.2504960637     6.0054694396
C       19.5966920589     2.6505540920     6.4839330143
H       19.2788158541     2.4449426830     7.5149970246
H       20.1257529843     1.4574903555     4.7384431280
C       19.6707830008     1.3215866677     5.7297574536
H       18.6789308428     0.8752463960     5.5858476754
H       20.2914124926     0.5858234500     6.2506174576
H       21.2240405721     3.5619025682     5.3660934486
H       21.7227571554     2.8326655099     6.8962254737
H       20.8691593560     4.3645188956     6.8975863267
Si       16.2316004724     3.5539593737     4.7709598665
O       15.8133399143     5.1204100812     4.9501023899
O       17.8419553291     3.3117612568     4.6517479455
O       15.6833458534     3.0498950857     3.3177449988
O       15.6596154359     2.8682772338     6.1400597621
Si       15.8867629118     6.7118892869     4.5359461036
Si       14.6552764737     2.5056035414     2.1584423301
Si       19.1046594866     2.7258603533     3.7730147129
Si       15.2453283162     1.5009670241     6.9650052132
H       17.3112760556     7.1534156532     4.4059604975
H       15.2347245506     6.8785816598     3.1926311688
H       15.2186160164     7.6011689767     5.5639502135
H       13.3497290233     3.1881737463     2.2837957207
H       15.1664789769     2.7785322489     0.7822845838
H       19.0114937748     3.3725546256     2.4408779772
H       14.4389027030     1.0378115431     2.3217253327
H       18.9683311966     1.2497753611     3.6035677895
H       15.5685638937     1.5466277566     8.4387062988
H       13.7776203999     1.1805950633     6.8344939283
H       20.4726315639     3.0132211611     4.3566948219
H       16.0244426215     0.3910131920     6.3635049886
32
# Point 15 Energy = 0.0
C       20.9287075259     3.3797356549     6.3160473308
H       18.8164958345     3.2337887079     5.9897666203
C       19.6078957902     2.6413384260     6.4491198990
H       19.3253909093     2.4368484346     7.4906986719
H       20.0926357748     1.4411849215     4.6952367717
C       19.6625882893     1.3093863903     5.6983270464
H       18.6673783929     0.8627057063     5.5811007070
H       20.2962895543     0.5748302935     6.2047956457
H       21.1902807583     3.5461636352     5.2632941968
H       21.7473481951     2.8306906296     6.7795826278
H       20.8920892504     4.3601646580     6.8003841702
Si       16.2194646290     3.5520951514     4.7974672329
O       15.7811033814     5.1140913588     4.9676213896
O       17.8315284899     3.3107992727     4.7080205374
O       15.7136376673     3.0565683373     3.3264389884
O       15.6305719283     2.8808747120     6.1666945544
Si       15.8461279324     6.7056919129     4.5523081925
Si       14.7211632029     2.5194308762     2.1336605812
Si       19.1124347250     2.7204194010     3.8596870625
Si       15.2098246844     1.5222889623     7.0028601711
H       17.2681362685     7.1621356723     4.4481915081
H       15.2175475743     6.8636716970     3.1968831864
H       15.1496612741     7.5890541819     5.5664299307
H       13.4133397027     3.2024254458     2.2244264497
H       15.2737729651     2.8000323448     0.7753707426
H       19.0446104133     3.3613191797     2.5236159985
H       14.4996346038     1.0510636906     2.2824066861
H       18.9799488052     1.2436389176     3.6945589104
H       15.5070011630     1.5901355311     8.4812423376
H       13.7465655572     1.1899919393     6.8516100823
H       20.4684206154     3.0112482564     4.4690282940
H       16.0063847419     0.4094877012     6.4302888359
