32
# Point -15 Energy = 0.0
C       20.4907543028     3.4987433566     7.4394711195
H       18.8795806117     3.2947852869     6.1260923206
C       19.5044301827     3.0316137081     6.9843647329
H       18.6534173449     2.4032574809     7.2774707173
H       20.4476900677     2.1506752309     5.6811762444
C       19.7104863614     1.4335926424     6.0129689104
H       18.6847643191     1.4923443475     5.7172540094
H       20.2127090801     1.3576822933     6.9643625294
H       21.4289847494     4.0440434627     7.2163812148
H       21.2597207790     3.5246206757     8.2408119861
H       20.9743435110     4.2594995819     8.0973275885
Si       16.4363073899     3.3796981601     4.3937088000
O       16.3321374225     4.9748986745     4.7407738932
O       17.9386903879     3.0353223719     3.8384179628
O       15.3713710600     2.9822170791     3.2097563789
O       16.1002050861     2.5466152563     5.7552711025
Si       16.5340911904     6.5689438268     4.4066334327
Si       13.9508092842     2.5616991766     2.4986715585
Si       18.8289731500     2.4939014362     2.5653696304
Si       15.7324042359     1.1050123746     6.4644742102
H       17.9232633214     6.8195881928     3.9099556870
H       15.5826291571     6.9467779123     3.3057802994
H       16.3119768768     7.4483927460     5.6213849145
H       12.8225643107     3.3163146225     3.0967032712
H       13.9446516361     2.8627864817     1.0331288751
H       18.4402761710     3.2835668458     1.3640475181
H       13.6890503387     1.1025318953     2.6961434812
H       18.5193477155     1.0547895043     2.3055934704
H       16.4204309066     0.8662479465     7.7853595983
H       14.2496208885     0.9675678357     6.6934264001
H       20.3266924834     2.6260967710     2.7581263725
H       16.1656062778     0.0394748233     5.5267571301
32
# Point -14 Energy = 0.0
C       20.5054368991     3.5004001196     7.4396866848
H       18.8848398793     3.3050006930     6.1171370707
C       19.5017032314     3.0213010301     6.9748983070
H       18.6509990848     2.4112273784     7.3051791955
H       20.4571445412     2.1495942980     5.6719013269
C       19.7220191817     1.4393667275     6.0258777275
H       18.6933337051     1.4924820405     5.7326552021
H       20.2127152591     1.3501529340     6.9833976659
H       21.4406221266     4.0348012465     7.1836851942
H       21.2577327424     3.4896462443     8.2554944920
H       20.9382527106     4.2872543782     8.0997985298
Si       16.4355470142     3.3801113270     4.3921263703
O       16.3315335795     4.9747990750     4.7399416516
O       17.9376946635     3.0359839632     3.8361653108
O       15.3702766801     2.9829371699     3.2086811383
O       16.1003262317     2.5463052540     5.7536093684
Si       16.5332297366     6.5692830730     4.4063706044
Si       13.9492422533     2.5625971994     2.4979867927
Si       18.8275029869     2.4951297323     2.5621110392
Si       15.7328387199     1.1044028803     6.4624474971
H       17.9221062524     6.8201665634     3.9090650284
H       15.5811492853     6.9474416997     3.3061593181
H       16.3116675898     7.4481652609     5.6215878536
H       12.8212732282     3.3168938089     3.0969036175
H       13.9423955841     2.8643074207     1.0325980737
H       18.4380097671     3.2853060523     1.3614305164
H       13.6877153103     1.1033379444     2.6949970613
H       18.5178038720     1.0561463044     2.3020102458
H       16.4216406241     0.8652051708     7.7828719995
H       14.2502713241     0.9668106820     6.6920778268
H       20.3252310922     2.6274475895     2.7542364014
H       16.1657254436     0.0392967386     5.5240762480
32
# Point -13 Energy = 0.0
C       20.5197718938     3.5026989178     7.4404292883
H       18.8902665089     3.3163052968     6.1092891039
C       19.4989478796     3.0111591634     6.9657851609
H       18.6491856831     2.4211420473     7.3328877548
H       20.4663157220     2.1480555599     5.6622898674
C       19.7330668027     1.4457825797     6.0386694066
H       18.7016716781     1.4914681298     5.7469021666
H       20.2124313789     1.3413644915     7.0016551211
H       21.4511804979     4.0250274933     7.1512234674
H       21.2551680911     3.4544684550     8.2686541699
H       20.9012712498     4.3141245172     8.1000508765
Si       16.4349244809     3.3805369132     4.3907347283
O       16.3310046895     4.9747131722     4.7392735241
O       17.9368758238     3.0366889810     3.8341906595
O       15.3693923504     2.9836232994     3.2077475540
O       16.1005363884     2.5460143080     5.7521295485
Si       16.5324170245     6.5696370956     4.4062627242
Si       13.9479336795     2.5634115890     2.4973767182
Si       18.8262927730     2.4964076258     2.5591869082
Si       15.7333650082     1.1038106243     6.4605999934
H       17.9210175263     6.8207922818     3.9084014939
H       15.5797674366     6.9480792359     3.3066372862
H       16.3113170162     7.4479618732     5.6219219431
H       12.8201891552     3.3173658391     3.0971098884
H       13.9404649964     2.8657240869     1.0321379668
H       18.4360492714     3.2870683074     1.3591166243
H       13.6866691512     1.1040559954     2.6939319518
H       18.5165710105     1.0575413458     2.2987640047
H       16.4228785431     0.8642148562     7.7806024710
H       14.2510055499     0.9660315137     6.6908311317
H       20.3240154362     2.6288891588     2.7507614349
H       16.1660159029     0.0391372459     5.5216104218
32
# Point -12 Energy = 0.0
C       20.5337074429     3.5057457540     7.4417240343
H       18.8958561112     3.3287834439     6.1026432930
C       19.4961355865     3.0012564232     6.9570528570
H       18.6480088416     2.4330386359     7.3605344302
H       20.4753593233     2.1457854861     5.6521953545
C       19.7436610296     1.4528779637     6.0514110400
H       18.7098913057     1.4888837927     5.7598315452
H       20.2119945006     1.3310062858     7.0190356764
H       21.4605390008     4.0147797508     7.1189942427
H       21.2519899799     3.4191872812     8.2802665478
H       20.8634629190     4.3400962010     8.0982418852
Si       16.4344225332     3.3810043619     4.3895392233
O       16.3305227122     4.9746729813     4.7387601363
O       17.9362219200     3.0374699993     3.8325114701
O       15.3687100606     2.9842886917     3.2069579475
O       16.1008145887     2.5457821877     5.7508425169
Si       16.5316183131     6.5700360436     4.4062874354
Si       13.9468820812     2.5641415921     2.4968386490
Si       18.8253413258     2.4977611151     2.5566247882
Si       15.7339656804     1.1032796837     6.4589531767
H       17.9199641444     6.8214985143     3.9079488828
H       15.5784533927     6.9487057672     3.3071825920
H       16.3108782681     7.4478223784     5.6223558000
H       12.8193027923     3.3177292446     3.0973059125
H       13.9388656029     2.8670226702     1.0317430175
H       18.4343963714     3.2888668374     1.3571238674
H       13.6859171372     1.1046856262     2.6929568403
H       18.5156573396     1.0589966303     2.2958931596
H       16.4241206055     0.8633365309     7.7785789433
H       14.2518054045     0.9652685042     6.6897000337
H       20.3230425354     2.6304572311     2.7477369275
H       16.1664717500     0.0390343901     5.5193931336
32
# Point -11 Energy = 0.0
C       20.5471830274     3.5096717473     7.4436140496
H       18.9016056060     3.3425461867     6.0973098847
C       19.4932322908     2.9916886657     6.9487406710
H       18.6474930171     2.4469772183     7.3880696026
H       20.4844643908     2.1423923625     5.6414054667
C       19.7538177484     1.4607234074     6.0641764318
H       18.7181427343     1.4841865394     5.7712050587
H       20.2115774256     1.3186371979     7.0353653057
H       21.4685607755     4.0041280114     7.0870162808
H       21.2481361994     3.3839242436     8.2903228965
H       20.8248777111     4.3651882301     8.0945498593
Si       16.4340219381     3.3815531832     4.3885492832
O       16.3300527426     4.9747216520     4.7383899568
O       17.9357209949     3.0383715079     3.8311534682
O       15.3682231517     2.9849493504     3.2063181742
O       16.1011374951     2.5456630188     5.7497657886
Si       16.5307883949     6.5705204813     4.4064145309
Si       13.9460898175     2.5647827820     2.4963722869
Si       18.8246513385     2.4992255995     2.5544642401
Si       15.7346234140     1.1028702019     6.4575399497
H       17.9189029247     6.8223306075     3.9076848487
H       15.5771675823     6.9493402748     3.3077524911
H       16.3102893312     7.4478010277     5.6228464492
H       12.8186055349     3.3179781999     3.0974728860
H       13.9376089827     2.8681801089     1.0314088903
H       18.4330568338     3.2907186944     1.3554785034
H       13.6854718800     1.1052227890     2.6920878519
H       18.5150792579     1.0605417474     2.2934529995
H       16.4253409493     0.8626526158     7.7768430279
H       14.2526527558     0.9645728660     6.6887073597
H       20.3223125534     2.6322016323     2.7452127116
H       16.1670918004     0.0390398489     5.5174741547
32
# Point -10 Energy = 0.0
C       20.5601233307     3.5146495642     7.4461688314
H       18.9075084022     3.3577431551     6.0934220008
C       19.4901936301     2.9825941273     6.9409071313
H       18.6476505180     2.4630549721     7.4154629349
H       20.4938722078     2.1372885265     5.6296102040
C       19.7635320669     1.4694355857     6.0770547365
H       18.7266478324     1.4766321852     5.7806727181
H       20.2114112427     1.3036116674     7.0503497960
H       21.4750841210     3.9931714025     7.0553365101
H       21.2435093665     3.3488396085     8.2988379499
H       20.7855438320     4.3894701159     8.0891805697
Si       16.4336995380     3.3822390211     4.3877808261
O       16.3295484186     4.9749200502     4.7381485795
O       17.9353603622     3.0394569772     3.8301557769
O       15.3679265515     2.9856264673     3.2058393101
O       16.1014767026     2.5457334570     5.7489270520
Si       16.5298652900     6.5711476177     4.4066025064
Si       13.9455648896     2.5653262015     2.4959802298
Si       18.8242311610     2.5008517516     2.5527642086
Si       15.7353192670     1.1026673918     6.4564103797
H       17.9177745382     6.8233532655     3.9075788960
H       15.5758557900     6.9500083482     3.3082876275
H       16.3094638837     7.4479747389     5.6233339265
H       12.8180894252     3.3181012630     3.0975869095
H       13.9367159840     2.8691604738     1.0311323731
H       18.4320428722     3.2926478483     1.3542203612
H       13.6853568400     1.1056589700     2.6913514424
H       18.5148654512     1.0622188403     2.2915253386
H       16.4265086839     0.8622808421     7.7754571658
H       14.2535276597     0.9640162779     6.6878889976
H       20.3218301217     2.6341945247     2.7432621895
H       16.1678806194     0.0392267620     5.5159278806
32
# Point -9 Energy = 0.0
C       20.5724272174     3.5209215940     7.4494979691
H       18.9135455144     3.3745820297     6.0911470119
C       19.4869563620     2.9741781934     6.9336427393
H       18.6484724147     2.4814300590     7.4427151312
H       20.5039054721     2.1295514662     5.6163538265
C       19.7727717103     1.4791998601     6.0901664889
H       18.7357698807     1.4651443616     5.7877144589
H       20.2118234791     1.2849585037     7.0634904368
H       21.4799082438     3.9820665139     7.0240434401
H       21.2379614244     3.3141634004     8.3058636452
H       20.7454527962     4.4130923624     8.0823774035
Si       16.4334245894     3.3831439299     4.3872602409
O       16.3289439110     4.9753578916     4.7380174647
O       17.9351250134     3.0408207251     3.8295795429
O       15.3678168247     2.9863506522     3.2055403570
O       16.1017936844     2.5461065038     5.7483699955
Si       16.5287594896     6.5720018344     4.4067927518
Si       13.9453236347     2.5657572169     2.4956686210
Si       18.8240974412     2.5027153498     2.5516154551
Si       15.7360291306     1.1027967666     6.4556411872
H       17.9164933690     6.8246625841     3.9075890756
H       15.5744401969     6.9507471578     3.3087027722
H       16.3082757004     7.4484569382     5.6237321928
H       12.8177467594     3.3180796115     3.0976145948
H       13.9362222417     2.8699092154     1.0309110530
H       18.4313769006     3.2946903922     1.3534118530
H       13.6856117850     1.1059800921     2.6907890174
H       18.5150633383     1.0640909496     2.2902347329
H       16.4275817164     0.8623951450     7.7745165112
H       14.2544045849     0.9637035620     6.6873003031
H       20.3216062094     2.6365441522     2.7419978973
H       16.1688495640     0.0397029853     5.5148671890
32
# Point -8 Energy = 0.0
C       20.5839490591     3.5288452080     7.4537727437
H       18.9196703354     3.3933590526     6.0907032797
C       19.4834239175     2.9667523893     6.9270903077
H       18.6499126229     2.5023597884     7.4698765906
H       20.5150035773     2.1176807450     5.6009739937
C       19.7814675761     1.4903061054     6.1036905191
H       18.7461535243     1.4481174344     5.7915596731
H       20.2132962081     1.2611987595     7.0739238585
H       21.4827710472     3.9710725125     6.9932892144
H       21.2312695536     3.2802464049     8.3115122473
H       20.7045338580     4.4363341302     8.0744366449
Si       16.4331523892     3.3843926938     4.3870305915
O       16.3281407511     4.9761713992     4.7379718389
O       17.9349945388     3.0426066634     3.8295216538
O       15.3678917858     2.9871687708     3.2054523369
O       16.1020309958     2.5469534463     5.7481633869
Si       16.5273365944     6.5732113513     4.4069002760
Si       13.9453945868     2.5660539554     2.4954478498
Si       18.8242788493     2.5049327655     2.5511604067
Si       15.7367171251     1.1034483528     6.4553505743
H       17.9149311961     6.8264050116     3.9076568187
H       15.5728050278     6.9516134001     3.3088719999
H       16.3065335646     7.4494194612     5.6239146347
H       12.8175690633     3.3178845627     3.0975056658
H       13.9361866996     2.8703443219     1.0307424907
H       18.4310972187     3.2969027369     1.3531523807
H       13.6863008912     1.1061650650     2.6904638860
H       18.5157487384     1.0662551861     2.2897742891
H       16.4284958149     0.8632587849     7.7741676069
H       14.2552454233     0.9637929556     6.6870258995
H       20.3216606006     2.6394164147     2.7415964603
H       16.1700174653     0.0406321708     5.5144652402
32
# Point -7 Energy = 0.0
C       20.5944763430     3.5389415720     7.4592490850
H       18.9257896004     3.4144890944     6.0923757401
C       19.4794492949     2.9607749122     6.9214673916
H       18.6518681210     2.5262418366     7.4970660105
H       20.5277092893     2.0992518918     5.5826003573
C       19.7895028701     1.5031863390     6.1178945375
H       18.7589819657     1.4232622249     5.7911569044
H       20.2165121278     1.2301951554     7.0801430216
H       21.4833224229     3.9605979323     6.9633128523
H       21.2231069470     3.2476160035     8.3159820590
H       20.6626221960     4.4596492801     8.0657173429
Si       16.4328164357     3.3861699193     4.3871580814
O       16.3269928016     4.9775617178     4.7379784161
O       17.9349388928     3.0450279736     3.8301296286
O       15.3681494275     2.9881511735     3.2056222229
O       16.1021013336     2.5485268347     5.7484103920
Si       16.5253980769     6.5749655436     4.4068039790
Si       13.9458221781     2.5661857717     2.4953324518
Si       18.8248194340     2.5076772852     2.5516148381
Si       15.7373266336     1.1049020894     6.4557134140
H       17.9128992060     6.8287970720     3.9077020221
H       15.5707809541     6.9526914990     3.3086128514
H       16.3039534912     7.4511152736     5.6236987380
H       12.8175455033     3.3174750271     3.0971839489
H       13.9367007903     2.8703471992     1.0306225747
H       18.4312639427     3.2993702987     1.3535942169
H       13.6875207620     1.1061844303     2.6904676206
H       18.5170355096     1.0688567049     2.2904334922
H       16.4291505416     0.8652590435     7.7746277986
H       14.2559900774     0.9645173815     6.6871890674
H       20.3220238154     2.6430575551     2.7423261411
H       16.1714096146     0.0422559639     5.5149781619
32
# Point -6 Energy = 0.0
C       20.6037610254     3.5517995902     7.4662267245
H       18.9317786420     3.4384319483     6.0964878462
C       19.4748600628     2.9567677994     6.9170271700
H       18.6542002315     2.5535280443     7.5244342423
H       20.5423437018     2.0709986999     5.5605542155
C       19.7967188927     1.5183382114     6.1330761314
H       18.7761712907     1.3883041300     5.7856010501
H       20.2221507566     1.1897256796     7.0797930930
H       21.4811527413     3.9511035974     6.9344009517
H       21.2130796978     3.2168669086     8.3195074065
H       20.6194983631     4.4835698883     8.0566170397
Si       16.4323386707     3.3886845645     4.3877181354
O       16.3253301592     4.9797563935     4.7379980525
O       17.9349222366     3.0483269312     3.8315739407
O       15.3685874565     2.9893756111     3.2061026581
O       16.1019011535     2.5511137123     5.7492284460
Si       16.5227141797     6.5774781407     4.4063638582
Si       13.9466586607     2.5661142293     2.4953366166
Si       18.8257698906     2.5111457390     2.5532288441
Si       15.7377885670     1.1074766684     6.4569291729
H       17.9101791204     6.8320839477     3.9076332014
H       15.5681733289     6.9540744374     3.3077141054
H       16.3002061163     7.4538307833     5.6228733936
H       12.8176643508     3.3168001163     3.0965581322
H       13.9378725554     2.8697784522     1.0305443310
H       18.4319477706     3.3021888235     1.3549142601
H       13.6893833887     1.1060013979     2.6909027946
H       18.5190549038     1.0720603339     2.2925470184
H       16.4294246929     0.8688380038     7.7761457720
H       14.2565654953     0.9661412389     6.6879285484
H       20.3227304265     2.6477484759     2.7444987036
H       16.1730520701     0.0448495017     5.5166995041
32
# Point -5 Energy = 0.0
C       20.6117673140     3.5674705749     7.4747666570
H       18.9376512101     3.4652376541     6.1031919062
C       19.4696522742     2.9547948564     6.9137963927
H       18.6569434932     2.5841968182     7.5519144009
H       20.5579335842     2.0311720302     5.5357621415
C       19.8030113713     1.5358373181     6.1491938290
H       18.7994770497     1.3442518447     5.7757875059
H       20.2298788356     1.1403366682     7.0706521941
H       21.4760185092     3.9424950346     6.9065848314
H       21.2009919308     3.1879799131     8.3220206973
H       20.5751958215     4.5080510503     8.0473338721
Si       16.4317174981     3.3919488045     4.3887140326
O       16.3231347483     4.9827694706     4.7380148335
O       17.9349481625     3.0525246464     3.8338694365
O       15.3692151829     2.9908311653     3.2068973512
O       16.1014293597     2.5547389508     5.7506287102
Si       16.5192535030     6.5807603486     4.4055459737
Si       13.9479222191     2.5658066609     2.4954625193
Si       18.8271455306     2.5153538758     2.5560286174
Si       15.7381115473     1.1112022308     6.4590239206
H       17.9067390904     6.8362846392     3.9074203020
H       15.5649539717     6.9557515274     3.3061333617
H       16.2952453436     7.4575880120     5.6213926626
H       12.8179341825     3.3158223556     3.0956158310
H       13.9397254536     2.8685888036     1.0305070313
H       18.4331634200     3.3053563051     1.3571279413
H       13.6919195964     1.1055839998     2.6917875478
H       18.5218371619     1.0758769288     2.2961566806
H       16.4293213495     0.8740475171     7.7787531144
H       14.2569812647     0.9686828983     6.6892649123
H       20.3237923694     2.6535216533     2.7481456658
H       16.1749682510     0.0484374432     5.5196704863
32
# Point -4 Energy = 0.0
C       20.6189562456     3.5848702918     7.4844021539
H       18.9437606202     3.4940991848     6.1122670863
C       19.4642110453     2.9539548255     6.9113078654
H       18.6605589139     2.6172235779     7.5789853583
H       20.5717584813     1.9831838560     5.5113809750
C       19.8084626465     1.5548532366     6.1654968187
H       18.8281988295     1.2976827514     5.7652173672
H       20.2375153778     1.0876362833     7.0530870837
H       21.4680862696     3.9335435704     6.8793271230
H       21.1871422458     3.1596590062     8.3227945921
H       20.5303408845     4.5318564822     8.0376551410
Si       16.4311342116     3.3955643333     4.3900024836
O       16.3207348644     4.9861704500     4.7380704549
O       17.9351218201     3.0571770726     3.8366981261
O       15.3700783997     2.9923271257     3.2079172956
O       16.1009306275     2.5588778820     5.7524053459
Si       16.5154294085     6.5844031086     4.4045498467
Si       13.9495644972     2.5652531861     2.4957051147
Si       18.8288961647     2.5199356100     2.5595562494
Si       15.7385004307     1.1155028373     6.4616657801
H       17.9029647129     6.8409456237     3.9071641031
H       15.5614643167     6.9575035229     3.3041996573
H       16.2896585283     7.4618585124     5.6195722493
H       12.8184162048     3.3145457258     3.0945377059
H       13.9421000320     2.8669310260     1.0305407018
H       18.4348091858     3.3086670427     1.3599011061
H       13.6949934334     1.1049202272     2.6929795564
H       18.5252045610     1.0799923211     2.3006743310
H       16.4291474797     0.8801161707     7.7820276169
H       14.2574539565     0.9716471831     6.6909862612
H       20.3251856619     2.6598824211     2.7526868638
H       16.1772005427     0.0525175517     5.5234029455
32
# Point -3 Energy = 0.0
C       20.6259227819     3.6027124947     7.4945655885
H       18.9505419257     3.5240194106     6.1234315457
C       19.4590199021     2.9531874234     6.9090051662
H       18.6656360421     2.6513841318     7.6050652193
H       20.5815030874     1.9329934984     5.4901048707
C       19.8132199855     1.5743854522     6.1811126749
H       18.8597181984     1.2548428115     5.7567655956
H       20.2427886221     1.0375993577     7.0296413696
H       21.4575549080     3.9228421143     6.8519744943
H       21.1718976352     3.1304168272     8.3209409056
H       20.4856594531     4.5535649218     8.0272910003
Si       16.4308248145     3.3990700693     4.3914261979
O       16.3185484340     4.9894623260     4.7382249428
O       17.9355858152     3.0617607201     3.8396891446
O       15.3712442791     2.9936501767     3.2090739461
O       16.1007196457     2.5629233303     5.7543302381
Si       16.5117653131     6.5879343135     4.4036193108
Si       13.9515348487     2.5644594220     2.4960819114
Si       18.8309720317     2.5244529791     2.5632710770
Si       15.7392206142     1.1197127175     6.4644814702
H       17.8993457330     6.8455351160     3.9069846112
H       15.5581377083     6.9590854251     3.3023133215
H       16.2841847501     7.4660328436     5.6177940567
H       12.8191949059     3.3129990094     3.0935655690
H       13.9448076143     2.8650006088     1.0307031434
H       18.4367709578     3.3118728648     1.3628397245
H       13.6984457016     1.1040137070     2.6943370091
H       18.5289492213     1.0840298640     2.3054083254
H       16.4292958128     0.8861460835     7.7854869862
H       14.2582625913     0.9744709362     6.6928683606
H       20.3268941135     2.6662343007     2.7574301402
H       16.1798131522     0.0565067429     5.5273374428
32
# Point -2 Energy = 0.0
C       20.6329830840     3.6203952860     7.5050090238
H       18.9582064266     3.5544423686     6.1366305008
C       19.4543331673     2.9520259558     6.9066382161
H       18.6725254531     2.6860264777     7.6298730392
H       20.5865310973     1.8845146860     5.4726703883
C       19.8173223485     1.5939668481     6.1956144996
H       18.8921034255     1.2176019922     5.7509387983
H       20.2448623053     0.9928219491     7.0024489607
H       21.4442596206     3.9096909647     6.8242261595
H       21.1552337250     3.0996009499     8.3159244740
H       20.4414317649     4.5724879247     8.0161727249
Si       16.4309223042     3.4022670352     4.3929279339
O       16.3168011382     4.9924335179     4.7385082956
O       17.9364265612     3.0660355130     3.8426834370
O       15.3727608092     2.9947103388     3.2103490096
O       16.1009675475     2.5666221977     5.7563221686
Si       16.5085416107     6.5911504009     4.4028548220
Si       13.9538215331     2.5634370366     2.4966326217
Si       18.8333630554     2.5286897484     2.5669363319
Si       15.7404167568     1.1235593550     6.4673366702
H       17.8961464191     6.8498109685     3.9069173389
H       15.5552097931     6.9603935796     3.3006473356
H       16.2792130383     7.4698560392     5.6162160232
H       12.8203266033     3.3112155039     3.0928409150
H       13.9477679679     2.8628841103     1.0310497341
H       18.4390074399     3.3148367249     1.3657692784
H       13.7022086205     1.1028777796     2.6958395234
H       18.5329803341     1.0878004448     2.3100655812
H       16.4299744411     0.8917657598     7.7889462084
H       14.2595580547     0.9769381732     6.6948527914
H       20.3289250048     2.6722823473     2.7620617901
H       16.1828491486     0.0601600225     5.5312607646
32
# Point -1 Energy = 0.0
C       20.6402367743     3.6378005657     7.5157049619
H       18.9667754008     3.5850929545     6.1519443933
C       19.4502289088     2.9504130814     6.9041728257
H       18.6813760550     2.7208945400     7.6533317043
H       20.5871741037     1.8393747574     5.4587698310
C       19.8207302254     1.6135014962     6.2088989265
H       18.9246119483     1.1854298202     5.7471368503
H       20.2439063317     0.9537232035     6.9726021885
H       21.4277410466     3.8938999593     6.7960615575
H       21.1368125881     3.0671888696     8.3074636920
H       20.3975425590     4.5884168290     8.0043387471
Si       16.4314758017     3.4051396288     4.3945164273
O       16.3155723666     4.9950712538     4.7389274051
O       17.9376800189     3.0699603648     3.8456684522
O       15.3746531553     2.9955060749     3.2117672813
O       16.1017301773     2.5699673226     5.7583967033
Si       16.5058581622     6.5940348979     4.4022569126
Si       13.9564321745     2.5622054990     2.4974035436
Si       18.8360780198     2.5325873782     2.5705273601
Si       15.7421322112     1.1270429060     6.4702555111
H       17.8934636448     6.8537333151     3.9069419632
H       15.5527699629     6.9614241927     3.2992151196
H       16.2748749728     7.4733183100     5.6148402666
H       12.8218393656     3.3092343507     3.0924249838
H       13.9509719625     2.8605976213     1.0316259597
H       18.4415221884     3.3175036174     1.3686689564
H       13.7062695407     1.1015362579     2.6975402961
H       18.5372800443     1.0912495436     2.3146289653
H       16.4312425440     0.8969674372     7.7924200954
H       14.2613845011     0.9790733071     6.6969855862
H       20.3312925027     2.6779445513     2.7665351082
H       16.1863213411     0.0634680928     5.5351927847
32
# Point 0 Energy = 0
C       20.6477110000     3.6549790000     7.5266840000
H       18.9761800000     3.6157410000     6.1694560000
C       19.4467280000     2.9484220000     6.9016430000
H       18.6922510000     2.7558520000     7.6754250000
H       20.5840390000     1.7980300000     5.4478400000
C       19.8234060000     1.6330100000     6.2209870000
H       18.9571360000     1.1573250000     5.7446630000
H       20.2404540000     0.9200090000     6.9405780000
H       21.4074060000     3.8754920000     6.7676150000
H       21.1161610000     3.0334640000     8.2953550000
H       20.3536290000     4.6012450000     7.9917750000
Si       16.4325060000     3.4077350000     4.3962220000
O       16.3148940000     4.9974300000     4.7394840000
O       17.9393640000     3.0735620000     3.8486780000
O       15.3769370000     2.9960700000     3.2133680000
O       16.1030250000     2.5730330000     5.7606000000
Si       16.5037570000     6.5966350000     4.4017980000
Si       13.9593780000     2.5607940000     2.4984440000
Si       18.8391290000     2.5361430000     2.5740860000
Si       15.7443760000     1.1302530000     6.4733110000
H       17.8913405600     6.8573308000     3.9070238400
H       15.5508605600     6.9622108000     3.2979838400
H       16.2712205600     7.4764908000     5.6136238400
H       12.8237502400     3.3071035200     3.0923555200
H       13.9544302400     2.8581435200     1.0324755200
H       18.4443303200     3.3198514400     1.3715668800
H       13.7106302400     1.1000235200     2.6995155200
H       18.5418503200     1.0943714400     2.3191668800
H       16.4331100800     0.9018602400     7.7959848800
H       14.2637500800     0.9809802400     6.6993448800
H       20.3340103200     2.6832114400     2.7708868800
H       16.1902300800     0.0665002400     5.5392248800
32
# Point 1 Energy = 0.0
C       20.6554253199     3.6720449159     7.5379822462
H       18.9863530383     3.6461880475     6.1892186020
C       19.4438514392     2.9461672651     6.8990978082
H       18.7051871158     2.7908231566     7.6961582850
H       20.5777351095     1.7603273770     5.4393144230
C       19.8253688891     1.6525508532     6.2319580099
H       18.9898086402     1.1324911346     5.7430251652
H       20.2350907249     0.8911784058     6.9065213945
H       21.3825357401     3.8545015555     6.7390573246
H       21.0926856711     2.9987967918     8.2793583539
H       20.3091740486     4.6108123298     7.9783474746
Si       16.4340356237     3.4101180636     4.3980832243
O       16.3147904195     4.9995822128     4.7401834983
O       17.9415011811     3.0768919621     3.8517575934
O       15.3796343860     2.9964432783     3.2151981297
O       16.1048738598     2.5759132182     5.7629881455
Si       16.5022642565     6.5990159758     4.4014501034
Si       13.9626802519     2.5592302921     2.4998099458
Si       18.8425381508     2.5393801372     2.5776688409
Si       15.7471684093     1.1332989493     6.4765894059
H       17.8898038115     6.8606566232     3.9071295345
H       15.5495078518     6.9627965591     3.2969177611
H       16.2682768806     7.4794647187     5.6125205228
H       12.8260810652     3.3048647258     3.0926729351
H       13.9581642981     2.8555186667     1.0336480136
H       18.4474546875     3.3218789133     1.3745031842
H       13.7153103751     1.0983717050     2.7018516159
H       18.5467117484     1.0971844819     2.3237659664
H       16.4355972983     0.9065805260     7.7997317335
H       14.2666746406     0.9827747979     6.7020200217
H       20.3371011040     2.6881089430     2.7751706905
H       16.1945945637     0.0693454172     5.5434654062
32
# Point 2 Energy = 0.0
C       20.6634245824     3.6891056925     7.5496035597
H       18.9972251890     3.6761898667     6.2112157580
C       19.4416444343     2.9437438488     6.8965705963
H       18.7202156629     2.8257178178     7.7155195587
H       20.5688038449     1.7260274564     5.4327459926
C       19.8266886994     1.6721644515     6.2418974397
H       19.0228247526     1.1103819111     5.7419145858
H       20.2283649266     0.8668340686     6.8705335762
H       21.3523717147     3.8309612655     6.7106737835
H       21.0657455470     2.9636464476     8.2591551882
H       20.2634916635     4.6167568864     7.9637278703
Si       16.4360996878     3.4123496802     4.4001398459
O       16.3153031878     5.0015951726     4.7410390048
O       17.9441230405     3.0799968910     3.8549448260
O       15.3827727225     2.9966694757     3.2173098956
O       16.1073163129     2.5786935414     5.7656169599
Si       16.5014246367     6.6012387238     4.4011978641
Si       13.9663609882     2.5575499354     2.5015684633
Si       18.8463287758     2.5423203928     2.5813179260
Si       15.7505482951     1.1362797709     6.4801732210
H       17.8888965680     6.8637587494     3.9072319624
H       15.5487516849     6.9632261709     3.2960001920
H       16.2660975827     7.4823228215     5.6115011260
H       12.8288590348     3.3025674500     3.0934374479
H       13.9621894490     2.8527331561     1.0352053855
H       18.4509146091     3.3235880242     1.3775085028
H       13.7203285956     1.0966205713     2.7046420084
H       18.5518819215     1.0997066989     2.3284945486
H       16.4387494118     0.9112481350     7.8037435077
H       14.2701974814     0.9845645440     6.7051037730
H       20.3405899559     2.6926574502     2.7794182733
H       16.1994456407     0.0720849318     5.5480127169
32
# Point 3 Energy = 0.0
C       20.6717470662     3.7062294941     7.5615019414
H       19.0086574443     3.7053893294     6.2353157211
C       19.4401441649     2.9411913750     6.8940661823
H       18.7373117340     2.8603817390     7.7334518169
H       20.5577302406     1.6948963530     5.4278044301
C       19.8274586931     1.6918381116     6.2508876691
H       19.0564107343     1.0905635697     5.7411407829
H       20.2207884840     0.8466796618     6.8327586907
H       21.3164891022     3.8051190852     6.6831982478
H       21.0349548714     2.9288180208     8.2344428377
H       20.2158512430     4.6184412567     7.9473790927
Si       16.4387189261     3.4144778872     4.4024184708
O       16.3164734331     5.0035216808     4.7420629048
O       17.9472419582     3.0829028851     3.8582554589
O       15.3863570248     2.9967964670     3.2197436832
O       16.1103766833     2.5814391019     5.7685241684
Si       16.5012935677     6.6033506944     4.4010364293
Si       13.9704134802     2.5558092730     2.5037773987
Si       18.8504956482     2.5449672782     2.5850457670
Si       15.7545308939     1.1392715531     6.4841174669
H       17.8886727706     6.8666645018     3.9073108077
H       15.5486409263     6.9635466153     3.2952316604
H       16.2647588962     7.4851271761     5.6105544890
H       12.8320908074     3.3002864247     3.0947102979
H       13.9664885272     2.8498288633     1.0372026500
H       18.4547020628     3.3249747572     1.3805914907
H       13.7256641425     1.0948311208     2.7079609333
H       18.5573375568     1.1019422875     2.3333818312
H       16.4425916769     0.9159446821     7.8080709806
H       14.2743339949     0.9864440415     6.7086663890
H       20.3444754588     2.6968460638     2.7836267668
H       16.2047783862     0.0747806487     5.5529279025
32
# Point 4 Energy = 0.0
C       20.6803362684     3.7234236225     7.5736150071
H       19.0204209874     3.7333868695     6.2613008619
C       19.4392996080     2.9384835189     6.8915670696
H       18.7563099421     2.8946168458     7.7498662905
H       20.5448825537     1.6665902516     5.4242366758
C       19.8277258678     1.7114994961     6.2590140447
H       19.0907325055     1.0726856003     5.7405928061
H       20.2127325287     0.8303946082     6.7933287979
H       21.2753127191     3.7775889847     6.6580420426
H       21.0006341308     2.8955899051     8.2050914648
H       20.1661313547     4.6151631901     7.9288066677
Si       16.4418461027     3.4165243882     4.4049068116
O       16.3182789580     5.0053851965     4.7432445612
O       17.9508047630     3.0856086828     3.8616735747
O       15.3903308015     2.9968629239     3.2224891640
O       16.1139979573     2.5841757938     5.7716974588
Si       16.5018726913     6.6053727703     4.4009560887
Si       13.9747725396     2.5540693063     2.5064292362
Si       18.8549746080     2.5473062653     2.5888339665
Si       15.7590386282     1.1423052070     6.4884093962
H       17.8891372742     6.8693736223     3.9073535168
H       15.5491800342     6.9637941942     3.2946049185
H       16.2642786318     7.4879016381     5.6096721721
H       12.8357236836     3.2980999287     3.0964871212
H       13.9709975720     2.8468677572     1.0396325760
H       18.4587620594     3.3260315015     1.3837353443
H       13.7312298556     1.0930679451     2.7118001322
H       18.5629917989     1.1038813539     2.3384088413
H       16.4470462158     0.9206896035     7.8126996377
H       14.2790044487     0.9884669320     6.7126982484
H       20.3486965882     2.7006370845     2.7877745801
H       16.2104969219     0.0774570121     5.5581962847
32
# Point 5 Energy = 0.0
C       20.6888607794     3.7405022236     7.5858899822
H       19.0320591597     3.7596782450     6.2888743198
C       19.4387984194     2.9354239697     6.8890150743
H       18.7767206433     2.9280753318     7.7646180647
H       20.5303616749     1.6406139146     5.4218390510
C       19.8273060525     1.7309206001     6.2663243611
H       19.1257127275     1.0563630698     5.7401457716
H       20.2042369104     0.8175323480     6.7523375941
H       21.2312650656     3.7498174139     6.6376111437
H       20.9649734631     2.8660495328     8.1717934209
H       20.1163121009     4.6070219378     7.9083769753
Si       16.4452442805     3.4184346060     4.4074842463
O       16.3205154353     5.0071257497     4.7445017690
O       17.9545796054     3.0880346445     3.8651068624
O       15.3944748929     2.9968720361     3.2253890158
O       16.1178883335     2.5868220853     5.7749864330
Si       16.5030073707     6.6072492335     4.4009208313
Si       13.9792246945     2.5523884203     2.5093204990
Si       18.8595510835     2.5492670854     2.5925983005
Si       15.7637249858     1.1452897471     6.4928523265
H       17.8901545823     6.8718072251     3.9073649340
H       15.5502503373     6.9639665264     3.2940700190
H       16.2644953747     7.4905654959     5.6088353480
H       12.8395487249     3.2960806868     3.0985559450
H       13.9755464237     2.8439462768     1.0422992582
H       18.4629293875     3.3267295258     1.3868664949
H       13.7367695544     1.0913902783     2.7159120325
H       18.5685989539     1.1054675446     2.3434465771
H       16.4517286885     0.9253397909     7.8174438123
H       14.2838525613     0.9905747591     6.7169623995
H       20.3530382600     2.7039164431     2.7918180470
H       16.2162500728     0.0800352523     5.5636044499
32
# Point 6 Energy = 0.0
C       20.6965880936     3.7569545262     7.5982929867
H       19.0427910137     3.7835837900     6.3176676504
C       19.4379427975     2.9315459151     6.8862819398
H       18.7976062911     2.9601504657     7.7774819047
H       20.5138817013     1.6162559349     5.4203951375
C       19.8256398102     1.7496233492     6.2727745066
H       19.1608869701     1.0410703789     5.7395670435
H       20.1948703155     0.8074128739     6.7097758699
H       21.1894662108     3.7243583901     6.6247179084
H       20.9329688396     2.8429013236     8.1371325247
H       20.0716497269     4.5964727103     7.8885166201
Si       16.4483976585     3.4200305309     4.4098615819
O       16.3227132633     5.0085490542     4.7456411683
O       17.9580716139     3.0899734339     3.8683414618
O       15.3983308329     2.9967677441     3.2280588960
O       16.1214088572     2.5891245191     5.7780265400
Si       16.5043185068     6.6088007839     4.4008536099
Si       13.9833379285     2.5508178241     2.5119468358
Si       18.8637887544     2.5506865042     2.5961477568
Si       15.7678433930     1.1479397320     6.4969647560
H       17.8913887983     6.8737588766     3.9073744024
H       15.5515585345     6.9639974065     3.2935119774
H       16.2649904292     7.4928710943     5.6080094376
H       12.8431277223     3.2942904426     3.1003878345
H       13.9798093885     2.8412115606     1.0447171091
H       18.4668779934     3.3270014498     1.3898192381
H       13.7417755138     1.0898458624     2.7196811867
H       18.5736769022     1.1065659992     2.3481909461
H       16.4557985584     0.9294938446     7.8218518795
H       14.2881104554     0.9925307674     6.7208721448
H       20.3570584150     2.7064440346     2.7956722241
H       16.2213053106     0.0822708770     5.5686302809
32
# Point 7 Energy = 0.0
C       20.7028144030     3.7722455778     7.6107847518
H       19.0518924870     3.8044872463     6.3473075257
C       19.4360629555     2.9263743272     6.8832192233
H       18.8180482737     2.9902526184     7.7882433768
H       20.4951345982     1.5928289148     5.4196942703
C       19.8221845935     1.7671265319     6.2782929630
H       19.1957822217     1.0263399323     5.7386218276
H       20.1841752164     0.7993892027     6.6656039459
H       21.1547579125     3.7034337803     6.6202441267
H       20.9095823813     2.8275449928     8.1047846110
H       20.0372634741     4.5876723979     7.8726917762
Si       16.4508083224     3.4211228016     4.4117436984
O       16.3244175215     5.0094484798     4.7464685095
O       17.9608026921     3.0912121722     3.8711515617
O       15.4014549359     2.9964830461     3.2301105770
O       16.1239455182     2.5908129115     5.7804461316
Si       16.5054361490     6.6098377622     4.4006806094
Si       13.9866936936     2.5493958560     2.5138031816
Si       18.8672651031     2.5514021311     2.5992746606
Si       15.7706786855     1.1499494286     6.5002550946
H       17.8925107022     6.8750173348     3.9074106393
H       15.5528155703     6.9638110207     3.2928230166
H       16.2653561118     7.4945562905     5.6071666236
H       12.8460359861     3.2927731875     3.1014591514
H       13.9834682459     2.8388024122     1.0464004777
H       18.4702892200     3.3267834690     1.3924145971
H       13.7457581803     1.0884678397     2.7224879911
H       18.5777603578     1.1070422337     2.3523178688
H       16.4584520009     0.9327279313     7.8254594623
H       14.2910428810     0.9940729379     6.7238351536
H       20.3603290619     2.7079842876     2.7992310907
H       16.2249611433     0.0839029438     5.5727368654
32
# Point 8 Energy = 0.0
C       20.7074430962     3.7863236292     7.6233267623
H       19.0592095173     3.8222193966     6.3775250719
C       19.4330814104     2.9198537394     6.8797815379
H       18.8377729599     3.0182662138     7.7968524405
H       20.4743098643     1.5700479493     5.4196543469
C       19.8169712576     1.7833509857     6.2829399270
H       19.2304646441     1.0121051488     5.7373004780
H       20.1722824931     0.7932763663     6.6199441029
H       21.1277878734     3.6871233623     6.6223524147
H       20.8955017463     2.8188508509     8.0765521212
H       20.0133761791     4.5829184157     7.8622686567
Si       16.4524107116     3.4216946662     4.4130851712
O       16.3255682397     5.0098044101     4.7469574009
O       17.9627075119     3.0917341058     3.8734925624
O       15.4037829092     2.9960197089     3.2314896732
O       16.1254251855     2.5918546351     5.7821887112
Si       16.5063082889     6.6103447653     4.4003957474
Si       13.9892275945     2.5481389251     2.5148247354
Si       18.8699162793     2.5514087471     2.6019305705
Si       15.7721495041     1.1512782635     6.5026480626
H       17.8934710087     6.8755675250     3.9074753321
H       15.5539738871     6.9634097128     3.2919979870
H       16.2655406993     7.4955923728     5.6063110892
H       12.8482104220     3.2915432620     3.1017105421
H       13.9864639877     2.8367533397     1.0472878372
H       18.4731058466     3.3260871707     1.3946121166
H       13.7486463114     1.0872703475     2.7242489270
H       18.5807799925     1.1068945837     2.3557601392
H       16.4596031155     0.9349822157     7.8281911984
H       14.2925669582     0.9951640787     6.7257693562
H       20.3627866935     2.7085233384     2.8024531385
H       16.2271344110     0.0848997680     5.5758372016
32
# Point 9 Energy = 0.0
C       20.7107521564     3.7994587038     7.6359048468
H       19.0649590694     3.8369339963     6.4081506150
C       19.4292861909     2.9122113415     6.8760107644
H       18.8569141074     3.0444023665     7.8033804065
H       20.4518848954     1.5479071555     5.4202986945
C       19.8103715462     1.7984902777     6.2868700039
H       19.2653122374     0.9985856127     5.7357464275
H       20.1596538085     0.7891956179     6.5730357375
H       21.1065837406     3.6742523692     6.6287106636
H       20.8886204761     2.8148812228     8.0521810024
H       19.9973020598     4.5821432278     7.8565696273
Si       16.4534109379     3.4218449859     4.4140081469
O       16.3263496745     5.0097223915     4.7471923344
O       17.9639823558     3.0916539715     3.8754497332
O       15.4054933109     2.9954243827     3.2323607200
O       16.1261120722     2.5923774654     5.7834080102
Si       16.5070767519     6.6104224073     4.4000364415
Si       13.9911052808     2.5470465965     2.5152300097
Si       18.8719108140     2.5508058099     2.6041874285
Si       15.7725707812     1.1520653788     6.5043455999
H       17.8943913142     6.8755250035     3.9075572525
H       15.5551344537     6.9628461556     3.2910935181
H       16.2657049037     7.4961070325     5.6054645451
H       12.8498195445     3.2905929841     3.1013754907
H       13.9889118816     2.8350255248     1.0475900674
H       18.4754441509     3.3249727233     1.3964753149
H       13.7506411587     1.0862530871     2.7252278222
H       18.5829257801     1.1062097912     2.3586359836
H       16.4596115195     0.9364441778     7.8302342435
H       14.2930074443     0.9959194815     6.7269252285
H       20.3646028857     2.7081958271     2.8053614135
H       16.2281332959     0.0853849303     5.5781472664
32
# Point 10 Energy = 0.0
C       20.7130237093     3.8119171169     7.6485236558
H       19.0693987500     3.8488510303     6.4390567731
C       19.4249657511     2.9036839636     6.8719593210
H       18.8756227178     3.0689019812     7.8079223136
H       20.4282830621     1.5264302524     5.4216617623
C       19.8027267585     1.8127503282     6.2902253689
H       19.3006422120     0.9860400103     5.7340920743
H       20.1466830640     0.7872792862     6.5251069775
H       21.0891327540     3.6636856765     6.6377361244
H       20.8867737691     2.8141868025     8.0308837923
H       19.9865267527     4.5845653325     7.8545222920
Si       16.4540179257     3.4216732127     4.4146396598
O       16.3269456322     5.0093087055     4.7472596080
O       17.9648275839     3.0910888217     3.8771155955
O       15.4067698936     2.9947403362     3.2328927868
O       16.1262729713     2.5925119489     5.7842637540
Si       16.5078804370     6.6101714244     4.3996391312
Si       13.9924993940     2.5461112622     2.5152413357
Si       18.8734238614     2.5496943568     2.6061265097
Si       15.7722617195     1.1524536696     6.5055578970
H       17.8953903832     6.8750069084     3.9076453072
H       15.5563961590     6.9621693062     3.2901635861
H       16.2660033640     7.4962297854     5.6046457580
H       12.8510368153     3.2899064775     3.1006885904
H       13.9909355664     2.8335701494     1.0475213941
H       18.4774272230     3.3234987598     1.3980752150
H       13.7519533527     1.0854088206     2.7256947472
H       18.5843972729     1.1050754605     2.3610753341
H       16.4588397362     0.9373088120     7.8317851072
H       14.2926934283     0.9964560423     6.7275600822
H       20.3659552290     2.7071409576     2.8079896923
H       16.2282733509     0.0854850018     5.5798938129
32
# Point 11 Energy = 0.0
C       20.7144582428     3.8238764070     7.6611967714
H       19.0727448829     3.8581733579     6.4701421633
C       19.4203236720     2.8944450312     6.8676645810
H       18.8939812161     3.0919483034     7.8105646552
H       20.4037942923     1.5056086408     5.4237516782
C       19.7942648467     1.8262791270     6.2931048747
H       19.3366306526     0.9747049043     5.7324168368
H       20.1336059733     0.7876042073     6.4763322769
H       21.0740152812     3.6546218695     6.6485181967
H       20.8884344797     2.8158718036     8.0119884923
H       19.9793673228     4.5894576516     7.8552811312
Si       16.4543790910     3.4212489438     4.4150691828
O       16.3274828892     5.0086376140     4.7472191473
O       17.9653851553     3.0901231246     3.8785553861
O       15.4077431242     2.9939950221     3.2332052305
O       16.1260976351     2.5923498233     5.7848689105
Si       16.5088115256     6.6096621973     4.3992277365
Si       13.9935334018     2.5453215821     2.5150159229
Si       18.8745805473     2.5481485242     2.6078053448
Si       15.7714516831     1.1525434422     6.5064342823
H       17.8965456809     6.8740974029     3.9077297010
H       15.5578223291     6.9614106726     3.2892443294
H       16.2665377436     7.4960514851     5.6038657432
H       12.8519849399     3.2894647815     3.0998153580
H       13.9926234202     2.8323459817     1.0472331525
H       18.4791420564     3.3217080791     1.3994617313
H       13.7527358406     1.0847262429     2.7258413382
H       18.5853394720     1.1035556986     2.3631707990
H       16.4575480671     0.9377151484     7.8329835558
H       14.2918615600     0.9968531882     6.7278566085
H       20.3669702605     2.7054625897     2.8103618692
H       16.2277833145     0.0852891522     5.5812383724
32
# Point 12 Energy = 0.0
C       20.7151932036     3.8354431440     7.6739416238
H       19.0751810855     3.8650815611     6.5013280584
C       19.4154973910     2.8846165759     6.8631496177
H       18.9120241644     3.1136738757     7.8113875270
H       20.3786010133     1.4854086500     5.4265511596
C       19.7851257466     1.8391773512     6.2955713693
H       19.3733393254     0.9647892052     5.7307539655
H       20.1205354076     0.7902038789     6.4268418318
H       21.0602903074     3.6465195774     6.6605376146
H       20.8925970269     2.8193832416     7.9950188025
H       19.9747618160     4.5962703065     7.8582587905
Si       16.4545934390     3.4206176562     4.4153551745
O       16.3280436791     5.0077575403     4.7471090094
O       17.9657508662     3.0888149608     3.8798109661
O       15.4085011294     2.9932032155     3.2333769991
O       16.1257154216     2.5919513908     5.7852981312
Si       16.5099259353     6.6089406643     4.3988154776
Si       13.9942913936     2.5446634039     2.5146587016
Si       18.8754659965     2.5462206642     2.6092605305
Si       15.7702995352     1.1524004541     6.5070744809
H       17.8979025866     6.8728540548     3.9078005114
H       15.5594485521     6.9605878658     3.2883572944
H       16.2673689888     7.4956318044     5.6031288127
H       12.8527462752     3.2892466923     3.0988663562
H       13.9940350353     2.8313182074     1.0468261959
H       18.4806463965     3.3196307414     1.4006661557
H       13.7530953173     1.0841909257     2.7257962549
H       18.5858535168     1.1016955650     2.3649831536
H       16.4559169007     0.9377567496     7.8339227961
H       14.2906759704     0.9971599930     6.7279374113
H       20.3677337951     2.7032358934     2.8124914729
H       16.2268233820     0.0848561895     5.5822891131
32
# Point 13 Energy = 0.0
C       20.7153267483     3.8466785467     7.6867767629
H       19.0768726952     3.8697377519     6.5325564486
C       19.4105826126     2.8742872953     6.8584277185
H       18.9297633356     3.1341757363     7.8104686172
H       20.3528111071     1.4657854826     5.4300254034
C       19.7753931966     1.8515151417     6.2976633832
H       19.4107517323     0.9564796017     5.7291048306
H       20.1075018442     0.7950884823     6.3767370226
H       21.0473230719     3.6390039712     6.6734908653
H       20.8985960606     2.8243642571     7.9796479110
H       19.9720338572     4.6045988589     7.8630528076
Si       16.4547293953     3.4198091037     4.4155357692
O       16.3286822195     5.0067000915     4.7469527778
O       17.9659913238     3.0872051889     3.8809086758
O       15.4091052545     2.9923713421     3.2334607645
O       16.1252174905     2.5913565437     5.7856010952
Si       16.5112569087     6.6080368439     4.3984082286
Si       13.9948325130     2.5441205938     2.5142408121
Si       18.8761399873     2.5439488343     2.6105146542
Si       15.7689194571     1.1520680596     6.5075460529
H       17.8994864579     6.8713170908     3.9078471549
H       15.5612931462     6.9597093719     3.2875142415
H       16.2685326319     7.4950101810     5.6024345009
H       12.8533776790     3.2892294250     3.0979167061
H       13.9952117590     2.8304559557     1.0463687344
H       18.4819794827     3.3172883308     1.4017072655
H       13.7531090851     1.0837862627     2.7256475425
H       18.5860126551     1.0995275847     2.3665522149
H       16.4540759907     0.9374977488     7.8346657816
H       14.2892548267     0.9974058614     6.7278863055
H       20.3683058567     2.7005172698     2.8143847008
H       16.2255102177     0.0842251904     5.5831196103
32
# Point 14 Energy = 0.0
C       20.7149327475     3.8576166689     7.6997198406
H       19.0779747182     3.8722875918     6.5637864656
C       19.4056492505     2.8635246405     6.8535057012
H       18.9472023200     3.1535259334     7.8078852180
H       20.3264828856     1.4466915337     5.4341298658
C       19.7651172241     1.8633433955     6.2994043895
H       19.4488006905     0.9499433507     5.7274504224
H       20.0944830744     0.8022576370     6.3261036870
H       21.0346671490     3.6318048930     6.6871954928
H       20.9059822192     2.8305728902     7.9656498077
H       19.9707408358     4.6141411014     7.8693821237
Si       16.4548364781     3.4188431931     4.4156361071
O       16.3294355682     5.0054863414     4.7467647525
O       17.9661550543     3.0853237891     3.8818648141
O       15.4096002462     2.9915007287     3.2334925001
O       16.1246713026     2.5905923617     5.7858115653
Si       16.5128239878     6.6069707842     4.3980070794
Si       13.9952003987     2.5436760432     2.5138120233
Si       18.8766465375     2.5413620300     2.6115811673
Si       15.7673977790     1.1515755471     6.5078961100
H       17.9013106167     6.8695157926     3.9078584135
H       15.5633641078     6.9587780813     3.2867206579
H       16.2700489003     7.4942133498     5.6017791962
H       12.8539202389     3.2893895349     3.0970191792
H       13.9961836055     2.8297311523     1.0459083340
H       18.4831691005     3.3146970921     1.4025956709
H       13.7528360467     1.0834945582     2.7254575717
H       18.5858726559     1.0970763525     2.3679042831
H       16.4521235361     0.9369837062     7.8352561867
H       14.2876876391     0.9976079501     6.7277625513
H       20.3687304462     2.6973511335     2.8160427533
H       16.2239332390     0.0834228418     5.5837814288
32
# Point 15 Energy = 0.0
C       20.7140691794     3.8682759806     7.7127860036
H       19.0786352242     3.8728608669     6.5949900408
C       19.4007508060     2.8523819305     6.8483858883
H       18.9643435071     3.1717779093     7.8037147174
H       20.2996427759     1.4280801106     5.4388166693
C       19.7543287128     1.8747004479     6.3008092876
H       19.4873881808     0.9453291588     5.7257597372
H       20.0814246299     0.8117070221     6.2750222406
H       21.0219922204     3.6247196984     6.7015394738
H       20.9144461857     2.8378385209     7.9528647640
H       19.9705841023     4.6246652090     7.8770442280
Si       16.4549521204     3.4177336707     4.4156727839
O       16.3303300463     5.0041307509     4.7465532045
O       17.9662789624     3.0831937731     3.8826889416
O       15.4100201432     2.9905898370     3.2334972691
O       16.1241291093     2.5896777749     5.7859528281
Si       16.5146383927     6.6057562935     4.3976101003
Si       13.9954285941     2.5433126747     2.5134082215
Si       18.8770194040     2.5384834443     2.6124672823
Si       15.7658027981     1.1509432266     6.5081582772
H       17.9033811450     6.8674724411     3.9078226773
H       15.5656632802     6.9577936795     3.2859781268
H       16.2719288399     7.4932599719     5.6011573999
H       12.8544049023     3.2897039057     3.0962121425
H       13.9969731459     2.8291183130     1.0454791703
H       18.4842355892     3.3118700236     1.4033364466
H       13.7523229688     1.0832980843     2.7252719584
H       18.5854777243     1.0943614465     2.3690565046
H       16.4501373532     0.9362480979     7.8357249004
H       14.2860453572     0.9977757752     6.7276093360
H       20.3690411642     2.6937740064     2.8174631983
H       16.2221640351     0.0824679542     5.5843115398
