32
# Point -15 Energy = 0.0
C       20.7052243975     3.6868304480     7.5797791615
H       18.8925032860     3.4011022276     6.0442390336
C       19.3913827913     2.8400131401     6.8429020048
H       18.5847060795     2.5356317952     7.5177746016
H       20.5366392139     1.8974398132     5.4953559373
C       19.7661824884     1.7031122551     6.2507805100
H       18.8837747357     1.2493650476     5.7879322084
H       20.1632847000     0.9966341515     6.9838735971
H       21.5022154674     3.9061775467     6.8546959562
H       21.1675574534     3.0490295121     8.3430746581
H       20.4393602911     4.6274123374     8.0742605850
Si       16.4373272873     3.5022229361     4.2175184155
O       16.3319562098     4.9140195456     4.6980037557
O       17.8938637734     3.0931074937     3.8402354884
O       15.5918429080     3.1046802091     3.3653085526
O       16.0408459238     2.2253443022     6.0482183699
Si       16.5045075830     6.6213925928     4.3538395681
Si       13.9090273886     2.5653885825     2.4693823797
Si       18.8313150158     2.5531461690     2.5295171435
Si       15.8074295247     1.2408574009     6.4383587510
H       17.8854290788     6.8728063332     3.8560398391
H       15.5406534289     6.9536675555     3.2612481057
H       16.2706970666     7.4868460455     5.5694323528
H       12.8324813575     3.3217063981     3.1023152936
H       13.9443990149     2.8658734173     1.0360862903
H       18.4220942931     3.3374821947     1.3411578289
H       13.7318802856     1.1209285820     2.7186090758
H       18.5349890298     1.1102878593     2.2827764842
H       16.4781057899     0.9115043084     7.8094886038
H       14.3066188431     0.9957733097     6.7290754584
H       20.3237916060     2.7052725045     2.7260625813
H       16.2158942871     0.0782459854     5.5598227680
32
# Point -14 Energy = 0.0
C       20.7024990766     3.6856986930     7.5742947987
H       18.8978489979     3.4146668673     6.0509768925
C       19.3957361525     2.8476654023     6.8461285787
H       18.5921888047     2.5505349374     7.5282343314
H       20.5412108128     1.8912113141     5.4917836356
C       19.7716328267     1.6988201218     6.2486650885
H       18.8904755642     1.2428134028     5.7853080956
H       20.1706387569     0.9925577914     6.9811994153
H       21.4966876896     3.9049328171     6.8464348698
H       21.1657150473     3.0495715974     8.3381638496
H       20.4347083713     4.6269208947     8.0663994458
Si       16.4362175133     3.4958494302     4.2296009680
O       16.3297806457     4.9197473196     4.7022797981
O       17.8970749613     3.0916318528     3.8422222902
O       15.5769344509     3.0954741446     3.3555012776
O       16.0423708286     2.2501127925     6.0302347909
Si       16.5047053863     6.6198777832     4.3589535640
Si       13.9119326750     2.5643025927     2.4706246540
Si       18.8323688975     2.5512302709     2.5344109927
Si       15.8006660376     1.2336112378     6.4391554598
H       17.8864132104     6.8711812192     3.8619313013
H       15.5421704192     6.9552357105     3.2653236268
H       16.2710501907     7.4861486535     5.5744155479
H       12.8312291201     3.3202581208     3.1004415015
H       13.9458094994     2.8649681712     1.0352218305
H       18.4248709075     3.3354274178     1.3447733135
H       13.7291267141     1.1186140363     2.7160843868
H       18.5355990884     1.1084925239     2.2872919257
H       16.4720940941     0.9110616980     7.8075230776
H       14.3008882803     0.9946865244     6.7250266669
H       20.3249741747     2.7025583203     2.7315726460
H       16.2123614048     0.0774383407     5.5569867386
32
# Point -13 Energy = 0.0
C       20.6996123571     3.6844242894     7.5690910458
H       18.9032212498     3.4283651839     6.0579164653
C       19.3999887580     2.8552728039     6.8494465474
H       18.5996149662     2.5654356143     7.5386882668
H       20.5455939130     1.8849316483     5.4882829792
C       19.7768592027     1.6944822328     6.2465779622
H       18.8969318701     1.2363265599     5.7826569618
H       20.1776863016     0.9883471423     6.9785079355
H       21.4910410192     3.9035618258     6.8385266087
H       21.1636418606     3.0498892788     8.3335028491
H       20.4299042980     4.6262495436     8.0588757160
Si       16.4352150544     3.4894670637     4.2416577511
O       16.3277545255     4.9254427301     4.7063394660
O       17.9002688526     3.0901662213     3.8439999759
O       15.5621272581     3.0865446215     3.3456105125
O       16.0442818870     2.2746585810     6.0120868092
Si       16.5048604221     6.6183339275     4.3637970034
Si       13.9148916309     2.5633410919     2.4719716183
Si       18.8333540621     2.5494119234     2.5390245676
Si       15.7942694127     1.2263338101     6.4401729873
H       17.8873069839     6.8696325302     3.8674751104
H       15.5435669843     6.9566538578     3.2691703252
H       16.2713479422     7.4854386319     5.5791135629
H       12.8300853948     3.3189023629     3.0987663492
H       13.9470914383     2.8641574742     1.0344534054
H       18.4274697415     3.3334785736     1.3481548979
H       13.7265385201     1.1164497598     2.7137149156
H       18.5361980299     1.1067865329     2.2915071908
H       16.4665127344     0.9105802915     7.8057145798
H       14.2955687586     0.9936099521     6.7212755852
H       20.3260916457     2.7000110039     2.7367171864
H       16.2090835246     0.0766149356     5.5543682220
32
# Point -12 Energy = 0.0
C       20.6965641995     3.6830067971     7.5641690802
H       18.9086213106     3.4421928681     6.0650651032
C       19.4041412035     2.8628318849     6.8528581050
H       18.6069861607     2.5803273744     7.5491395861
H       20.5497845782     1.8785996234     5.4848511703
C       19.7818581739     1.6900966781     6.2445169732
H       18.9031389491     1.2299041095     5.7799760534
H       20.1844235124     0.9839985068     6.9757960332
H       21.4852763909     3.9020668979     6.8309729392
H       21.1613377122     3.0499808493     8.3290926689
H       20.4249476217     4.6253976420     8.0516917938
Si       16.4343214804     3.4830804034     4.2536887364
O       16.3258784957     4.9311079271     4.7101823091
O       17.9034438070     3.0887142114     3.8455685765
O       15.5474167634     3.0778940788     3.3356451324
O       16.0465782820     2.2989801752     5.9937725240
Si       16.5049752121     6.6167635545     4.3683680218
Si       13.9179065912     2.5625003842     2.4734229726
Si       18.8342686323     2.5476948010     2.5433574293
Si       15.7882407930     1.2190278441     6.4414110175
H       17.8881124658     6.8681624050     3.8726673920
H       15.5448434311     6.9579239106     3.2727867265
H       16.2715941908     7.4847196538     5.5835239403
H       12.8290469296     3.3176325786     3.0972856209
H       13.9482487079     2.8634318243     1.0337801995
H       18.4298883562     3.3316406192     1.3513025881
H       13.7241220509     1.1144309780     2.7115076341
H       18.5367833296     1.1051737953     2.2954210693
H       16.4613639021     0.9100621028     7.8040617169
H       14.2906617299     0.9925439639     6.7178223112
H       20.3271424899     2.6976336210     2.7414950450
H       16.2060631465     0.0757799362     5.5519648903
32
# Point -11 Energy = 0.0
C       20.6933548198     3.6814460008     7.5595294588
H       18.9140505740     3.4561449607     6.0724299594
C       19.4081943670     2.8703390996     6.8563652609
H       18.6143044142     2.5952036318     7.5595914413
H       20.5537791171     1.8722139864     5.4814852024
C       19.7866266607     1.6856615004     6.2424798649
H       18.9090925174     1.2235453783     5.7772626904
H       20.1908470970     0.9795083670     6.9730605417
H       21.4793948754     3.9004505314     6.8237748698
H       21.1588028446     3.0498450563     8.3249337498
H       20.4198380705     4.6243648283     8.0448492916
Si       16.4335382623     3.4766940294     4.2656940297
O       16.3241528947     4.9367450279     4.7138080721
O       17.9065981042     3.0872793899     3.8469285591
O       15.5327985091     3.0695244367     3.3256139939
O       16.0492584936     2.3230762701     5.9752902178
Si       16.5050520153     6.6151691235     4.3726651428
Si       13.9209799724     2.5617769362     2.4749781097
Si       18.8351107972     2.5460824670     2.5474097405
Si       15.7825808323     1.2116961847     6.4428691900
H       17.8888315277     6.8667729411     3.8775049676
H       15.5460000734     6.9590477523     3.2761715664
H       16.2717922661     7.4839952398     5.5876446111
H       12.8281105802     3.3164424512     3.0959944740
H       13.9492856654     2.8627817729     1.0332011388
H       18.4321246019     3.3299183909     1.3542169402
H       13.7218835365     1.1125529922     2.7094690898
H       18.5373524911     1.1036581330     2.2990329114
H       16.4566490166     0.9095092726     7.8025631768
H       14.2861680798     0.9914891497     6.7146666925
H       20.3281251960     2.6954290599     2.7459058911
H       16.2033023264     0.0749376381     5.5497745136
32
# Point -10 Energy = 0.0
C       20.6899846852     3.6797419106     7.5551721174
H       18.9195105453     3.4702158374     6.0800179549
C       19.4121494009     2.8777908232     6.8599698382
H       18.6215721646     2.6100576804     7.5700469429
H       20.5575741089     1.8657734269     5.4781818916
C       19.7911619668     1.6811746997     6.2404643086
H       18.9147887454     1.2172494180     5.7745142956
H       20.1969543162     0.9748734043     6.9702982890
H       21.4733976726     3.8987153828     6.8169326509
H       21.1560379189     3.0494811143     8.3210259661
H       20.4145755448     4.6231510251     8.0383490227
Si       16.4328667652     3.4703125174     4.2776738735
O       16.3225777517     4.9423561023     4.7172166954
O       17.9097299455     3.0858652617     3.8480808283
O       15.5182681526     3.0614371068     3.3155259086
O       16.0523203270     2.3469457392     5.9566383631
Si       16.5050928187     6.6135530104     4.3766872721
Si       13.9241142604     2.5611674098     2.4766361076
Si       18.8358788083     2.5445783626     2.5511822613
Si       15.7772897012     1.2043417859     6.4445471077
H       17.8894658294     6.8654661826     3.8819853349
H       15.5470372116     6.9600272144     3.2793237966
H       16.2719449553     7.4832687470     5.5914738882
H       12.8272733090     3.3153259227     3.0948874555
H       13.9502071357     2.8621979873     1.0327148866
H       18.4341766115     3.3283165945     1.3568990609
H       13.7198290763     1.1108112177     2.7076053602
H       18.5379030445     1.1022432702     2.3023426211
H       16.4523687379     0.9089240627     7.8012177358
H       14.2820881397     0.9904463097     6.7118083386
H       20.3290382678     2.6934000218     2.7499502134
H       16.2008026811     0.0740924506     5.5477949727
32
# Point -9 Energy = 0.0
C       20.6864545080     3.6778947622     7.5510963738
H       18.9250028283     3.4843991977     6.0878357430
C       19.4160077223     2.8851833595     6.8636734734
H       18.6287922415     2.6248827097     7.5805091449
H       20.5611664291     1.8592765818     5.4749379116
C       19.7954617997     1.6766342386     6.2384679315
H       18.9202242886     1.2110149955     5.7717284221
H       20.2027430058     0.9700905204     6.9675061352
H       21.4672861043     3.8968642501     6.8104457772
H       21.1530440081     3.0488887148     8.3173686339
H       20.4091601118     4.6217564418     8.0321909928
Si       16.4323082401     3.4639404213     4.2896286479
O       16.3211527884     4.9479431588     4.7204083146
O       17.9128374548     3.0844752550     3.8490267238
O       15.5038214730     3.0536330052     3.3053896171
O       16.0557609417     2.3705876245     5.9378156267
Si       16.5050993296     6.6119174931     4.3804336895
Si       13.9273119987     2.5606686917     2.4783957259
Si       18.8365709751     2.5431857969     2.5546763407
Si       15.7723670946     1.1969677007     6.4464443441
H       17.8900168045     6.8642441064     3.8861066453
H       15.5479551135     6.9608640572     3.2822425889
H       16.2720545065     7.4825433585     5.5950104577
H       12.8265321828     3.3142772198     3.0939585217
H       13.9510183970     2.8616713102     1.0323198411
H       18.4360427912     3.3268397973     1.3593506041
H       13.7179646247     1.1092012196     2.7059220118
H       18.5384325411     1.1009328234     2.3053506462
H       16.4485229812     0.9083088503     7.8000242636
H       14.2784216993     0.9894164446     6.7092466334
H       20.3298802187     2.6915490126     2.7536293067
H       16.1985653960     0.0732488807     5.5460242697
32
# Point -8 Energy = 0.0
C       20.6827652397     3.6759050151     7.5473009356
H       18.9305291100     3.4986880600     6.0958896742
C       19.4197710013     2.8925129507     6.8674776167
H       18.6359678407     2.6396718225     7.5909810282
H       20.5645532743     1.8527220410     5.4717498293
C       19.7995242889     1.6720380484     6.2364883455
H       18.9253963180     1.2048405860     5.7689027815
H       20.2082115952     0.9651568566     6.9646810114
H       21.4610616078     3.8949000552     6.8043129964
H       21.1498225881     3.0480680332     8.3139605233
H       20.4035920000     4.6201815754     8.0263743965
Si       16.4318638162     3.4575822561     4.3015588701
O       16.3198774213     4.9535081305     4.7233832593
O       17.9159186800     3.0831127072     3.8497680149
O       15.4894543767     3.0461125683     3.2952137633
O       16.0595768826     2.3940011246     5.9188208731
Si       16.5050729716     6.6102647374     4.3839040402
Si       13.9305757756     2.5602779207     2.4802554032
Si       18.8371856595     2.5419079374     2.5578939051
Si       15.7678122410     1.1895770700     6.4485604494
H       17.8904856496     6.8631086083     3.8898676784
H       15.5487539980     6.9615599502     3.2849273396
H       16.2721226365     7.4818220730     5.5982533711
H       12.8258843693     3.3132908778     3.0932010611
H       13.9517251632     2.8611928171     1.0320141348
H       18.4377218091     3.3254924206     1.3615737634
H       13.7162959787     1.1077187471     2.7044240630
H       18.5389385500     1.0997302925     2.3080579639
H       16.4451109361     0.9076661199     7.7989817279
H       14.2751680214     0.9884007451     6.7069807490
H       20.3306495675     2.6898783353     2.7569452539
H       16.1965912322     0.0724115166     5.5444605367
32
# Point -7 Energy = 0.0
C       20.6789180635     3.6737733501     7.5437839112
H       18.9360911445     3.5130747623     6.1041857593
C       19.4234411478     2.8997757881     6.8713835331
H       18.6431024965     2.6544180543     7.6014654845
H       20.5677321872     1.8461083541     5.4686141423
C       19.8033480023     1.6673840365     6.2345231759
H       18.9303025474     1.1987243680     5.7660352702
H       20.2133591232     0.9600698129     6.9618199581
H       21.4547257289     3.8928258251     6.7985323216
H       21.1463755268     3.0470197311     8.3107998739
H       20.3978715955     4.6184272098     8.0208976187
Si       16.4315344939     3.4512424812     4.3134651935
O       16.3187507664     4.9590528619     4.7261420517
O       17.9189715943     3.0817808513     3.8503068928
O       15.4751629028     3.0388757693     3.2850068677
O       16.0637641125     2.4171855835     5.8996531669
Si       16.5050148828     6.6085967842     4.3870983252
Si       13.9339082109     2.5599925113     2.4822132576
Si       18.8377212696     2.5407478029     2.5608374420
Si       15.7636239137     1.1821731113     6.4508949568
H       17.8908733152     6.8620614890     3.8932678153
H       15.5494340201     6.9621164548     3.2873776734
H       16.2721505439     7.4811076944     5.6012020354
H       12.8253271325     3.3123617594     3.0926079198
H       13.9523335648     2.8607538687     1.0317956357
H       18.4392125808     3.3242787343     1.3635712607
H       13.7148287654     1.1063597656     2.7031159522
H       18.5394186516     1.0986390530     2.3104660635
H       16.4421310868     0.9069984559     7.7980891970
H       14.2723258588     0.9874005796     6.7050096592
H       20.3313448330     2.6883900855     2.7599009015
H       16.1948805364     0.0715850108     5.5431020435
32
# Point -6 Energy = 0.0
C       20.6749143875     3.6715006645     7.5405428243
H       18.9416907364     3.5275509689     6.1127296340
C       19.4270202965     2.9069680239     6.8753923039
H       18.6502000498     2.6691143936     7.6119652990
H       20.5707010800     1.8394340382     5.4655273167
C       19.8069319615     1.6626700941     6.2325700907
H       18.9349412592     1.1926642209     5.7631239948
H       20.2181852520     0.9548270652     6.9589201636
H       21.4482801163     3.8906446715     6.7931010480
H       21.1427050720     3.0457449564     8.3078844138
H       20.3919994383     4.6164944138     8.0157582417
Si       16.4313211374     3.4449254851     4.3253484044
O       16.3177716450     4.9645790960     4.7286854032
O       17.9219940977     3.0804828045     3.8506459594
O       15.4609432275     3.0319221378     3.2747773030
O       16.0683180451     2.4401404771     5.8803117737
Si       16.5049259169     6.6069155356     4.3900168906
Si       13.9373119425     2.5598101755     2.4842670894
Si       18.8381762520     2.5397082570     2.5635099804
Si       15.7598004430     1.1747591066     6.4534473871
H       17.8911805003     6.8611044392     3.8963070088
H       15.5499952580     6.9625350083     3.2895934461
H       16.2721389254     7.4804028219     5.6038562036
H       12.8248578273     3.3114850713     3.0921714284
H       13.9528501276     2.8603461604     1.0316619509
H       18.4405142545     3.3232028523     1.3653463324
H       13.7135684303     1.1051204863     2.7020015108
H       18.5398704321     1.0976623498     2.3125769262
H       16.4395812364     0.9063085327     7.7973458420
H       14.2698934721     0.9864174811     6.7033321536
H       20.3319645281     2.6870861465     2.7624998321
H       16.1934332513     0.0707740639     5.5419472032
32
# Point -5 Energy = 0.0
C       20.6707558363     3.6690880670     7.5375746331
H       18.9473297232     3.5421076847     6.1215265225
C       19.4305107917     2.9140857849     6.8795048295
H       18.6572646141     2.6837538047     7.6224831332
H       20.5734582573     1.8326975860     5.4624858252
C       19.8102756545     1.6578941046     6.2306268289
H       18.9393113265     1.1866577255     5.7601672945
H       20.2226902761     0.9494265814     6.9559790017
H       21.4417265158     3.8883597702     6.7880157744
H       21.1388138369     3.0442453382     8.3052113817
H       20.3859762203     4.6143845370     8.0109530574
Si       16.4312244681     3.4386355698     4.3372094189
O       16.3169385905     4.9700884623     4.7310142117
O       17.9249840180     3.0792215572     3.8507882140
O       15.4467916678     3.0252507799     3.2645332683
O       16.0732335791     2.4628654009     5.8607961603
Si       16.5048066471     6.6052227435     4.3926604162
Si       13.9407896119     2.5597289408     2.4864143858
Si       18.8385490852     2.5387920023     2.5659150688
Si       15.7563397302     1.1673383910     6.4562172540
H       17.8914076486     6.8602390253     3.8989857531
H       15.5504377020     6.9628169094     3.2915747478
H       16.2720879956     7.4797098412     5.6062159645
H       12.8244738931     3.3106563776     3.0918834324
H       13.9532817507     2.8599617676     1.0316104305
H       18.4416261935     3.3222687287     1.3669027113
H       13.7125202265     1.1039973926     2.7010839411
H       18.5402914771     1.0968032914     2.3143930022
H       16.4374585324     0.9055991061     7.7967509373
H       14.2678686491     0.9854531333     6.7019468514
H       20.3325071543     2.6859681872     2.7647463315
H       16.1922489267     0.0699834079     5.5409945770
32
# Point -4 Energy = 0.0
C       20.6664442436     3.6665368704     7.5348757514
H       18.9530099579     3.5567352747     6.1305812037
C       19.4339151697     2.9211251863     6.8837218320
H       18.6643005398     2.6983292505     7.6330215087
H       20.5760024365     1.8258974754     5.4594861846
C       19.8133790464     1.6530539529     6.2286912273
H       18.9434122319     1.1807021666     5.7571637624
H       20.2268751298     0.9438666352     6.9529940664
H       21.4350667649     3.8859743397     6.7832724274
H       21.1347047849     3.0425229792     8.3027775514
H       20.3798027836     4.6120992039     8.0064780846
Si       16.4312450591     3.4323769366     4.3490492775
O       16.3162498571     4.9755824655     4.7331295571
O       17.9279391123     3.0779999636     3.8507370379
O       15.4327046857     3.0188604005     3.2542827662
O       16.0785051330     2.4853600560     5.8411059928
Si       16.5046573710     6.6035199975     4.3950299029
Si       13.9443438506     2.5597471657     2.4886523277
Si       18.8388382714     2.5380015766     2.5680567501
Si       15.7532392627     1.1599143394     6.4592040670
H       17.8915549478     6.8594666747     3.9013050513
H       15.5507612458     6.9629633046     3.2933219036
H       16.2719975103     7.4790309154     5.6082817312
H       12.8241728474     3.3098716087     3.0917353226
H       13.9536356820     2.8595931864     1.0316381747
H       18.4425479582     3.3214801552     1.3682446063
H       13.7116892032     1.1029872648     2.7003657998
H       18.5406793650     1.0960648454     2.3159171856
H       16.4357594946     0.9048730025     7.7963038603
H       14.2662487253     0.9845093558     6.7008522155
H       20.3329711961     2.6850376610     2.7666453530
H       16.1913267323     0.0692177893     5.5402428766
32
# Point -3 Energy = 0.0
C       20.6619816439     3.6638485828     7.5324420737
H       18.9587332914     3.5714234916     6.1398979775
C       19.4372361421     2.9280823479     6.8880438585
H       18.6713123755     2.7128337174     7.6435827895
H       20.5783327675     1.8190321783     5.4565249917
C       19.8162425873     1.6481475350     6.2267612468
H       18.9472440833     1.1747945387     5.7541122633
H       20.2307413897     0.9381458180     6.9499632059
H       21.4283027889     3.8834916197     6.7788662911
H       21.1303812132     3.0405804434     8.3005792588
H       20.3734801209     4.6096403073     8.0023285917
Si       16.4313833293     3.4261536731     4.3608691399
O       16.3157034291     4.9810624750     4.7350326966
O       17.9308570689     3.0768207333     3.8504961769
O       15.4186788907     3.0127493259     3.2440335794
O       16.0841266795     2.5076242353     5.8212411351
Si       16.5044781186     6.6018087140     4.3971266603
Si       13.9479772658     2.5598635519     2.4909777990
Si       18.8390423288     2.5373393495     2.5699395345
Si       15.7504961304     1.1524903551     6.4624073358
H       17.8916223303     6.8587886618     3.9032663833
H       15.5509656787     6.9629751763     3.2948354748
H       16.2718667921     7.4783679772     5.6100542299
H       12.8239522784     3.3091270690     3.0917180677
H       13.9539194939     2.8592333697     1.0317420414
H       18.4432792875     3.3208407591     1.3693766801
H       13.7110801965     1.1020872018     2.6998489856
H       18.5410316605     1.0954498350     2.3171527880
H       16.4344800449     0.9041331091     7.7960040909
H       14.2650306053     0.9835880894     6.7000465667
H       20.3333551157     2.6842958050     2.7682024792
H       16.1906654713     0.0684819532     5.5396909664
32
# Point -2 Energy = 0.0
C       20.6573702642     3.6610248992     7.5302690032
H       18.9645015548     3.5861615093     6.1494806335
C       19.4404765778     2.9349534094     6.8924712849
H       18.6783048297     2.7272602401     7.6541691667
H       20.5804488487     1.8121001710     5.4535989584
C       19.8188672181     1.6431727669     6.2248349960
H       18.9508076249     1.1689315541     5.7510119483
H       20.2342912742     0.9322630483     6.9468845524
H       21.4214365966     3.8809148502     6.7747920381
H       21.1258467350     3.0384207403     8.2986124308
H       20.3670093763     4.6070099988     7.9984991241
Si       16.4316395391     3.4199697398     4.3726702783
O       16.3152970314     4.9865297153     4.7367250593
O       17.9337355091     3.0756864239     3.8500697220
O       15.4047110428     3.0069155274     3.2337932499
O       16.0900917810     2.5296578104     5.8012016451
Si       16.5042686615     6.6000901270     4.3989522923
Si       13.9516924262     2.5600771537     2.4933873970
Si       18.8391597843     2.5368075199     2.5715683701
Si       15.7481070434     1.1450698573     6.4658265720
H       17.8916094762     6.8582060943     3.9048716716
H       15.5510506809     6.9628533325     3.2961162588
H       16.2716947575     7.4777227217     5.6115344882
H       12.8238098373     3.3084194402     3.0918222477
H       13.9541410572     2.8588757593     1.0319186551
H       18.4438200787     3.3203540023     1.3703040241
H       13.7106978189     1.1012946391     2.6995347332
H       18.5413459084     1.0949609362     2.3181035099
H       16.4336155381     0.9033823628     7.7958512086
H       14.2642107860     0.9826913799     6.6995280969
H       20.3336573471     2.6837436418     2.7694238802
H       16.1902635945     0.0677806275     5.5393378633
32
# Point -1 Energy = 0.0
C       20.6526125163     3.6580676896     7.5283514814
H       18.9703165424     3.6009379637     6.1593324223
C       19.4436394845     2.9417345478     6.8970043199
H       18.6852827307     2.7416019273     7.6647826427
H       20.5823507413     1.8050999434     5.4507049438
C       19.8212543725     1.6381275955     6.2229107526
H       18.9541042443     1.1631096537     5.7478622669
H       20.2375276393     0.9262175785     6.9437565496
H       21.4144702765     3.8782472499     6.7710437649
H       21.1211052611     3.0360473057     8.2968726164
H       20.3603918468     4.6042106788     7.9949835364
Si       16.4320137871     3.4138289595     4.3844540701
O       16.3150281408     4.9919852571     4.7382082402
O       17.9365719893     3.0745994356     3.8494620886
O       15.3907980543     3.0013566455     3.2235690586
O       16.0963936242     2.5514607172     5.7809877708
Si       16.5040285235     6.5983652782     4.4005086838
Si       13.9554918489     2.5603873846     2.4958774449
Si       18.8391891656     2.5364081148     2.5729486131
Si       15.7460683500     1.1376562687     6.4694612921
H       17.8915158187     6.8577198996     3.9061232486
H       15.5510158199     6.9625983971     3.2971652879
H       16.2714799463     7.4770965997     5.6127238222
H       12.8237432317     3.3077457828     3.0920380886
H       13.9543085154     2.8585143132     1.0321644177
H       18.4441703687     3.3200231807     1.3710321320
H       13.7105464505     1.1006073654     2.6994236105
H       18.5416196274     1.0946006757     2.3187734121
H       16.4331607944     0.9026237397     7.7958448906
H       14.2637853791     0.9818213626     6.6992948830
H       20.3338762923     2.6833819806     2.7703162712
H       16.1901192159     0.0671185076     5.5391827366
32
# Point 0 Energy = 0
C       20.6477110000     3.6549790000     7.5266840000
H       18.9761800000     3.6157410000     6.1694560000
C       19.4467280000     2.9484220000     6.9016430000
H       18.6922510000     2.7558520000     7.6754250000
H       20.5840390000     1.7980300000     5.4478400000
C       19.8234060000     1.6330100000     6.2209870000
H       18.9571360000     1.1573250000     5.7446630000
H       20.2404540000     0.9200090000     6.9405780000
H       21.4074060000     3.8754920000     6.7676150000
H       21.1161610000     3.0334640000     8.2953550000
H       20.3536290000     4.6012450000     7.9917750000
Si       16.4325060000     3.4077350000     4.3962220000
O       16.3148940000     4.9974300000     4.7394840000
O       17.9393640000     3.0735620000     3.8486780000
O       15.3769370000     2.9960700000     3.2133680000
O       16.1030250000     2.5730330000     5.7606000000
Si       16.5037570000     6.5966350000     4.4017980000
Si       13.9593780000     2.5607940000     2.4984440000
Si       18.8391290000     2.5361430000     2.5740860000
Si       15.7443760000     1.1302530000     6.4733110000
H       17.8913405600     6.8573308000     3.9070238400
H       15.5508605600     6.9622108000     3.2979838400
H       16.2712205600     7.4764908000     5.6136238400
H       12.8237502400     3.3071035200     3.0923555200
H       13.9544302400     2.8581435200     1.0324755200
H       18.4443303200     3.3198514400     1.3715668800
H       13.7106302400     1.1000235200     2.6995155200
H       18.5418503200     1.0943714400     2.3191668800
H       16.4331100800     0.9018602400     7.7959848800
H       14.2637500800     0.9809802400     6.6993448800
H       20.3340103200     2.6832114400     2.7708868800
H       16.1902300800     0.0665002400     5.5392248800
32
# Point 1 Energy = 0.0
C       20.6426686414     3.6517610708     7.5252620328
H       18.9820948229     3.6305604418     6.1798545519
C       19.4497454489     2.9550129166     6.9063878261
H       18.6992145410     2.7700048124     7.6860983548
H       20.5855144181     1.7908897534     5.4450017199
C       19.8253240368     1.6278189607     6.2190625286
H       18.9599049408     1.1515751439     5.7414139392
H       20.2430734415     0.9136376496     6.9373479324
H       21.4002465467     3.8726522295     6.7645005134
H       21.1110180060     3.0306745850     8.2940557588
H       20.3467228473     4.5981158253     7.9888677142
Si       16.4331162592     3.4016901799     4.4079756097
O       16.3148918699     5.0028635630     4.7405538606
O       17.9421091460     3.0725754524     3.8477217863
O       15.3631249232     2.9910527695     3.2031967527
O       16.1099790232     2.5943735543     5.7400390085
Si       16.5034532441     6.5948987369     4.4028218464
Si       13.9633527021     2.5612983871     2.5010828978
Si       18.8389775854     2.5360135274     2.5749854985
Si       15.7430263872     1.1228624472     6.4773755648
H       17.8910826616     6.8570381154     3.9075754520
H       15.5505841528     6.9616892530     3.2985726531
H       16.2709146629     7.4759053547     5.6142354184
H       12.8238285556     3.3064918035     3.0927649001
H       13.9545141135     2.8577606860     1.0328481723
H       18.4442993058     3.3198415014     1.3719136506
H       13.7109518950     1.0995428482     2.6998087389
H       18.5420354704     1.0942750924     2.3192873986
H       16.4334581395     0.9010939583     7.7962713007
H       14.2641009948     0.9801694835     6.6996763311
H       20.3340575864     2.6832324156     2.7711416915
H       16.1905942304     0.0659294813     5.5394639553
32
# Point 2 Energy = 0.0
C       20.6374884738     3.6484162732     7.5240807322
H       18.9880638227     3.6453857537     6.1905307435
C       19.4526952127     2.9615045228     6.9112391608
H       18.7061782694     2.7840548606     7.6968046211
H       20.5867781486     1.7836786289     5.4421878913
C       19.8270107856     1.6225534999     6.2171363237
H       18.9624136036     1.1458574485     5.7381151705
H       20.2453895112     0.9071041414     6.9340656932
H       21.3929947322     3.8697310070     6.7616946723
H       21.1056805073     3.0276831473     8.2929708207
H       20.3396755018     4.5948262111     7.9862553606
Si       16.4338445292     3.3956966961     4.4197164893
O       16.3150188772     5.0082854164     4.7414194564
O       17.9448049968     3.0716410053     3.8465979690
O       15.3493590534     2.9863018746     3.1930617023
O       16.1172484935     2.6154814509     5.7193056906
Si       16.5031162937     6.5931557480     4.4035820665
Si       13.9674177400     2.5619021201     2.5037898452
Si       18.8387332185     2.5360209408     2.5756523154
Si       15.7420156026     1.1154870085     6.4816547799
H       17.8907409523     6.8568409662     3.9077803857
H       15.5501858208     6.9610323215     3.2989327097
H       16.2705601572     7.4753400492     5.6145597001
H       12.8239759695     3.3059099930     3.0932565035
H       13.9545681241     2.8573634723     1.0332784954
H       18.4440767816     3.3199959873     1.3720780781
H       13.7115139717     1.0991653298     2.7003010973
H       18.5421725481     1.0943134067     2.3191386453
H       16.4341993174     0.9003270373     7.7967042434
H       14.2648339242     0.9793906318     6.7002873312
H       20.3340162206     2.6834451766     2.7710870173
H       16.1912094385     0.0654098732     5.5398996486
32
# Point 3 Energy = 0.0
C       20.6321734396     3.6449470058     7.5231336645
H       18.9940884766     3.6602039487     6.2014856946
C       19.4555806046     2.9678932653     6.9161966492
H       18.7131470749     2.7979957338     7.7075450219
H       20.5878319300     1.7763952603     5.4393961188
C       19.8284693698     1.6172117806     6.2152073997
H       18.9646656254     1.1401675470     5.7347672583
H       20.2474071873     0.9004089824     6.9307309935
H       21.3856528616     3.8667312946     6.7591898502
H       21.1001532430     3.0244944667     8.2920946593
H       20.3324887526     4.5913793438     7.9839296164
Si       16.4346903441     3.3897578146     4.4314462731
O       16.3152717339     5.0136960251     4.7420829025
O       17.9474489221     3.0707604771     3.8453119302
O       15.3356369363     2.9818139421     3.1829689803
O       16.1248255945     2.6363567517     5.6984008511
Si       16.5027449138     6.5914063145     4.4040814616
Si       13.9715753149     2.5626059010     2.5065603873
Si       18.8383943711     2.5361666249     2.5760930058
Si       15.7413389711     1.1081300709     6.4861481391
H       17.8903140421     6.8567395183     3.9076421855
H       15.5496647510     6.9602399164     3.2990659204
H       16.2701545176     7.4747953808     5.6145989768
H       12.8241903377     3.3053564591     3.0938196278
H       13.9546011848     2.8569478086     1.0337622634
H       18.4436631321     3.3203175639     1.3720668664
H       13.7123199559     1.0988901154     2.7009908690
H       18.5422588916     1.0944883541     2.3187257446
H       16.4353268906     0.8995625765     7.7972836686
H       14.2659439140     0.9786460800     6.7011755930
H       20.3338844671     2.6838497469     2.7707311496
H       16.1920728484     0.0649459291     5.5405316374
32
# Point 4 Energy = 0.0
C       20.6267266389     3.6413557983     7.5224140697
H       19.0001701532     3.6750017503     6.2127198562
C       19.4584050058     2.9741757088     6.9212597789
H       18.7201258050     2.8118212200     7.7183205170
H       20.5886780128     1.7690383243     5.4366242806
C       19.8297034089     1.6117920263     6.2132750216
H       18.9666652931     1.1345008498     5.7313711022
H       20.2491320577     0.8935530081     6.9273439549
H       21.3782233113     3.8636559574     6.7569779949
H       21.0944411811     3.0211136506     8.2914214986
H       20.3251645691     4.5877786125     7.9818816296
Si       16.4356530637     3.3838766195     4.4431666713
O       16.3156469653     5.0190956667     4.7425464547
O       17.9500382398     3.0699355101     3.8438692798
O       15.3219562855     2.9775853679     3.1729243793
O       16.1327022318     2.6569995810     5.6773255103
Si       16.5023376905     6.5896504912     4.4043230593
Si       13.9758275329     2.5634107655     2.5093898654
Si       18.8379594985     2.5364518054     2.5763143957
Si       15.7409914884     1.1007949720     6.4908551255
H       17.8898003432     6.8567336990     3.9071646737
H       15.5490200332     6.9593117380     3.2989744273
H       16.2696949897     7.4742715756     5.6143557832
H       12.8244695659     3.3048299130     3.0944434036
H       13.9546223402     2.8565102035     1.0342950871
H       18.4430588107     3.3208087492     1.3718870016
H       13.7133730701     1.0987167305     2.7018757079
H       18.5422918114     1.0948017659     2.3180540461
H       16.4368337006     0.8988036617     7.7980095861
H       14.2674256774     0.9779382349     6.7023387479
H       20.3336605312     2.6844459748     2.7700827418
H       16.1931812931     0.0645420679     5.5413597084
32
# Point 5 Energy = 0.0
C       20.6211513087     3.6376452872     7.5219149215
H       19.0063100981     3.6897656633     6.2242330345
C       19.4611718409     2.9803485477     6.9264278951
H       18.7271192195     2.8255253190     7.7291318141
H       20.5893191343     1.7616065574     5.4338705255
C       19.8307169796     1.6062925365     6.2113386927
H       18.9684174973     1.1288525884     5.7279279041
H       20.2505702640     0.8865373715     6.9239050875
H       21.3707085212     3.8605077476     6.7550507036
H       21.0885494784     3.0175460807     8.2909453666
H       20.3177050899     4.5840275787     7.9801021020
Si       16.4367318824     3.3780560130     4.4548794520
O       16.3161409233     5.0244844372     4.7428124945
O       17.9525702232     3.0691675748     3.8422758258
O       15.3083149744     2.9736123570     3.1629333500
O       16.1408701239     2.6774100569     5.6560808420
Si       16.5018930408     6.5878881122     4.4043100839
Si       13.9801763812     2.5643180985     2.5122734400
Si       18.8374270283     2.5368775402     2.5763235439
Si       15.7409679033     1.0934849934     6.4957752300
H       17.8891980719     6.8568231999     3.9063519011
H       15.5482506531     6.9582472759     3.2986605844
H       16.2691786148     7.4737686004     5.6138328665
H       12.8248115799     3.3043294098     3.0951168008
H       13.9546407610     2.8560477562     1.0348724283
H       18.4422643139     3.3214718981     1.3715457134
H       13.7146762613     1.0986450916     2.7029526726
H       18.5422685697     1.0952553241     2.3171291012
H       16.4387122454     0.8980533578     7.7988820770
H       14.2692736795     0.9772695047     6.7037743772
H       20.3333425731     2.6852335185     2.7691507485
H       16.1945313635     0.0642026017     5.5423837795
32
# Point 6 Energy = 0.0
C       20.6154508138     3.6338182029     7.5216289652
H       19.0125094244     3.7044820459     6.2360243885
C       19.4638845624     2.9864086220     6.9317002065
H       18.7341319590     2.8391022649     7.7399793647
H       20.5897585089     1.7540987633     5.4311332826
C       19.8315145989     1.6007116944     6.2093981559
H       18.9699277081     1.1232178396     5.7244391564
H       20.2517284728     0.8793635315     6.9204152881
H       21.3631109918     3.8572892939     6.7533992674
H       21.0824834593     3.0137973799     8.2906601268
H       20.3101126253     4.5801299599     7.9785813420
Si       16.4379258323     3.3722987096     4.4665864319
O       16.3167498023     5.0298622484     4.7428835210
O       17.9550421064     3.0684579694     3.8405375510
O       15.2947110374     2.9698909476     3.1530009931
O       16.1493208336     2.6975882806     5.6346681664
Si       16.5014092288     6.5861187872     4.4040459413
Si       13.9846237199     2.5653296269     2.5152061106
Si       18.8367953574     2.5374447201     2.5761277110
Si       15.7412627401     1.0862033511     6.5009079508
H       17.8885052626     6.8570074698     3.9052081178
H       15.5473554995     6.9570458061     3.2981269521
H       16.2686022607     7.4732861608     5.6130331722
H       12.8252143215     3.3038543379     3.0958286617
H       13.9546657198     2.8555581580     1.0354896157
H       18.4412801667     3.3223092029     1.3710504463
H       13.7162321955     1.0986755050     2.7042182492
H       18.5421863782     1.0958505626     2.3159566356
H       16.4409547147     0.8973146988     7.7999012882
H       14.2714821628     0.9766422839     6.7054800236
H       20.3329287073     2.6862118511     2.7679443827
H       16.1961194277     0.0639317239     5.5436038940
32
# Point 7 Energy = 0.0
C       20.6096286371     3.6298773584     7.5215487557
H       19.0187691054     3.7191371834     6.2480924328
C       19.4665466373     2.9923529329     6.9370757906
H       18.7411685175     2.8525465490     7.7508633615
H       20.5899998165     1.7465138188     5.4284112651
C       19.8321012026     1.5950479734     6.2074533912
H       18.9712019469     1.1175915504     5.7209066278
H       20.2526138443     0.8720332395     6.9168758327
H       21.3554332811     3.8540030943     6.7520147159
H       21.0762485949     3.0098733792     8.2905595109
H       20.3023896587     4.5760896142     7.9773093197
Si       16.4392337879     3.3666072317     4.4782894671
O       16.3174696539     5.0352288255     4.7427621427
O       17.9574510899     3.0678078207     3.8386605891
O       15.2811426704     2.9664170331     3.1431320521
O       16.1580457981     2.7175343255     5.6130889410
Si       16.5008843828     6.5843418998     4.4035342043
Si       13.9891712735     2.5664474092     2.5181827354
Si       18.8360628502     2.5381540712     2.5757343280
Si       15.7418703213     1.0789531871     6.5062527928
H       17.8877197806     6.8572857079     3.9037377453
H       15.5463333715     6.9557063902     3.2973762895
H       16.2679626519     7.4728237021     5.6119598309
H       12.8256757461     3.3034044069     3.0965677334
H       13.9547065681     2.8550396901     1.0361418603
H       18.4401069095     3.3233226943     1.3704088296
H       13.7180432529     1.0988086633     2.7056683779
H       18.5420423976     1.0965888677     2.3145425221
H       16.4435530256     0.8965906776     7.8010674269
H       14.2740451729     0.9760589382     6.7074532000
H       20.3324170038     2.6873802660     2.7664730728
H       16.1979416491     0.0637334982     5.5450202150
32
# Point 8 Energy = 0.0
C       20.6036883700     3.6258256375     7.5216666947
H       19.0250899689     3.7337173637     6.2604350452
C       19.4691615332     2.9981786575     6.9425535992
H       18.7482332175     2.8658529391     7.7617837385
H       20.5900471847     1.7388506794     5.4257034718
C       19.8324821225     1.5892999435     6.2055046105
H       18.9722467540     1.1119685647     5.7173323455
H       20.2532339977     0.8645485230     6.9132883651
H       21.3476780020     3.8506515117     6.7508878613
H       21.0698504821     3.0057800849     8.2906371489
H       20.2945388465     4.5719105248     7.9762757211
Si       16.4406544715     3.3609839057     4.4899904440
O       16.3182964029     5.0405837059     4.7424510689
O       17.9597943472     3.0672180842     3.8366512016
O       15.2676082318     2.9631863842     3.1333309081
O       16.1670363583     2.7372482270     5.5913447530
Si       16.5003165125     6.5825566062     4.4027785985
Si       13.9938206246     2.5676738243     2.5211980521
Si       18.8352278376     2.5390061565     2.5751509675
Si       15.7427847909     1.0717375608     6.5118092664
H       17.8868393372     6.8576568584     3.9019453505
H       15.5451829872     6.9542278747     3.2964115480
H       16.2672563994     7.4723804093     5.6106161443
H       12.8261938212     3.3029796349     3.0973226991
H       13.9547727137     2.8544912193     1.0368242719
H       18.4387450862     3.3245142417     1.3696286501
H       13.7201115243     1.0990456407     2.7072984817
H       18.5418337376     1.0974714795     2.3128927561
H       16.4464988568     0.8958842360     7.8023807545
H       14.2769565838     0.9755217906     6.7096913996
H       20.3318054897     2.6887378821     2.7647464219
H       16.1999940067     0.0636118481     5.5466330201
32
# Point 9 Energy = 0.0
C       20.5976337019     3.6216659842     7.5219750668
H       19.0314726933     3.7482089518     6.2730494795
C       19.4717327069     3.0038831618     6.9481324642
H       18.7553301886     2.8790164993     7.7727401736
H       20.5899051694     1.7311083837     5.4230091830
C       19.8326630597     1.5834662769     6.2035522493
H       18.9730691514     1.1063436501     5.7137185762
H       20.2535969748     0.8569116683     6.9096548814
H       21.3398478180     3.8472367713     6.7500093419
H       21.0632948227     3.0015236459     8.2908865982
H       20.2865630174     4.5675967851     7.9754700037
Si       16.4421864597     3.3554308592     4.5016912704
O       16.3192258633     5.0459262389     4.7419531015
O       17.9620690311     3.0666895454     3.8345157554
O       15.2541062427     2.9601946694     3.1236015767
O       16.1762837872     2.7567299729     5.5694373097
Si       16.4997035261     6.5807618351     4.4017829885
Si       13.9985732082     2.5690115597     2.5242466981
Si       18.8342886170     2.5400013781     2.5743853143
Si       15.7440001375     1.0645594421     6.5175768867
H       17.8858615040     6.8581196058     3.8998356208
H       15.5439029939     6.9526088920     3.2952358631
H       16.2664800291     7.4719552088     5.6090055728
H       12.8267665258     3.3025803352     3.0980822089
H       13.9548736001     2.8539121903     1.0375318751
H       18.4371952334     3.3258855534     1.3687178244
H       13.7224388077     1.0993878852     2.7091034968
H       18.5415574576     1.0984994928     2.3110134312
H       16.4497836832     0.8951982554     7.8038415810
H       14.2802101231     0.9750331068     6.7121921035
H       20.3310921517     2.6902836482     2.7627741686
H       16.2022723134     0.0635705469     5.5484426946
32
# Point 10 Energy = 0.0
C       20.5914684100     3.6174013935     7.5224660749
H       19.0379178060     3.7625984639     6.2859323833
C       19.4742635933     3.0094640130     6.9538111032
H       18.7624633504     2.8920326061     7.7837320929
H       20.5895787303     1.7232860574     5.4203279533
C       19.8326500562     1.5775457528     6.2015969555
H       18.9736766037     1.1007115254     5.7100678039
H       20.2537111996     0.8491252012     6.9059777095
H       21.3319454394     3.8437609616     6.7493696637
H       21.0565874033     2.9971103231     8.2913013716
H       20.2784651695     4.5631525834     7.9748814504
Si       16.4438281908     3.3499500188     4.5133938667
O       16.3202537541     5.0512555856     4.7412711265
O       17.9642722813     3.0662228221     3.8322607010
O       15.2406353885     2.9574374755     3.1139477058
O       16.1857793170     2.7759794947     5.5473684305
Si       16.4990432479     6.5789562880     4.4005513640
Si       14.0034303073     2.5704635974     2.5273232314
Si       18.8332434534     2.5411399787     2.5734451390
Si       15.7455102171     1.0574217039     6.5235551715
H       17.8847837285     6.8586723720     3.8974133408
H       15.5424919781     6.9508478613     3.2938525472
H       16.2656300097     7.4715467710     5.6071317218
H       12.8273918510     3.3022071023     3.0988349087
H       13.9550186864     2.8533026158     1.0382596263
H       18.4354578720     3.3274381771     1.3676843724
H       13.7250266062     1.0998372101     2.7110779051
H       18.5412105686     1.0996738587     2.3089107166
H       16.4533988086     0.8945355469     7.8054502585
H       14.2837993968     0.9745950822     6.7149527890
H       20.3302749398     2.6920163484     2.7605661496
H       16.2047722353     0.0636132082     5.5504497255
32
# Point 11 Energy = 0.0
C       20.5851963481     3.6130349028     7.5231318736
H       19.0444256830     3.7768726395     6.2990798201
C       19.4767575954     3.0149189905     6.9595881254
H       18.7696363973     2.9048969636     7.7947586773
H       20.5890732039     1.7153829160     5.4176596015
C       19.8324494640     1.5715372614     6.1996395761
H       18.9740769742     1.0950668881     5.7063827072
H       20.2535854382     0.8411918669     6.9022594872
H       21.3239736186     3.8402260375     6.7489592416
H       21.0497340749     2.9925464597     8.2918749628
H       20.2702484662     4.5585821900     7.9744992227
Si       16.4455779731     3.3445431086     4.5251001580
O       16.3213757153     5.0565707198     4.7404081060
O       17.9664012318     3.0658183658     3.8298925511
O       15.2271945184     2.9549103261     3.1043725756
O       16.1955141651     2.7949966594     5.5251400373
Si       16.4983334351     6.5771384404     4.3990878276
Si       14.0083930496     2.5720331999     2.5304221508
Si       18.8320905809     2.5424220441     2.5723382713
Si       15.7473087761     1.0503271161     6.5297436398
H       17.8836033495     6.8593133135     3.8946833715
H       15.5409484771     6.9489429908     3.2922650812
H       16.2647027792     7.4711535127     5.6049983304
H       12.8280678017     3.3018607977     3.0995694681
H       13.9552174289     2.8526630651     1.0390024294
H       18.4335334999     3.3291734998     1.3665363923
H       13.7278761266     1.1003957839     2.7132157680
H       18.5407900355     1.1009953852     2.3065908359
H       16.4573353982     0.8938988421     7.8072071757
H       14.2877179130     0.9742098290     6.7179709359
H       20.3293517709     2.6939346063     2.7581322642
H       16.2074893103     0.0637432774     5.5526546945
32
# Point 12 Energy = 0.0
C       20.5788214358     3.6085695850     7.5239646013
H       19.0509965506     3.7910185103     6.3124872956
C       19.4792180753     3.0202460952     6.9654620372
H       18.7768527885     2.9176056164     7.8058188716
H       20.5883942738     1.7073982672     5.4150041960
C       19.8320679128     1.5654398076     6.1976811419
H       18.9742784809     1.0894044416     5.7026661344
H       20.2532287558     0.8331146093     6.8985031350
H       21.3159351445     3.8366338263     6.7487684381
H       21.0427407339     2.9878384539     8.2926008704
H       20.2619162298     4.5538899435     7.9743124120
Si       16.4474339943     3.3392116499     4.5368120651
O       16.3225873240     5.0618704299     4.7393670708
O       17.9684530186     3.0654764639     3.8274178611
O       15.2137826473     2.9526087001     3.0948790993
O       16.2054795588     2.8137812621     5.5027541458
Si       16.4975717956     6.5753065444     4.3973965827
Si       14.0134624053     2.5737238955     2.5335379166
Si       18.8308282055     2.5438475048     2.5710725766
Si       15.7493894730     1.0432783399     6.5361418096
H       17.8823176124     6.8600403205     3.8916506301
H       15.5392709908     6.9468922807     3.2904771072
H       16.2636947698     7.4707736011     5.6026092585
H       12.8287923990     3.3015425362     3.1002746075
H       13.9554792634     2.8519946500     1.0397551527
H       18.4314225859     3.3310927477     1.3652820369
H       13.7309882785     1.1010661184     2.7155107608
H       18.5402927803     1.1024647392     2.3040600473
H       16.4615845100     0.8932907841     7.8091127512
H       14.2919591055     0.9738793634     6.7212440336
H       20.3283205337     2.6960368890     2.7554824412
H       16.2104189668     0.0639640229     5.5550582717
32
# Point 13 Energy = 0.0
C       20.5723476469     3.6040085420     7.5249564102
H       19.0576304882     3.8050234659     6.3261497886
C       19.4816483468     3.0254435572     6.9714312483
H       18.7841157402     2.9301549599     7.8169113945
H       20.5875479377     1.6993315125     5.4123620388
C       19.8315122761     1.5592525139     6.1957228501
H       18.9742896485     1.0837189221     5.6989210789
H       20.2526504733     0.8248965491     6.8947118287
H       21.3078328377     3.8329860355     6.7487876001
H       21.0356133028     2.9829927331     8.2934726204
H       20.2534719341     4.5490802393     7.9743100888
Si       16.4493943305     3.3339569610     4.5485314980
O       16.3238841096     5.0671533205     4.7381511118
O       17.9704247884     3.0651972426     3.8248432093
O       15.2003989551     2.9505280489     3.0854698262
O       16.2156667587     2.8323330187     5.4802128566
Si       16.4967560038     6.5734586309     4.3954819214
Si       14.0186391859     2.5755394623     2.5366649702
Si       18.8294545083     2.5454161382     2.5696559324
Si       15.7517459004     1.0362779227     6.5427491958
H       17.8809236856     6.8608510162     3.8883200725
H       15.5374579939     6.9446935264     3.2884924200
H       16.2626024326     7.4704049579     5.5999684767
H       12.8295636841     3.3012536713     3.1009391231
H       13.9558135894     2.8512990104     1.0405126445
H       18.4291255656     3.3331969865     1.3639294908
H       13.7343636743     1.1018510562     2.7179562079
H       18.5397156856     1.1040824469     2.3013246256
H       16.4661371242     0.8927139178     7.8111674282
H       14.2965163565     0.9736055939     6.7247695857
H       20.3271790942     2.6983215118     2.7526266077
H       16.2135565409     0.0642785284     5.5576612084
32
# Point 14 Energy = 0.0
C       20.5657789977     3.5993549006     7.5260994941
H       19.0643274333     3.8188753148     6.3400617839
C       19.4840516680     3.0305098429     6.9774940772
H       18.7914282218     2.9425417494     7.8280347511
H       20.5865404735     1.6911821481     5.4097336468
C       19.8307896368     1.5529746224     6.1937660457
H       18.9741192604     1.0780051246     5.6951506538
H       20.2518601233     0.8165409630     6.8908889687
H       21.2996695435     3.8292842634     6.7490070933
H       21.0283577126     2.9780157319     8.2944837861
H       20.2449191950     4.5441575188     7.9744813494
Si       16.4514569570     3.3287801575     4.5602603472
O       16.3252615698     5.0724178156     4.7367633734
O       17.9723137063     3.0649806693     3.8221751792
O       15.1870427882     2.9486638122     3.0761469445
O       16.2260670813     2.8506515606     5.4575183463
Si       16.4958837182     6.5715925135     4.3933482142
Si       14.0239240440     2.5774839133     2.5397977537
Si       18.8279676496     2.5471275699     2.5680962072
Si       15.7543716062     1.0293282932     6.5495653074
H       17.8794186755     6.8617427574     3.8846966768
H       15.5355079489     6.9423443230     3.2863149597
H       16.2614222597     7.4700452640     5.5970800546
H       12.8303797225     3.3009957819     3.1015519106
H       13.9562297548     2.8505782978     1.0412697490
H       18.4266428381     3.3354871205     1.3624869495
H       13.7380026304     1.1027537574     2.7205451189
H       18.5390555990     1.1058488958     2.2983908451
H       16.4709841719     0.8921706814     7.8133716675
H       14.3013830174     0.9733903098     6.7285451149
H       20.3259253014     2.7007866410     2.7495746601
H       16.2168972939     0.0646896850     5.5604643304
32
# Point 15 Energy = 0.0
C       20.5591195352     3.5946118085     7.5273861143
H       19.0710871872     3.8325623411     6.3542173093
C       19.4864312357     3.0354436594     6.9836487570
H       18.7987929549     2.9547631056     7.8391872458
H       20.5853784027     1.6829497655     5.4071197309
C       19.8299072510     1.5466054969     6.1918122025
H       18.9737763102     1.0722579279     5.6913580664
H       20.2508674066     0.8080512625     6.8870381486
H       21.2914481256     3.8255300109     6.7494173351
H       21.0209798849     2.9729138713     8.2956280064
H       20.2362617594     4.5391262594     7.9748153591
Si       16.4536197589     3.3236821544     4.5720004777
O       16.3267151852     5.0776621617     4.7352070465
O       17.9741169645     3.0648265556     3.8194203418
O       15.1737136588     2.9470114337     3.0669122869
O       16.2366719192     2.8687364284     5.4346728585
Si       16.4949525964     6.5697057925     4.3909999001
Si       14.0293174737     2.5795614798     2.5429307288
Si       18.8263657735     2.5489812761     2.5664012407
Si       15.7572601136     1.0224317578     6.5565896449
H       17.8777996422     6.8627126363     3.8807854290
H       15.5334193184     6.9398420698     3.2839488040
H       16.2601508057     7.4696919652     5.5939481515
H       12.8312386093     3.3007706585     3.1021019878
H       13.9567370428     2.8498351582     1.0420213221
H       18.4239747646     3.3379638927     1.3609625992
H       13.7419051679     1.1037776851     2.7232702238
H       18.5383093377     1.1077643353     2.2952649639
H       16.4761165620     0.8916633971     7.8157259427
H       14.3065524302     0.9732351703     6.7325681671
H       20.3245569934     2.7034302979     2.7463364373
H       16.2204364286     0.0652001844     5.5634685304
