32
# Point -15 Energy = 0.0
C       20.6491509847     3.6761295871     7.5212448640
H       19.0197282405     3.6040748773     6.1536189046
C       19.4576421912     2.9262839549     6.9043287401
H       18.6817654760     2.7370875159     7.6566836132
H       20.5920904092     1.8174070833     5.4655979546
C       19.8192381717     1.6501540358     6.2237883374
H       18.9673938289     1.1385400181     5.7568743434
H       20.2262732489     0.9473541851     6.9575430197
H       21.4307212728     3.8610155161     6.7763124848
H       21.0764467146     3.0001449467     8.2680254224
H       20.3929804096     4.6134349760     8.0216112699
Si       16.4506463649     3.3815252788     4.3993074472
O       16.3245795194     5.3508362290     4.7202690730
O       18.1083479622     3.0091572607     3.7101055435
O       15.1342330781     2.9150480549     3.0430310331
O       16.0433030482     2.3696248594     5.9279776556
Si       16.4838724386     6.4906014734     4.4254167228
Si       14.0446719154     2.5883544029     2.5412009871
Si       18.7982019657     2.5637137800     2.6371040762
Si       15.7638903997     1.2066844123     6.4417857070
H       17.8789304556     6.8595310569     3.9104761614
H       15.5450847461     6.9613654434     3.3023471708
H       16.2621367797     7.4784251788     5.6136495578
H       12.8265581125     3.3059785305     3.0888433705
H       13.9558449841     2.8606870163     1.0320152961
H       18.4487641363     3.3210367115     1.3759243701
H       13.7124436727     1.1042172970     2.6954832732
H       18.5482148479     1.0986233437     2.3209757457
H       16.4316135453     0.9023035157     7.8044366244
H       14.2651544107     0.9787692148     6.7089199228
H       20.3384158960     2.6862146189     2.7719280118
H       16.1896413728     0.0689776249     5.5503386560
32
# Point -14 Energy = 0.0
C       20.6489472098     3.6747430472     7.5217085952
H       19.0166814597     3.6049811642     6.1547133855
C       19.4567775124     2.9278110539     6.9041764808
H       18.6822785223     2.7383825522     7.6579460716
H       20.5914235505     1.8162163301     5.4643621057
C       19.8193556257     1.6490985137     6.2235311674
H       18.9665014553     1.1399028812     5.7559468413
H       20.2270292820     0.9455657950     6.9563241807
H       21.4291433343     3.8620473174     6.7758514782
H       21.0789897967     3.0022659662     8.2700491462
H       20.3902193702     4.6126585219     8.0198562143
Si       16.4494139876     3.3834463544     4.3990135381
O       16.3237234039     5.3273825318     4.7226342941
O       18.0973592347     3.0135824637     3.7197330184
O       15.1508533929     2.9202605600     3.0538439232
O       16.0474716294     2.3837154419     5.9171129140
Si       16.4855594150     6.4974996820     4.4236635421
Si       14.0389706384     2.5862900252     2.5386683057
Si       18.8005944411     2.5618754242     2.6328421866
Si       15.7628081016     1.2016501139     6.4433684131
H       17.8803265100     6.8593464407     3.9100653607
H       15.5456128096     6.9614291451     3.3018441017
H       16.2630905067     7.4781942554     5.6136782770
H       12.8262031051     3.3059339962     3.0894081899
H       13.9556698153     2.8602029133     1.0321882253
H       18.4481829205     3.3209776667     1.3754315319
H       13.7123325535     1.1035316385     2.6961335915
H       18.5475283090     1.0981904343     2.3208483279
H       16.4319846154     0.9023451857     7.8034743815
H       14.2651412400     0.9790124754     6.7078370514
H       20.3378827781     2.6860581246     2.7718549457
H       16.1899240732     0.0687039838     5.5490555733
32
# Point -13 Energy = 0.0
C       20.6487582357     3.6733524486     7.5221587256
H       19.0136545992     3.6058690728     6.1558030705
C       19.4559319341     2.9293305830     6.9040209010
H       18.6828175011     2.7396705567     7.6592071057
H       20.5907749133     1.8150118173     5.4631335447
C       19.8194955064     1.6480305163     6.2232837552
H       18.9656384987     1.1412504495     5.7550350229
H       20.2278118408     0.9437721279     6.9551171903
H       21.4275685350     3.8630692033     6.7753747209
H       21.0815475104     3.0044011466     8.2720459072
H       20.3874762906     4.6118765427     8.0180681583
Si       16.4481847183     3.3853436980     4.3987326213
O       16.3228965742     5.3039107181     4.7248456448
O       18.0863295796     3.0179906056     3.7293062232
O       15.1674142359     2.9255028705     3.0647331166
O       16.0516144956     2.3977320481     5.9062057953
Si       16.4871951748     6.5044234784     4.4219358378
Si       14.0332720885     2.5842569839     2.5360919195
Si       18.8030347568     2.5600375723     2.6285891584
Si       15.7616952658     1.1966060927     6.4450248568
H       17.8816423498     6.8591683088     3.9096781756
H       15.5461217338     6.9614929321     3.3013687899
H       16.2639950000     7.4779806217     5.6137015981
H       12.8258714998     3.3059054176     3.0899269270
H       13.9555062489     2.8597626312     1.0323413134
H       18.4476416654     3.3209164601     1.3749671469
H       13.7122204836     1.1029030658     2.6967315456
H       18.5468776087     1.0977795135     2.3207210534
H       16.4323181127     0.9023747947     7.8025685299
H       14.2651171119     0.9792399213     6.7068166672
H       20.3373837929     2.6858953283     2.7717818013
H       16.1901727379     0.0684444728     5.5478485356
32
# Point -12 Energy = 0.0
C       20.6485842067     3.6719579586     7.5225950573
H       19.0106477986     3.6067386039     6.1568877940
C       19.4551055742     2.9308426024     6.9038618890
H       18.6833825680     2.7409516987     7.6604666222
H       20.5901445875     1.8137933910     5.4619123049
C       19.8196579338     1.6469500408     6.2230461743
H       18.9648050534     1.1425826056     5.7541390185
H       20.2286210577     0.9419732642     6.9539222145
H       21.4259969264     3.8640812631     6.7748819148
H       21.0841199333     3.0065505456     8.2740152770
H       20.3847515771     4.6110891241     8.0162469896
Si       16.4469585979     3.3872170496     4.3984646168
O       16.3220992059     5.2804214390     4.7269028484
O       18.0752593055     3.0223812705     3.7388248488
O       15.1839148161     2.9307743698     3.0756989359
O       16.0557313819     2.4116742756     5.8952563983
Si       16.4887796297     6.5113725903     4.4202336272
Si       14.0275761277     2.5822555212     2.5334714250
Si       18.8055229536     2.5582001165     2.6243449529
Si       15.7605517274     1.1915525582     6.4467551328
H       17.8828777567     6.8589964161     3.9093151244
H       15.5466112184     6.9615565450     3.3009218158
H       16.2648501399     7.4777836905     5.6137197784
H       12.8255634148     3.3058930618     3.0903993057
H       13.9553542664     2.8593664319     1.0324744229
H       18.4471405746     3.3208529479     1.3745313306
H       13.7121073423     1.1023317812     2.6972766247
H       18.5462631215     1.0973904327     2.3205941088
H       16.4326137529     0.9023927484     7.8017192160
H       14.2650818871     0.9794520267     6.7058590042
H       20.3369189705     2.6857262348     2.7717087260
H       16.1903871923     0.0681993941     5.5467178602
32
# Point -11 Energy = 0.0
C       20.6484252652     3.6705597429     7.5230173939
H       19.0076611966     3.6075897594     6.1579673899
C       19.4542985486     2.9323471719     6.9036993316
H       18.6839738764     2.7422261479     7.6617245255
H       20.5895326613     1.8125608970     5.4606984194
C       19.8198430259     1.6458570845     6.2228184974
H       18.9640012110     1.1438992333     5.7532589549
H       20.2294570615     0.9401692829     6.9527394179
H       21.4244285606     3.8650835870     6.7743727673
H       21.0867071406     3.0087142144     8.2759568274
H       20.3820456314     4.6102963507     8.0143926008
Si       16.4457356675     3.3890661521     4.3982094413
O       16.3213314761     5.2569153500     4.7288056417
O       18.0641487238     3.0267540481     3.7482885859
O       15.2003543444     2.9360744307     3.0867416935
O       16.0598220340     2.4255417214     5.8842648203
Si       16.4903126904     6.5183467433     4.4185569234
Si       14.0218826188     2.5802858828     2.5308064235
Si       18.8080590707     2.5563629499     2.6201095291
Si       15.7593773223     1.1864897250     6.4485593345
H       17.8840325070     6.8588305166     3.9089767203
H       15.5470809638     6.9616197230     3.3005037622
H       16.2656558082     7.4776028599     5.6137330694
H       12.8252789722     3.3058971942     3.0908250541
H       13.9552138514     2.8590145766     1.0325874256
H       18.4466798487     3.3207869817     1.3741241948
H       13.7119930145     1.1018179910     2.6977683241
H       18.5456852222     1.0970230440     2.3204676821
H       16.4328712550     0.9023994621     7.8009265816
H       14.2650354308     0.9796492705     6.7049642958
H       20.3364883360     2.6855508521     2.7716358645
H       16.1905672631     0.0679690531     5.5456638661
32
# Point -10 Energy = 0.0
C       20.6482815511     3.6691579657     7.5234255401
H       19.0046949305     3.6084225420     6.1590416916
C       19.4535109706     2.9338443503     6.9035331142
H       18.6845915766     2.7434940740     7.6629807178
H       20.5889392211     1.8113141801     5.4594919212
C       19.8200508983     1.6447516445     6.2226007961
H       18.9632270606     1.1452002175     5.7523949559
H       20.2303199775     0.9383602620     6.9515689644
H       21.4228634905     3.8660762648     6.7738469914
H       21.0893092049     3.0108921975     8.2778701301
H       20.3793588506     4.6094983054     8.0125048888
Si       16.4445159688     3.3908907507     4.3979670088
O       16.3205935631     5.2333931102     4.7305537752
O       18.0529981487     3.0311085333     3.7576971245
O       15.2167320340     2.9414024152     3.0978616916
O       16.0638862072     2.4393339824     5.8732311574
Si       16.4917942663     6.5253456610     4.4169057344
Si       14.0161914249     2.5783483189     2.5280965216
Si       18.8106431458     2.5545259662     2.6158828439
Si       15.7581718871     1.1814178134     6.4504375541
H       17.8851063714     6.8586703636     3.9086634718
H       15.5475306710     6.9616822037     3.3001152130
H       16.2664118880     7.4774375133     5.6137417170
H       12.8250182987     3.3059180781     3.0912039042
H       13.9550849896     2.8587073261     1.0326802033
H       18.4462596849     3.3207184085     1.3737458477
H       13.7118773902     1.1013619053     2.6982061457
H       18.5451442855     1.0966771998     2.3203419631
H       16.4330903413     0.9023953598     7.8001907635
H       14.2649776133     0.9798321359     6.7041327752
H       20.3360919097     2.6853691914     2.7715633583
H       16.1907127779     0.0677537596     5.5446868743
32
# Point -9 Energy = 0.0
C       20.6481532023     3.6677527895     7.5238193021
H       19.0017491366     3.6092369551     6.1601105317
C       19.4527429516     2.9353341958     6.9033631211
H       18.6852358161     2.7447556471     7.6642350993
H       20.5883643518     1.8100530849     5.4582928433
C       19.8202816643     1.6436337184     6.2223931407
H       18.9624826888     1.1464854438     5.7515471419
H       20.2312099277     0.9365462782     6.9504110162
H       21.4213017694     3.8670593869     6.7733043057
H       21.0919261965     3.0130845324     8.2797547569
H       20.3766916268     4.6086950698     8.0105837556
Si       16.4432995439     3.3926905932     4.3977372301
O       16.3198856464     5.2098553823     4.7321470125
O       18.0418078976     3.0354443264     3.7670501544
O       15.2330471011     2.9467576748     3.1090592216
O       16.0679236673     2.4530506550     5.8621555046
Si       16.4932242659     6.5323690651     4.4152800639
Si       14.0105024100     2.5764430834     2.5253413312
Si       18.8132752146     2.5526890599     2.6116648521
Si       15.7569352596     1.1763370490     6.4523898825
H       17.8860991145     6.8585157103     3.9083758815
H       15.5479600415     6.9617437233     3.2997567539
H       16.2671182637     7.4772870199     5.6137459607
H       12.8247815250     3.3059559744     3.0915355918
H       13.9549676689     2.8584449400     1.0327526477
H       18.4458802771     3.3206470704     1.3733963938
H       13.7117603649     1.1009637384     2.6985895977
H       18.5446406862     1.0963527536     2.3202171429
H       16.4332707376     0.9023808747     7.7995118940
H       14.2649083102     0.9800011102     6.7033646748
H       20.3357297065     2.6851812673     2.7714913463
H       16.1908235655     0.0675538269     5.5437872073
32
# Point -8 Energy = 0.0
C       20.6480403542     3.6663443748     7.5241984875
H       18.9988239499     3.6100330032     6.1611737429
C       19.4519946006     2.9368167660     6.9031892349
H       18.6859067397     2.7460110367     7.6654875678
H       20.5878081361     1.8087774551     5.4571012186
C       19.8205354349     1.6425033036     6.2221956008
H       18.9617681794     1.1477547990     5.7507156301
H       20.2321270305     0.9347274070     6.9492657346
H       21.4197434512     3.8680330433     6.7727444346
H       21.0945581830     3.0152912501     8.2816102798
H       20.3740443477     4.6078867239     8.0086291075
Si       16.4420864351     3.3944654301     4.3975200132
O       16.3192079061     5.1863028327     4.7335851312
O       18.0305782907     3.0397610334     3.7763473651
O       15.2492987645     2.9521395507     3.1203345649
O       16.0719341899     2.4666913353     5.8510379557
Si       16.4946025959     6.5394166755     4.4136799114
Si       14.0048154390     2.5745704343     2.5225404694
Si       18.8159553117     2.5508521264     2.6074555068
Si       15.7556672785     1.1712476630     6.4544164094
H       17.8870104945     6.8583663097     3.9081144466
H       15.5483687781     6.9618040168     3.2994289718
H       16.2677748212     7.4771507347     5.6137460333
H       12.8245687861     3.3060111416     3.0918198570
H       13.9548618791     2.8582276773     1.0328046606
H       18.4455418160     3.3205728051     1.3730759338
H       13.7116418397     1.1006237085     2.6989181951
H       18.5441747988     1.0960495593     2.3200934143
H       16.4334121730     0.9023564486     7.7988901005
H       14.2648274020     0.9801566851     6.7026602267
H       20.3354017369     2.6849870973     2.7714199644
H       16.1908994557     0.0673695718     5.5429651896
32
# Point -7 Energy = 0.0
C       20.6479431400     3.6649328804     7.5245629052
H       18.9959195041     3.6108106911     6.1622311572
C       19.4512660243     2.9382921173     6.9030113375
H       18.6866044893     2.7472604126     7.6667380194
H       20.5872706555     1.8074871340     5.4559170798
C       19.8208123190     1.6413603976     6.2220082449
H       18.9610836140     1.1490081711     5.7499005344
H       20.2330714007     0.9329037223     6.9481332794
H       21.4181885904     3.8689973241     6.7721671084
H       21.0972052296     3.0175123741     8.2834362715
H       20.3714173957     4.6070733460     8.0066408558
Si       16.4408766852     3.3962150147     4.3973152632
O       16.3185605233     5.1627361308     4.7348679219
O       18.0193096511     3.0440582655     3.7855884463
O       15.2654862462     2.9575473738     3.1316879917
O       16.0759175608     2.4802556192     5.8398786032
Si       16.4959291620     6.5464882102     4.4121052718
Si       13.9991303774     2.5727306337     2.5196935590
Si       18.8186834698     2.5490150620     2.6032547591
Si       15.7543677842     1.1661498919     6.4565172231
H       17.8878402628     6.8582219159     3.9078796580
H       15.5487565850     6.9618628186     3.2991324549
H       16.2683814477     7.4770279993     5.6137421609
H       12.8243802209     3.3060838357     3.0920564437
H       13.9547676121     2.8580557964     1.0328361542
H       18.4452444890     3.3204954453     1.3727845646
H       13.7115217210     1.1003420388     2.6991914594
H       18.5437469980     1.0957674720     2.3199709710
H       16.4335143806     0.9023225321     7.7983255052
H       14.2647347753     0.9802993558     6.7020196626
H       20.3351080058     2.6847867026     2.7713493454
H       16.1909402791     0.0672013149     5.5422211474
32
# Point -6 Energy = 0.0
C       20.6478616904     3.6635184629     7.5249123659
H       18.9930359318     3.6115700248     6.1632826065
C       19.4505573273     2.9397603054     6.9028293093
H       18.6873292039     2.7485039440     7.6679863478
H       20.5867519894     1.8061819645     5.4547404596
C       19.8211124229     1.6402049981     6.2218311402
H       18.9604290715     1.1502454490     5.7491019653
H       20.2340431500     0.9310752971     6.9470138091
H       21.4166372421     3.8699523191     6.7715720631
H       21.0998673989     3.0197479210     8.2852323051
H       20.3688111482     4.6062550127     8.0046189164
Si       16.4396703373     3.3979391026     4.3971228824
O       16.3179436796     5.1391559495     4.7359951892
O       18.0080023050     3.0483356397     3.7947730876
O       15.2816087717     2.9629804652     3.1431197618
O       16.0798735756     2.4937431019     5.8286775384
Si       16.4972038679     6.5535833854     4.4105561362
Si       13.9934470921     2.5709239481     2.5168002284
Si       18.8214597199     2.5471777639     2.5990625585
Si       15.7530366183     1.1610439778     6.4586924109
H       17.8885881637     6.8580822838     3.9076720003
H       15.5491231679     6.9619198624     3.2988677920
H       16.2689380318     7.4769181417     5.6137345619
H       12.8242159725     3.3061743094     3.0922450997
H       13.9546848616     2.8579295545     1.0328470512
H       18.4449884802     3.3204148193     1.3725223796
H       13.7113999204     1.1001189565     2.6994089188
H       18.5433576579     1.0955063476     2.3198500081
H       16.4335770970     0.9022795840     7.7978182254
H       14.2646303218     0.9804296213     6.7014432137
H       20.3348485136     2.6845801069     2.7712796191
H       16.1909458677     0.0670493801     5.5415554088
32
# Point -5 Energy = 0.0
C       20.6477961341     3.6621012769     7.5252466818
H       18.9901733643     3.6123110107     6.1643279225
C       19.4498686117     2.9412213850     6.9026430295
H       18.6880810198     2.7497417999     7.6692324447
H       20.5862522156     1.8048617888     5.4535713906
C       19.8214358510     1.6390371025     6.2216643531
H       18.9598046282     1.1514665225     5.7483200300
H       20.2350423864     0.9292422024     6.9459074807
H       21.4150894617     3.8708981176     6.7709590408
H       21.1025447507     3.0219979001     8.2869979549
H       20.3662259778     4.6054317988     8.0025632098
Si       16.4384674347     3.3996374525     4.3969427708
O       16.3173575568     5.1155629643     4.7369667511
O       17.9966565811     3.0525927784     3.8039009788
O       15.2976655702     2.9684381360     3.1546301240
O       16.0838020398     2.5071533782     5.8174348512
Si       16.4984266161     6.5607019157     4.4090324916
Si       13.9877654509     2.5691506479     2.5138601116
Si       18.8242840916     2.5453401304     2.5948788525
Si       15.7516736244     1.1559301681     6.4609420589
H       17.8892539339     6.8579471701     3.9074919514
H       15.5494682347     6.9619748817     3.2986355731
H       16.2694444633     7.4768204773     5.6137234469
H       12.8240761875     3.3062828123     3.0923855765
H       13.9546136233     2.8578492078     1.0328372850
H       18.4447739706     3.3203307502     1.3722894682
H       13.7112763551     1.0999546939     2.6995701082
H       18.5430071528     1.0952660431     2.3197307215
H       16.4336000628     0.9022280711     7.7973683733
H       14.2645139395     0.9805479837     6.7009311107
H       20.3346232553     2.6843673375     2.7712109124
H       16.1909160541     0.0669140946     5.5409683037
32
# Point -4 Energy = 0.0
C       20.6477465969     3.6606814747     7.5255656669
H       18.9873319315     3.6130336559     6.1653669370
C       19.4491999775     2.9426754095     6.9024523765
H       18.6888600702     2.7509741486     7.6704762001
H       20.5857714102     1.8035264490     5.4524099054
C       19.8217827050     1.6378567085     6.2215079487
H       18.9592103582     1.1526712828     5.7475548323
H       20.2360692144     0.9274045083     6.9448144498
H       21.4135453055     3.8718348083     6.7703277898
H       21.1052373426     3.0242623134     8.2887327958
H       20.3636622514     4.6046037773     8.0004736614
Si       16.4372680215     3.4013098257     4.3967748256
O       16.3168023371     5.0919578534     4.7377824390
O       17.9852728113     3.0568293097     3.8129718104
O       15.3136558749     2.9739196875     3.1662193161
O       16.0877027687     2.5204860425     5.8061506308
Si       16.4995973067     6.5678435139     4.4075343213
Si       13.9820853229     2.5674110076     2.5108728484
Si       18.8271566127     2.5435020609     2.5907035874
Si       15.7502786479     1.1508087156     6.4632662520
H       17.8898373023     6.8578163336     3.9073399818
H       15.5497914957     6.9620276102     3.2984363885
H       16.2699006336     7.4767343092     5.6137090184
H       12.8239610165     3.3064095905     3.0924776296
H       13.9545538944     2.8578150115     1.0328068001
H       18.4446011379     3.3202430568     1.3720859163
H       13.7111509472     1.0998494879     2.6996745696
H       18.5426958565     1.0950464166     2.3196133083
H       16.4335830226     0.9021684685     7.7969760557
H       14.2643855323     0.9806549486     6.7004835841
H       20.3344322213     2.6841484246     2.7711433488
H       16.1908506723     0.0667957887     5.5404601639
32
# Point -3 Energy = 0.0
C       20.6477132025     3.6592592064     7.5258691370
H       18.9845117620     3.6137379681     6.1663994817
C       19.4485515224     2.9441224315     6.9022572276
H       18.6896664855     2.7522011578     7.6717175019
H       20.5853096475     1.8021757863     5.4512560365
C       19.8221530847     1.6366638135     6.2213619913
H       18.9586463330     1.1538596220     5.7468064727
H       20.2371237352     0.9255622829     6.9437348706
H       21.4120048299     3.8727624795     6.7696780642
H       21.1079452293     3.0265411552     8.2904364043
H       20.3611203312     4.6037710192     7.9983502010
Si       16.4360721416     3.4029559862     4.3966189417
O       16.3162782025     5.0683412979     4.7384420982
O       17.9738513301     3.0610448673     3.8219852732
O       15.3295789232     2.9794244117     3.1778875651
O       16.0915755875     2.5337406887     5.7948249648
Si       16.5007158384     6.5750078913     4.4060616047
Si       13.9764065786     2.5657053063     2.5078380846
Si       18.8300773096     2.5416634559     2.5865367078
Si       15.7488515364     1.1456798788     6.4656650741
H       17.8903379898     6.8576895365     3.9072165547
H       15.5500926637     6.9620777825     3.2982708292
H       16.2703064355     7.4766589284     5.6136914700
H       12.8238706134     3.3065548862     3.0925210180
H       13.9545056737     2.8578272197     1.0327555518
H       18.4444701569     3.3201515527     1.3719118058
H       13.7110236240     1.0998035807     2.6997218515
H       18.5424241425     1.0948473276     2.3194979657
H       16.4335257251     0.9021012584     7.7966413743
H       14.2642450102     0.9807510242     6.7001008639
H       20.3342753969     2.6839234014     2.7710770489
H       16.1907495570     0.0666947953     5.5400313231
32
# Point -2 Energy = 0.0
C       20.6476960720     3.6578346197     7.5261569096
H       18.9817129831     3.6144239554     6.1674253882
C       19.4479233417     2.9455625020     6.9020574591
H       18.6905003932     2.7534229945     7.6729562361
H       20.5848670003     1.8008096419     5.4501098163
C       19.8225470874     1.6354584151     6.2212265438
H       18.9581126215     1.1550314331     5.7460750482
H       20.2382060466     0.9237155933     6.9426688956
H       21.4104680921     3.8736812186     6.7690096246
H       21.1106684628     3.0288344125     8.2921083579
H       20.3586005736     4.6029335936     7.9961927633
Si       16.4348798396     3.4045757008     4.3964750113
O       16.3157853352     5.0447139809     4.7389455873
O       17.9623924749     3.0652390905     3.8309410586
O       15.3454339569     2.9849515908     3.1896350867
O       16.0954203309     2.5469169099     5.7834579397
Si       16.5017821075     6.5821947576     4.4046143187
Si       13.9707290901     2.5640338267     2.5047554719
Si       18.8330462070     2.5398242171     2.5823781567
Si       15.7473921397     1.1405439214     6.4681386081
H       17.8907557085     6.8575665445     3.9071221260
H       15.5503714552     6.9621251343     3.2981394865
H       16.2706617634     7.4765936150     5.6136709869
H       12.8238051357     3.3067189373     3.0925155040
H       13.9544689613     2.8578860848     1.0326835068
H       18.4443811993     3.3200560467     1.3717672149
H       13.7108943177     1.0998172191     2.6997115092
H       18.5421923841     1.0946686367     2.3193848919
H       16.4334279229     0.9020269307     7.7963644254
H       14.2640922898     0.9808367212     6.6997831802
H       20.3341527625     2.6836923039     2.7710121297
H       16.1906125438     0.0666114506     5.5396821172
32
# Point -1 Energy = 0.0
C       20.6476953257     3.6564078599     7.5264288001
H       18.9789357212     3.6150916262     6.1684444859
C       19.4473155296     2.9469956710     6.9018529438
H       18.6913619198     2.7546398254     7.6741922854
H       20.5844435386     1.7994278547     5.4489712749
C       19.8229648081     1.6342405096     6.2211016668
H       18.9576092902     1.1561866093     5.7453606522
H       20.2393162435     0.9218645039     6.9416166746
H       21.4089351508     3.8745911115     6.7683222323
H       21.1134070955     3.0311420650     8.2937482317
H       20.3561033322     4.6020915684     7.9940012830
Si       16.4336911592     3.4061687375     4.3963429249
O       16.3153239152     5.0210765857     4.7392927632
O       17.9508965833     3.0694116239     3.8398388571
O       15.3612202197     2.9905005039     3.2014620864
O       16.0992368414     2.5600142941     5.7720496373
Si       16.5027960034     6.5894038201     4.4031924480
Si       13.9650527369     2.5623968564     2.5016246583
Si       18.8360633276     2.5379842418     2.5782278795
Si       15.7459003107     1.1354011181     6.4706869462
H       17.8910901535     6.8574471260     3.9070571520
H       15.5506275847     6.9621694031     3.2980429622
H       16.2709665072     7.4765376412     5.6136477554
H       12.8237647495     3.3069019785     3.0924608420
H       13.9544437649     2.8579918595     1.0325906307
H       18.4443344339     3.3199563387     1.3716522208
H       13.7107629700     1.0998906578     2.6996430945
H       18.5420009518     1.0945102025     2.3192742879
H       16.4332893744     0.9019459873     7.7961453096
H       14.2639272944     0.9809125562     6.6995307727
H       20.3340642943     2.6834551651     2.7709487070
H       16.1904394689     0.0665460978     5.5394128936
32
# Point 0 Energy = 0
C       20.6477110000     3.6549790000     7.5266840000
H       18.9761800000     3.6157410000     6.1694560000
C       19.4467280000     2.9484220000     6.9016430000
H       18.6922510000     2.7558520000     7.6754250000
H       20.5840390000     1.7980300000     5.4478400000
C       19.8234060000     1.6330100000     6.2209870000
H       18.9571360000     1.1573250000     5.7446630000
H       20.2404540000     0.9200090000     6.9405780000
H       21.4074060000     3.8754920000     6.7676150000
H       21.1161610000     3.0334640000     8.2953550000
H       20.3536290000     4.6012450000     7.9917750000
Si       16.4325060000     3.4077350000     4.3962220000
O       16.3148940000     4.9974300000     4.7394840000
O       17.9393640000     3.0735620000     3.8486780000
O       15.3769370000     2.9960700000     3.2133680000
O       16.1030250000     2.5730330000     5.7606000000
Si       16.5037570000     6.5966350000     4.4017980000
Si       13.9593780000     2.5607940000     2.4984440000
Si       18.8391290000     2.5361430000     2.5740860000
Si       15.7443760000     1.1302530000     6.4733110000
H       17.8913405600     6.8573308000     3.9070238400
H       15.5508605600     6.9622108000     3.2979838400
H       16.2712205600     7.4764908000     5.6136238400
H       12.8237502400     3.3071035200     3.0923555200
H       13.9544302400     2.8581435200     1.0324755200
H       18.4443303200     3.3198514400     1.3715668800
H       13.7106302400     1.1000235200     2.6995155200
H       18.5418503200     1.0943714400     2.3191668800
H       16.4331100800     0.9018602400     7.7959848800
H       14.2637500800     0.9809802400     6.6993448800
H       20.3340103200     2.6832114400     2.7708868800
H       16.1902300800     0.0665002400     5.5392248800
32
# Point 1 Energy = 0.0
C       20.6477432695     3.6535482168     7.5269229604
H       18.9734460171     3.6163720709     6.1704603657
C       19.4461609939     2.9498415096     6.9014280441
H       18.6931679174     2.7570594768     7.6766547794
H       20.5836537585     1.7966161929     5.4467164418
C       19.8238710686     1.6317669723     6.2208829949
H       18.9566931875     1.1584465545     5.7439825185
H       20.2416197952     0.9181492048     6.9395533356
H       21.4058807306     3.8763841997     6.7668883587
H       21.1189303948     3.0358002533     8.2969288546
H       20.3511777921     4.6003939144     7.9895145523
Si       16.4313245317     3.4092741766     4.3961126867
O       16.3144958751     4.9737747433     4.7395187814
O       17.9277950599     3.0776900319     3.8574585737
O       15.3925835374     3.0016597462     3.2253537384
O       16.1067846536     2.5859721055     5.7491092619
Si       16.5046654245     6.6038878058     4.4004289130
Si       13.9537041655     2.5592262079     2.4952144735
Si       18.8422429353     2.5343008673     2.5699523085
Si       15.7428190044     1.1250986211     6.4760099991
H       17.8915071121     6.8572174477     3.9070208275
H       15.5510703386     6.9622484568     3.2979606844
H       16.2714238599     7.4764518343     5.6135974975
H       12.8237612004     3.3073244743     3.0922006491
H       13.9544282534     2.8583425383     1.0323395672
H       18.4443686738     3.3197419800     1.3715113333
H       13.7104954607     1.1002166684     2.6993291121
H       18.5417406845     1.0942527058     2.3190624135
H       16.4328896286     0.9017689284     7.7958824162
H       14.2635604831     0.9810391639     6.6992246640
H       20.3339904464     2.6829617847     2.7708268020
H       16.1899843460     0.0664731459     5.5391174506
32
# Point 2 Energy = 0.0
C       20.6477923229     3.6521156849     7.5271461080
H       18.9707339771     3.6169848282     6.1714580035
C       19.4456147628     2.9512542167     6.9012084780
H       18.6941129707     2.7582622172     7.6778820145
H       20.5832881864     1.7951865338     5.4456010384
C       19.8243604226     1.6305115044     6.2207900960
H       18.9562812894     1.1595512130     5.7433196338
H       20.2428141138     0.9162852363     6.9385431404
H       21.4043594461     3.8772680191     6.7661427112
H       21.1217155190     3.0381508577     8.2984699632
H       20.3487499400     4.5995383398     7.9872205511
Si       16.4301469203     3.4107859423     4.3960154367
O       16.3141298265     4.9501113247     4.7393965041
O       17.9161900876     3.0817955248     3.8661806548
O       15.4081590551     3.0072694272     3.2374202162
O       16.1105156460     2.5988306584     5.7375776398
Si       16.5055215548     6.6111617468     4.3990831880
Si       13.9480305541     2.5576944488     2.4919369972
Si       18.8454048503     2.5324581892     2.5658266152
Si       15.7412291193     1.1199370672     6.4787832376
H       17.8915899215     6.8571069502     3.9070467904
H       15.5512568350     6.9622814969     3.2979721154
H       16.2715762918     7.4764194956     5.6135670379
H       12.8237972644     3.3075657707     3.0919972772
H       13.9544377150     2.8585904130     1.0321841038
H       18.4444493160     3.3196285589     1.3714857391
H       13.7103579909     1.1004709952     2.6990841339
H       18.5416722350     1.0941543365     2.3189606505
H       16.4326276100     0.9016713264     7.7958372552
H       14.2633583406     0.9810887430     6.6991693479
H       20.3340042874     2.6827068213     2.7707686381
H       16.1897022274     0.0664641116     5.5390900430
32
# Point 3 Energy = 0.0
C       20.6478581887     3.6506814709     7.5273526418
H       18.9680438998     3.6175792910     6.1724481400
C       19.4450892142     2.9526601789     6.9009836188
H       18.6950860858     2.7594605665     7.6791060506
H       20.5829420201     1.7937405990     5.4444933787
C       19.8248738116     1.6292434995     6.2207079405
H       18.9558999636     1.1606388277     5.7426740519
H       20.2440366235     0.9144170761     6.9375472025
H       21.4028421395     3.8781432974     6.7653771894
H       21.1245162364     3.0405156813     8.2999773075
H       20.3463458200     4.5986783268     7.9848922503
Si       16.4289730687     3.4122702068     4.3959295598
O       16.3137959186     4.9264406477     4.7391175689
O       17.9045494383     3.0858780214     3.8748435745
O       15.4236628450     3.0128978602     3.2495668453
O       16.1142178800     2.6116088124     5.7260050742
Si       16.5063248607     6.6184567709     4.3977628243
Si       13.9423576361     2.5561983301     2.4886099456
Si       18.8486150818     2.5306144411     2.5617090351
Si       15.7396062952     1.1147698698     6.4816316208
H       17.8915882041     6.8569988510     3.9071039146
H       15.5514195810     6.9623101603     3.2980207139
H       16.2716777621     7.4763935750     5.6135344966
H       12.8238592143     3.3078268928     3.0917439123
H       13.9544587661     2.8588861054     1.0320077653
H       18.4445727066     3.3195101734     1.3714901408
H       13.7102184959     1.1007861287     2.6987795261
H       18.5416454547     1.0940757517     2.3188623165
H       16.4323240283     0.9015692512     7.7958502323
H       14.2631437209     0.9811306824     6.6991801613
H       20.3340521680     2.6824460137     2.7707124745
H       16.1893834705     0.0664746389     5.5391438855
32
# Point 4 Energy = 0.0
C       20.6479409714     3.6492457076     7.5275423942
H       18.9653759035     3.6181554701     6.1734306107
C       19.4445844287     2.9540594398     6.9007533400
H       18.6960873715     2.7606546845     7.6803267648
H       20.5826153235     1.7922782303     5.4433934968
C       19.8254113201     1.6279629557     6.2206365859
H       18.9555492664     1.1617092992     5.7420458501
H       20.2452874029     0.9125447828     6.9365656655
H       21.4013288674     3.8790101161     6.7645915938
H       21.1273325811     3.0428946665     8.3014504794
H       20.3439657540     4.5978139317     7.9825296147
Si       16.4278030238     3.4137267544     4.3958549368
O       16.3134943301     4.9027634066     4.7386819287
O       17.8928734663     3.0899371944     3.8834470330
O       15.4390941823     3.0185442714     3.2617937744
O       16.1178912452     2.6243061603     5.7143916486
Si       16.5070752295     6.6257725789     4.3964677690
Si       13.9366852893     2.5547381598     2.4852330168
Si       18.8518736450     2.5287695370     2.5575995022
Si       15.7379503969     1.1095973180     6.4845552148
H       17.8915016212     6.8568929414     3.9071925975
H       15.5515583242     6.9623341884     3.2981070616
H       16.2717281794     7.4763732888     5.6134999871
H       12.8239472245     3.3081080499     3.0914403488
H       13.9544914101     2.8592298585     1.0318106004
H       18.4447389981     3.3193866078     1.3715245946
H       13.7100769350     1.1011623495     2.6984148976
H       18.5416607142     1.0940168257     2.3187676100
H       16.4319786597     0.9014632269     7.7959214002
H       14.2629165803     0.9811655021     6.6992573190
H       20.3341340384     2.6821794205     2.7706584090
H       16.1890279160     0.0665050755     5.5392793140
32
# Point 5 Energy = 0.0
C       20.6480407749     3.6478085249     7.5277151963
H       18.9627301054     3.6187133764     6.1744052496
C       19.4441004862     2.9554520409     6.9005175122
H       18.6971169358     2.7618447303     7.6815440312
H       20.5823081582     1.7907992676     5.4423014248
C       19.8259730309     1.6266698702     6.2205760876
H       18.9552292516     1.1627625281     5.7414351024
H       20.2465665278     0.9106684126     6.9355986700
H       21.3998196886     3.8798685547     6.7637857263
H       21.1301645874     3.0452877479     8.3028890691
H       20.3416100607     4.5969452088     7.9801326093
Si       16.4266368319     3.4151553705     4.3957914468
O       16.3132252367     4.8790802945     4.7380895343
O       17.8811625264     3.0939727214     3.8919907305
O       15.4544523459     3.0242078842     3.2741011416
O       16.1215356383     2.6369222892     5.7027374419
Si       16.5077725405     6.6331088693     4.3951979791
Si       13.9310133998     2.5533142502     2.4818059062
Si       18.8551805533     2.5269233872     2.5534979531
Si       15.7362612933     1.1044197116     6.4875540952
H       17.8913298145     6.8567890211     3.9073132351
H       15.5516728133     6.9623533290     3.2982317497
H       16.2717274490     7.4763578502     5.6134636218
H       12.8240614768     3.3084094457     3.0910863723
H       13.9545356562     2.8596219145     1.0315926578
H       18.4449483410     3.3192576377     1.3715891556
H       13.7099332750     1.1015999464     2.6979898534
H       18.5417183820     1.0939774311     2.3186767314
H       16.4315912866     0.9013537869     7.7960508153
H       14.2626768829     0.9811937258     6.6994010463
H       20.3342498447     2.6819070967     2.7706065372
H       16.1886354046     0.0665557745     5.5394966764
32
# Point 6 Energy = 0.0
C       20.6481577001     3.6463700494     7.5278708816
H       18.9601066213     3.6192530204     6.1753718918
C       19.4436374642     2.9568380220     6.9002760063
H       18.6981748835     2.7630308610     7.6827577228
H       20.5820205847     1.7893035505     5.4412171953
C       19.8265590245     1.6253642395     6.2205265003
H       18.9549399714     1.1637984161     5.7408418796
H       20.2478740714     0.9087880199     6.9346463554
H       21.3983146620     3.8807186905     6.7629593963
H       21.1330122869     3.0476948517     8.3042926704
H       20.3392790530     4.5960722099     7.9777012042
Si       16.4254745398     3.4165558430     4.3957389678
O       16.3129888132     4.8553920053     4.7373403501
O       17.8694169759     3.0979842856     3.9004743693
O       15.4697366210     3.0298879141     3.2864890736
O       16.1251509651     2.6494567847     5.6910425326
Si       16.5084166699     6.6404653389     4.3939534093
Si       13.9253418559     2.5519269181     2.4783283162
Si       18.8585358186     2.5250759034     2.5494043236
Si       15.7345388570     1.0992373549     6.4906283363
H       17.8910724143     6.8566869021     3.9074662121
H       15.5517628045     6.9623673376     3.2983953672
H       16.2716754779     7.4763464681     5.6134254985
H       12.8242021534     3.3087312765     3.0906817707
H       13.9545915123     2.8600625130     1.0313539992
H       18.4452008835     3.3191230332     1.3716838746
H       13.7097874856     1.1020992140     2.6975040051
H       18.5418188261     1.0939574428     2.3185898800
H       16.4311616958     0.9012414689     7.7962385280
H       14.2624246006     0.9812158761     6.6996115681
H       20.3343995286     2.6816291000     2.7705569506
H       16.1882057780     0.0666270889     5.5397963232
32
# Point 7 Energy = 0.0
C       20.6482918455     3.6449304043     7.5280092869
H       18.9575055658     3.6197744126     6.1763303733
C       19.4431954380     2.9582174208     6.9000286926
H       18.6992613169     2.7642132316     7.6839677116
H       20.5817526618     1.7877909186     5.4401408412
C       19.8271693796     1.6240460599     6.2204878778
H       18.9546814758     1.1648168653     5.7402662492
H       20.2492101035     0.9069036569     6.9337088594
H       21.3968138471     3.8815605995     6.7621124197
H       21.1358757086     3.0501158960     8.3056608801
H       20.3369730377     4.5951949839     7.9752353748
Si       16.4243161947     3.4179279625     4.3956973766
O       16.3127852327     4.8316992330     4.7364343540
O       17.8576371751     3.1019715754     3.9088976536
O       15.4849462995     3.0355835680     3.2989576865
O       16.1287371404     2.6619092312     5.6793069983
Si       16.5090074910     6.6478416832     4.3927340124
Si       13.9196705485     2.5505764842     2.4747999566
Si       18.8619394514     2.5232269994     2.5453185486
Si       15.7327829652     1.0940505567     6.4937780116
H       17.8907290391     6.8565864094     3.9076519016
H       15.5518280615     6.9623759787     3.2985985012
H       16.2715721762     7.4763383480     5.6133857012
H       12.8243694373     3.3090737309     3.0902263340
H       13.9546589845     2.8605518907     1.0310946987
H       18.4454967714     3.3189825594     1.3718087981
H       13.7096395383     1.1026604532     2.6969569710
H       18.5419624146     1.0939567375     2.3185072532
H       16.4306896793     0.9011268132     7.7964845830
H       14.2621597136     0.9812324739     6.6998891092
H       20.3345830273     2.6813454907     2.7705097363
H       16.1877388782     0.0667193714     5.5401786077
32
# Point 8 Energy = 0.0
C       20.6484433069     3.6434897097     7.5281302518
H       18.9549270516     3.6202775632     6.1772805318
C       19.4427744807     2.9595902729     6.8997754420
H       18.7003763351     2.7653919947     7.6851738685
H       20.5815044475     1.7862612111     5.4390723962
C       19.8278041731     1.6227153273     6.2204602733
H       18.9544538131     1.1658177789     5.7397082760
H       20.2505746913     0.9050153738     6.9327863181
H       21.3953173035     3.8823943555     6.7612446200
H       21.1387548787     3.0525507903     8.3069932990
H       20.3346923154     4.5943135770     7.9727351012
Si       16.4231618442     3.4192715217     4.3956665486
O       16.3126146674     4.8080026720     4.7353715375
O       17.8458234865     3.1059342843     3.9172602903
O       15.5000806807     3.0412940449     3.3115070847
O       16.1322940877     2.6742792117     5.6675309162
Si       16.5095448736     6.6552375957     4.3915397400
Si       13.9139993713     2.5492632730     2.4712205443
Si       18.8653914608     2.5213765903     2.5412405628
Si       15.7309934990     1.0888596303     6.4970031938
H       17.8902992951     6.8564873838     3.9078706648
H       15.5518683572     6.9623790276     3.2988417369
H       16.2714174564     7.4763326944     5.6133442983
H       12.8245635109     3.3094369884     3.0897198538
H       13.9547380762     2.8610902804     1.0308148431
H       18.4458361487     3.3188359761     1.3719639680
H       13.7094894059     1.1032839706     2.6963483759
H       18.5421495158     1.0939751942     2.3184290466
H       16.4301750338     0.9010103632     7.7967890190
H       14.2618822102     0.9812440381     6.7002338947
H       20.3348002738     2.6810563312     2.7704649770
H       16.1872345479     0.0668329735     5.5406438856
32
# Point 9 Energy = 0.0
C       20.6486121774     3.6420480818     7.5282336194
H       18.9523711902     3.6207624821     6.1782222064
C       19.4423746632     2.9609566116     6.8995161252
H       18.7015200344     2.7665673004     7.6863760637
H       20.5812759984     1.7847142672     5.4380118944
C       19.8284634798     1.6213720368     6.2204437394
H       18.9542570300     1.1668010611     5.7391680214
H       20.2519678992     0.9031232188     6.9318788663
H       21.3938250912     3.8832200303     6.7603558282
H       21.1416498208     3.0549994355     8.3082895319
H       20.3324371808     4.5934280323     7.9702003693
Si       16.4220115367     3.4205863159     4.3956463586
O       16.3124772874     4.7843030160     4.7341519056
O       17.8339762757     3.1098721110     3.9255619886
O       15.5151390711     3.0470185358     3.3241373620
O       16.1358217397     2.6865663076     5.6557143632
Si       16.5100286841     6.6626527684     4.3903705426
Si       13.9083282207     2.5479876130     2.4675898037
Si       18.8688918546     2.5195245933     2.5371702998
Si       15.7291703445     1.0836648933     6.5003039544
H       17.8897827759     6.8563896828     3.9081228503
H       15.5518834736     6.9623762721     3.2991256567
H       16.2712112341     7.4763287122     5.6133013426
H       12.8247845557     3.3098212197     3.0891621234
H       13.9548287876     2.8616779112     1.0305145322
H       18.4462191575     3.3186830375     1.3721494217
H       13.7093370618     1.1039700785     2.6956778507
H       18.5423804981     1.0940126939     2.3183554534
H       16.4296175611     0.9008926637     7.7971518686
H       14.2615920875     0.9812510845     6.7006461497
H       20.3350511968     2.6807616862     2.7704227506
H       16.1866926301     0.0669682455     5.5411925159
32
# Point 10 Energy = 0.0
C       20.6487985474     3.6406056332     7.5283192361
H       18.9498380917     3.6212291787     6.1791552377
C       19.4419960542     2.9623164679     6.8992506137
H       18.7026925082     2.7677392964     7.6875741665
H       20.5810673700     1.7831499261     5.4369593708
C       19.8291473731     1.6200161833     6.2204383283
H       18.9540911717     1.1677666162     5.7386455442
H       20.2533897891     0.9012272377     6.9309866372
H       21.3923372706     3.8840376933     6.7594458825
H       21.1445605557     3.0574617239     8.3095491878
H       20.3302079220     4.5925383900     7.9676311701
Si       16.4208653211     3.4218721423     4.3956366806
O       16.3123732619     4.7606009584     4.7327754770
O       17.8220959107     3.1137847591     3.9338024609
O       15.5301207849     3.0527562236     3.3368486012
O       16.1393200375     2.6987700985     5.6438574157
Si       16.5104587856     6.6700868914     4.3892263698
Si       13.9026569959     2.5467498362     2.4639074666
Si       18.8724406394     2.5176709272     2.5331076934
Si       15.7273133927     1.0784666674     6.5036803643
H       17.8891790625     6.8562931837     3.9084087933
H       15.5518732033     6.9623675142     3.2994508397
H       16.2709534282     7.4763256084     5.6132568701
H       12.8250327516     3.3102265849     3.0885529370
H       13.9549311149     2.8623150079     1.0301938782
H       18.4466459381     3.3185234923     1.3723651916
H       13.7091824794     1.1047190950     2.6949450322
H       18.5426557302     1.0940691197     2.3182866643
H       16.4290170678     0.9007742604     7.7975731590
H       14.2612893508     0.9812541253     6.7011260996
H       20.3353357212     2.6804616225     2.7703831301
H       16.1861129687     0.0671255349     5.5418248606
32
# Point 11 Energy = 0.0
C       20.6490025046     3.6391624729     7.5283869519
H       18.9473278645     3.6216776617     6.1800794685
C       19.4416387203     2.9636698700     6.8989787792
H       18.7038938470     2.7689081270     7.6887680460
H       20.5808786170     1.7815680266     5.4359148614
C       19.8298559246     1.6186477608     6.2204440915
H       18.9539562818     1.1687143497     5.7381409002
H       20.2548404200     0.8993274741     6.9301097627
H       21.3908539023     3.8848474119     6.7585146290
H       21.1474871016     3.0599375393     8.3107718803
H       20.3280048210     4.5916446867     7.9650275000
Si       16.4197232469     3.4231288004     4.3956373878
O       16.3123027579     4.7368971918     4.7312422841
O       17.8101827623     3.1176719369     3.9419814222
O       15.5450251441     3.0585062834     3.3496408742
O       16.1427889308     2.7108901621     5.6319601501
Si       16.5108350371     6.6775396530     4.3881071710
Si       13.8969855996     2.5455502781     2.4601732730
Si       18.8760378204     2.5158155128     2.5290526767
Si       15.7254225395     1.0732652778     6.5071324934
H       17.8884877225     6.8561977851     3.9087288153
H       15.5518373498     6.9623525725     3.2998178619
H       16.2706439614     7.4763225949     5.6132108991
H       12.8253082758     3.3106532336     3.0878920893
H       13.9550450491     2.8630017903     1.0298530063
H       18.4471166295     3.3183570837     1.3726113055
H       13.7090256310     1.1055313437     2.6941495631
H       18.5429755814     1.0941443568     2.3182228668
H       16.4283733660     0.9006556992     7.7980529112
H       14.2609740149     0.9812536676     6.7016739701
H       20.3356537677     2.6801562090     2.7703461831
H       16.1854954076     0.0673051866     5.5425412851
32
# Point 12 Energy = 0.0
C       20.6492241339     3.6377187056     7.5284366209
H       18.9448406156     3.6221079392     6.1809947435
C       19.4413027261     2.9650168436     6.8987004945
H       18.7051241387     2.7700739335     7.6899575706
H       20.5807097932     1.7799684075     5.4348784030
C       19.8305892046     1.6172667624     6.2204610805
H       18.9538524027     1.1696441672     5.7376541426
H       20.2563198489     0.8974239691     6.9292483734
H       21.3893750472     3.8856492507     6.7575619219
H       21.1504294740     3.0624267564     8.3119572281
H       20.3258281534     4.5907469560     7.9623893614
Si       16.4185853643     3.4243560916     4.3956483533
O       16.3122659411     4.7131924075     4.7295523729
O       17.7982372040     3.1215333575     3.9500985911
O       15.5598514791     3.0642678824     3.3625142421
O       16.1462283781     2.7229260741     5.6200226428
Si       16.5111572940     6.6850107393     4.3870128952
Si       13.8913139374     2.5443892775     2.4563869705
Si       18.8796834017     2.5139582727     2.5250051829
Si       15.7234976866     1.0680610537     6.5106604108
H       17.8877083106     6.8561034100     3.9090832232
H       15.5517757285     6.9623312847     3.3002272949
H       16.2702827600     7.4763188905     5.6131634292
H       12.8256113022     3.3111013037     3.0871793756
H       13.9551705753     2.8637384728     1.0294920543
H       18.4476313694     3.3181835490     1.3728877858
H       13.7088664869     1.1064071535     2.6932910915
H       18.5433404218     1.0942382929     2.3181642449
H       16.4276862727     0.9005375249     7.7985911406
H       14.2606461032     0.9812502129     6.7022899877
H       20.3360052536     2.6798455163     2.7703119722
H       16.1848397913     0.0675075414     5.5433421582
32
# Point 13 Energy = 0.0
C       20.6494635176     3.6362744320     7.5284681010
H       18.9423764508     3.6225200180     6.1819009098
C       19.4409881339     2.9663574116     6.8984156334
H       18.7063834681     2.7712368538     7.6911426089
H       20.5805609518     1.7783509076     5.4338500338
C       19.8313472817     1.6158731806     6.2204893464
H       18.9537795757     1.1705559749     5.7371853217
H       20.2578281303     0.8955167614     6.9284025986
H       21.3879007663     3.8864432719     6.7565876231
H       21.1533876859     3.0649292410     8.3131048551
H       20.3236781883     4.5898452274     7.9597167623
Si       16.4174517242     3.4255538189     4.3956694499
O       16.3122629751     4.6894872953     4.7277058033
O       17.7862596120     3.1253687382     3.9581536895
O       15.5745991285     3.0700401797     3.3754687556
O       16.1496383463     2.7348774075     5.6080449702
Si       16.5114254078     6.6924998344     4.3859434921
Si       13.8856419188     2.5432671766     2.4525483148
Si       18.8833773866     2.5120991315     2.5209651449
Si       15.7215387412     1.0628543270     6.5142641849
H       17.8868403676     6.8560100085     3.9094723085
H       15.5516881678     6.9623035098     3.3006797058
H       16.2698697549     7.4763137233     5.6131144407
H       12.8259419998     3.3115709205     3.0864145906
H       13.9553076713     2.8645252639     1.0291111726
H       18.4481902945     3.3180026200     1.3731946499
H       13.7087050142     1.1073468588     2.6923692708
H       18.5437506224     1.0943508177     2.3181109790
H       16.4269556102     0.9004202802     7.7991878569
H       14.2603056487     0.9812442560     6.7029743791
H       20.3363900928     2.6795296169     2.7702805540
H       16.1841459647     0.0677329351     5.5442278526
32
# Point 14 Energy = 0.0
C       20.6497207353     3.6348297485     7.5284812548
H       18.9399354741     3.6229139039     6.1827978172
C       19.4406950044     2.9676915935     6.8981240706
H       18.7076719175     2.7723970220     7.6923230291
H       20.5804321452     1.7767153653     5.4328297933
C       19.8321302235     1.6144670067     6.2205289405
H       18.9537378411     1.1714496792     5.7367344857
H       20.2593653169     0.8936058868     6.9275725664
H       21.3864311213     3.8872295349     6.7555916032
H       21.1563617476     3.0674448499     8.3142143909
H       20.3215551882     4.5889395272     7.9570097168
Si       16.4163223784     3.4267217870     4.3957005508
O       16.3122940219     4.6657825434     4.7257026487
O       17.7742503651     3.1291778009     3.9661464433
O       15.5892674400     3.0758223269     3.3885044550
O       16.1530188106     2.7467437333     5.5960272093
Si       16.5116392254     6.7000066200     4.3848989119
Si       13.8799694565     2.5421843203     2.4486570702
Si       18.8871197772     2.5102380157     2.5169324958
Si       15.7195456169     1.0576454329     6.5179438834
H       17.8858834208     6.8559175602     3.9098963467
H       15.5515745099     6.9622691313     3.3011756562
H       16.2694048814     7.4763063343     5.6130638932
H       12.8263005325     3.3120621960     3.0855975286
H       13.9554563067     2.8653623655     1.0287105244
H       18.4487935411     3.3178140221     1.3735319094
H       13.7085411762     1.1083507983     2.6913837592
H       18.5442065554     1.0944818230     2.3180632448
H       16.4261812061     0.9003045047     7.7998430643
H       14.2599526939     0.9812362835     6.7037273721
H       20.3368081958     2.6792085848     2.7702519791
H       16.1834137731     0.0679816981     5.5451987450
32
# Point 15 Energy = 0.0
C       20.6499958639     3.6333847469     7.5284759491
H       18.9375177884     3.6232896016     6.1836853183
C       19.4404233960     2.9690194059     6.8978256825
H       18.7089895664     2.7735545679     7.6934987002
H       20.5803234257     1.7750616190     5.4318177223
C       19.8329380964     1.6130482309     6.2205799140
H       18.9537272384     1.1723251867     5.7363016802
H       20.2609314593     0.8916913786     6.9267584041
H       21.3849661737     3.8880080961     6.7545737411
H       21.1593516669     3.0699734307     8.3152854712
H       20.3194594091     4.5880298773     7.9542682450
Si       16.4151973794     3.4278598020     4.3957415290
O       16.3123592418     4.6420788375     4.7235429966
O       17.7622098451     3.1329602711     3.9740765822
O       15.6038557701     3.0816134675     3.4016213703
O       16.1563697546     2.7585246193     5.5839694375
Si       16.5117985897     6.7075307754     4.3838791059
Si       13.8742964674     2.5411410560     2.4447130093
Si       18.8909105746     2.5083748541     2.5129071691
Si       15.7175182334     1.0524347089     6.5216995730
H       17.8848369836     6.8558260785     3.9103555963
H       15.5514346115     6.9622280599     3.3017157017
H       16.2688880801     7.4762959800     5.6130117246
H       12.8266870567     3.3125752274     3.0847279825
H       13.9556164414     2.8662499722     1.0282902850
H       18.4494412447     3.3176174747     1.3738995706
H       13.7083749304     1.1094193156     2.6903342193
H       18.5447085945     1.0946312028     2.3180212134
H       16.4253628935     0.9001907334     7.8005567615
H       14.2595872908     0.9812267728     6.7045491955
H       20.3372594702     2.6788824955     2.7702262922
H       16.1826430621     0.0682541538     5.5462552163
