32
# Point -15 Energy = 0.0
C       21.3395110788     3.3443405327     8.1160528587
H       19.2675281060     4.0244841493     7.6298767891
C       19.9420369829     3.1404945527     7.5211953457
H       19.4849387744     2.6311463361     8.3789319114
H       20.1008498101     3.0213104877     5.3614672566
C       19.7116269916     2.4201553689     6.1923594267
H       18.6508917281     2.2328135985     6.0095562839
H       20.2416365419     1.4611292876     6.1818482673
H       21.9594567648     3.9733163080     7.4681396180
H       21.8142046681     2.3699359801     8.1824122851
H       21.3413105061     3.7814908234     9.1166055802
Si       16.3062852829     3.2964337043     4.2020908917
O       16.1735834963     4.8961901625     4.4876817816
O       17.8247195603     2.9641431753     3.6736815368
O       15.2167102684     2.8382006198     3.0503683481
O       16.0153524753     2.5076838077     5.6054485629
Si       16.3996113624     6.4816328787     4.1087249102
Si       13.7852562580     2.4652849992     2.3023830338
Si       18.6278088734     2.3319117223     2.3665051326
Si       15.5301480960     1.0949475033     6.3113520139
H       17.7887742733     6.6996413511     3.5972462350
H       15.4467135860     6.8481139225     3.0035623756
H       16.1969055194     7.3884356050     5.3037496812
H       12.6392381327     3.2457191415     2.8601897470
H       13.7637014570     2.7293976708     0.8138166031
H       18.2404377228     3.0868819216     1.1295140103
H       13.4838058085     1.0137099751     2.5187881803
H       18.2825109908     0.8838774204     2.1301624354
H       16.2082580171     0.8831438555     7.6293238042
H       14.0356057335     0.9940330495     6.5411469136
H       20.1207555115     2.4329636353     2.5336974903
H       15.9278062215     -0.0096615463     5.3992860498
32
# Point -14 Energy = 0.0
C       21.2976291564     3.3529354987     8.0926273269
H       19.2566913982     4.0375929096     7.5363979792
C       19.9098258424     3.1345099742     7.4814321764
H       19.4263815663     2.6479387249     8.3379845433
H       20.1344998066     2.9367058686     5.3329339406
C       19.7136140662     2.3695358660     6.1722545371
H       18.6569276683     2.1855071123     5.9627751007
H       20.2329382380     1.4054452383     6.2115334006
H       21.9320838672     3.9540567037     7.4323211371
H       21.7682298179     2.3804613607     8.2074608928
H       21.2810584425     3.8303322820     9.0746801821
Si       16.3145238994     3.3051683425     4.2156329995
O       16.1802113786     4.9046081624     4.5022889935
O       17.8328377098     2.9743216100     3.6868040055
O       15.2278657910     2.8461125885     3.0626672835
O       16.0220482503     2.5150932529     5.6177012296
Si       16.4013077067     6.4906994630     4.1232395481
Si       13.7973948332     2.4660320500     2.3180944376
Si       18.6437740911     2.3478516749     2.3824784764
Si       15.5479558468     1.0999215015     6.3257372715
H       17.7901235801     6.7128588209     3.6126548043
H       15.4479924774     6.8535945307     3.0173638752
H       16.1949730909     7.3975774216     5.3177331743
H       12.6512382460     3.2435777947     2.8775952818
H       13.7760516310     2.7299790203     0.8305884597
H       18.2546245377     3.1022798757     1.1466366610
H       13.5014118392     1.0137362243     2.5358775802
H       18.3043951550     0.8991961384     2.1470113301
H       16.2271149969     0.8898574226     7.6443100071
H       14.0544987212     0.9931384744     6.5554218482
H       20.1367154024     2.4549854434     2.5514837100
H       15.9510415454     -0.0023093518     5.4134431661
32
# Point -13 Energy = 0.0
C       21.2560385781     3.3618452087     8.0672433913
H       19.2461590727     4.0471630865     7.4418274728
C       19.8774326880     3.1286777190     7.4417266220
H       19.3681678319     2.6652498831     8.2961863048
H       20.1668207272     2.8518311681     5.3093437912
C       19.7148104196     2.3190878622     6.1550262702
H       18.6631502830     2.1365823839     5.9190210183
H       20.2225663245     1.3521698829     6.2440450928
H       21.9046605294     3.9342562322     7.3951809953
H       21.7214201754     2.3931172155     8.2300324079
H       21.2227943594     3.8789327066     9.0287663469
Si       16.3228165480     3.3138673934     4.2290958326
O       16.1868781850     4.9129569840     4.5169831281
O       17.8410296749     2.9845132358     3.6998777571
O       15.2391686719     2.8541359327     3.0747494873
O       16.0287420642     2.5223304995     5.6297815626
Si       16.4030512791     6.4997271653     4.1380379641
Si       13.8098279913     2.4668865173     2.3333927699
Si       18.6598311460     2.3639251719     2.3984358237
Si       15.5656727561     1.1048138260     6.3398843871
H       17.7915285265     6.7261034268     3.6284349986
H       15.4493792378     6.8591640139     3.0314506127
H       16.1930299388     7.4065243949     5.3320974506
H       12.6634398576     3.2414491374     2.8945093803
H       13.7888586844     2.7307950592     0.8469675638
H       18.2689964556     3.1179004627     1.1637715905
H       13.5193627114     1.0138587690     2.5523994753
H       18.3263373011     0.9147005350     2.1637212353
H       16.2457926586     0.8964315247     7.6590915931
H       14.0733050260     0.9922270621     6.5693642983
H       20.1527327039     2.4770872115     2.5693567384
H       15.9741781920     0.0049903284     5.4273619971
32
# Point -12 Energy = 0.0
C       21.2147000999     3.3713195250     8.0398787122
H       19.2355640419     4.0527600480     7.3461958829
C       19.8448213425     3.1228316361     7.4020668161
H       19.3103663692     2.6828391098     8.2535639240
H       20.1979636458     2.7667457674     5.2907320698
C       19.7154944152     2.2686678788     6.1407151726
H       18.6698818134     2.0855444025     5.8783841843
H       20.2111257216     1.3013315681     6.2794254449
H       21.8769322638     3.9142794928     7.3566330553
H       21.6741334820     2.4083139313     8.2501465081
H       21.1663385093     3.9275685440     8.9788464167
Si       16.3311276349     3.3225204278     4.2424763359
O       16.1935974844     4.9212240317     4.5317939791
O       17.8492491113     2.9946719982     3.7128913056
O       15.2505675129     2.8623188260     3.0866043088
O       16.0353759651     2.5293664005     5.6416702746
Si       16.4049037779     6.5087046273     4.1531819970
Si       13.8224917154     2.4679572289     2.3482576109
Si       18.6759124653     2.3800858594     2.4143544946
Si       15.5831950187     1.1095930111     6.3537459320
H       17.7930569577     6.7393313684     3.6446528549
H       15.4509450013     6.8648634027     3.0458918880
H       16.1911673850     7.4152471804     5.3469228508
H       12.6758030967     3.2394653942     2.9109278061
H       13.8020662673     2.7319874119     0.8629393768
H       18.2835075359     3.1337350085     1.1809118596
H       13.5375483164     1.0141911452     2.5683035585
H       18.3482242585     0.9303585399     2.1802407115
H       16.2641806559     0.9027855201     7.6736171698
H       14.0919163741     0.9913090919     6.5829239248
H       20.1687439136     2.4991721153     2.5872956928
H       15.9970784472     0.0122115068     5.4409732411
32
# Point -11 Energy = 0.0
C       21.1735471932     3.3816422825     8.0104866948
H       19.2245198322     4.0539105154     7.2495224118
C       19.8119625715     3.1167812652     7.3624283297
H       19.2530476582     2.7004246821     8.2101367651
H       20.2281207223     2.6815078777     5.2771504097
C       19.7159775721     2.2181138431     6.1293982914
H       18.6774814288     2.0318558554     5.8410353802
H       20.1992644635     1.2529498697     6.3177661318
H       21.8486374049     3.8945391309     7.3165698498
H       21.6267240535     2.4265317468     8.2678261004
H       21.1114097356     3.9765452030     8.9248404427
Si       16.3394235110     3.3311145073     4.2557696067
O       16.2003935089     4.9293936377     4.5467567798
O       17.8574487743     3.0047440581     3.7258260529
O       15.2620074783     2.8707171841     3.0982201201
O       16.0418934166     2.5361650776     5.6533433712
Si       16.4069446069     6.5176185078     4.1687453966
Si       13.8353137589     2.4693708468     2.3626690141
Si       18.6919438812     2.3962798223     2.4302003374
Si       15.6004147601     1.1142184466     6.3672645251
H       17.7947947926     6.7524920205     3.6613840818
H       15.4527770826     6.8707414415     3.0607727529
H       16.1895020701     7.4237107870     5.3623060627
H       12.6882848892     3.2377798938     2.9268528493
H       13.8156072378     2.7337219506     0.8784911526
H       18.2981057591     3.1497746983     1.1980434071
H       13.5558434911     1.0148644430     2.5835343305
H       18.3699283362     0.9461324357     2.1965013110
H       16.2821672231     0.9088202567     7.6878227859
H       14.1102197328     0.9903920814     6.5960433901
H       20.1846807364     2.5211273247     2.6052652885
H       16.0195929173     0.0193203071     5.4541919362
32
# Point -10 Energy = 0.0
C       21.1324785632     3.3931378628     7.9789921349
H       19.2126187360     4.0500872949     7.1518223941
C       19.7788347908     3.1103043353     7.3227735502
H       19.1962863851     2.7176742886     8.1659180247
H       20.2575293123     2.5961808452     5.2686667398
C       19.7166095613     2.1672484863     6.1211897202
H       18.6863528578     1.9749396749     5.8072309323
H       20.1876803223     1.2070453021     6.3592064719
H       21.8195024025     3.8755063397     7.2748624738
H       21.5795358811     2.4483362292     8.2830917207
H       21.0576073112     4.0262015079     8.8665951649
Si       16.3476734898     3.3396323806     4.2689694963
O       16.2073047167     4.9374451418     4.5619142693
O       17.8655808797     3.0146641509     3.7386560837
O       15.2734302429     2.8793954913     3.1095849092
O       16.0482394843     2.5426814740     5.6647721048
Si       16.4092767668     6.5264516088     4.1848173060
Si       13.8482125948     2.4712754261     2.3766081077
Si       18.7078438361     2.4124415472     2.4459267409
Si       15.6172183074     1.1186377262     6.3803715147
H       17.7968522250     6.7655243476     3.6787173490
H       15.4549849876     6.8768551438     3.0761981327
H       16.1881835858     7.4318720545     5.3783644818
H       12.7008392002     3.2365718826     2.9422949464
H       13.8294025598     2.7361935878     0.8936128186
H       18.3127329987     3.1660081827     1.2151449197
H       13.5741048167     1.0160309882     2.5980304238
H       18.3913042496     0.9619754326     2.2124153569
H       16.2996376121     0.9144132047     7.7016301737
H       14.1280953663     0.9894802088     6.6086573611
H       20.2004696824     2.5428174757     2.6232145207
H       16.0415568734     0.0262723772     5.4669150153
32
# Point -9 Energy = 0.0
C       21.0913479141     3.4061774591     7.9452869898
H       19.1994313227     4.0406908163     7.0531219087
C       19.7454260466     3.1031384204     7.2830495800
H       19.1401667922     2.7341933472     8.1209152157
H       20.2864738765     2.5108444590     5.2653648457
C       19.7177836952     2.1158855816     6.1162406222
H       18.6969554607     1.9141831986     5.7773205404
H       20.1771271859     1.1636537357     6.4039280758
H       21.7892351799     3.8577226810     7.2313633624
H       21.5328920597     2.4743965924     8.2959536826
H       21.0043871081     4.0769097132     8.8038731278
Si       16.3558513810     3.3480502895     4.2820689331
O       16.2143884257     4.9453505665     4.5773184835
O       17.8735977060     3.0243511196     3.7513472057
O       15.2847740125     2.8884275454     3.1206869709
O       16.0543617082     2.5488586798     5.6759227377
Si       16.4120341741     6.5351804869     4.2015053760
Si       13.8610961048     2.4738442845     2.3900582291
Si       18.7235222807     2.4284887541     2.4614726809
Si       15.6334849208     1.1227839242     6.3929856353
H       17.7993712646     6.7783523800     3.6967567746
H       15.4577076369     6.8832700750     3.0922968950
H       16.1874041476     7.4396766824     5.3952402315
H       12.7134173981     3.2360519669     2.9572751538
H       13.8433596052     2.7396313223     0.9082984105
H       18.3273245604     3.1824181158     1.2321868611
H       13.5921668008     1.0178684432     2.6117245768
H       18.4121852426     0.9778272320     2.2278729017
H       16.3164732985     0.9194133468     7.7149447441
H       14.1454153904     0.9885741212     6.6206919469
H       20.2160314376     2.5640765621     2.6410739090
H       16.0627864618     0.0330100972     5.4790187515
32
# Point -8 Energy = 0.0
C       21.0499433161     3.4211864770     7.9092310354
H       19.1845080262     4.0250444765     6.9534619786
C       19.7117388465     3.0949706344     7.2431855185
H       19.0847852136     2.7495116735     8.0751288396
H       20.3153014274     2.4255997214     5.2673264445
C       19.7199472098     2.0638367313     6.1147279786
H       18.7098153846     1.8489580683     5.7517385733
H       20.1684232495     1.1228354385     6.4521415474
H       21.7575173036     3.8418171506     7.1859174808
H       21.4870681907     2.5055057653     8.3064112725
H       20.9510127662     4.1290734428     8.7363480495
Si       16.3639388831     3.3563347376     4.2950620124
O       16.2217285723     4.9530712169     4.5930346121
O       17.8814534173     3.0337015732     3.7638564627
O       15.2959742005     2.8978968901     3.1315182479
O       16.0602133360     2.5546243551     5.6867582061
Si       16.4153928594     6.5437719364     4.2189410356
Si       13.8738599102     2.4772805132     2.4030098533
Si       18.7388796238     2.4443147925     2.4767604182
Si       15.6490876418     1.1265718507     6.4050135940
H       17.8025370231     6.7908787387     3.7156254781
H       15.4611237802     6.8900602214     3.1092289272
H       16.1874136351     7.4470551796     5.4131066385
H       12.7259691800     3.2364688200     2.9718324951
H       13.8573690888     2.7443040641     0.9225513770
H       18.3418082976     3.1989756259     1.2491306329
H       13.6098369256     1.0205846096     2.6245473742
H       18.4323781969     0.9936073062     2.2427383604
H       16.3325542906     0.9236344527     7.7276548537
H       14.1620444428     0.9876705324     6.6320672989
H       20.2312806556     2.5846964425     2.6587511723
H       16.0830757050     0.0394585618     5.4903575908
32
# Point -7 Energy = 0.0
C       21.0079668228     3.4386429073     7.8706517959
H       19.1673907031     4.0023824137     6.8529365905
C       19.6777973839     3.0854303532     7.2030867955
H       19.0302636759     2.7630699236     8.0285507186
H       20.3444134319     2.3405981448     5.2746216381
C       19.7236014528     2.0109322968     6.1168444351
H       18.7255363556     1.7786473765     5.7310077593
H       20.1624438652     1.0847029814     6.5040586360
H       21.7239938291     3.8285182424     7.1383792678
H       21.4422587106     2.5425936439     8.3144376423
H       20.8965159213     4.1831020836     8.6636037337
Si       16.3719302658     3.3644388563     4.3079443033
O       16.2294444124     4.9605539380     4.6091416536
O       17.8891070220     3.0425831269     3.7761296496
O       15.3069653317     2.9078956242     3.1420766845
O       16.0657584740     2.5598879611     5.6972387876
Si       16.4195825584     6.5521786418     4.2372800437
Si       13.8863870686     2.4818188254     2.4154653523
Si       18.7538064795     2.4597798278     2.4916915289
Si       15.6638965362     1.1298959905     6.4163511304
H       17.8065890528     6.8029772628     3.7354637237
H       15.4654625150     6.8973057341     3.1271875605
H       16.1885351102     7.4539188360     5.4321691873
H       12.7384448393     3.2381133252     2.9860307394
H       13.8713029886     2.7505224224     0.9363895200
H       18.3561040603     3.2156322814     1.2659255357
H       13.6268925593     1.0244198951     2.6364322502
H       18.4516598481     1.0092068858     2.2568469519
H       16.3477640964     0.9268514410     7.7396314948
H       14.1778429949     0.9867634113     6.6427012663
H       20.2461263817     2.6044146749     2.6761245970
H       16.1021958528     0.0455226709     5.5007643868
32
# Point -6 Energy = 0.0
C       20.9650035900     3.4590637812     7.8293563352
H       19.1476393016     3.9718753633     6.7517332187
C       19.6436599856     3.0740864536     7.1626291592
H       18.9767628826     2.7742115309     7.9811610941
H       20.3742595080     2.2560747210     5.2872693368
C       19.7292944990     1.9570548239     6.1227640609
H       18.7447947936     1.7027159037     5.7157110371
H       20.1600951771     1.0494460937     6.5598356709
H       21.6882655520     3.8186620902     7.0886482131
H       21.3985137807     2.5867192137     8.3199704988
H       20.8396387845     4.2393608187     8.5851563374
Si       16.3798409583     3.3722973552     4.3207153122
O       16.2377029392     4.9677260602     4.6257334084
O       17.8965287090     3.0508262270     3.7880997273
O       15.3176859225     2.9185199516     3.1523725217
O       16.0709826895     2.5645382823     5.7073262264
Si       16.4249011720     6.5603330509     4.2567013019
Si       13.8985500932     2.4877227817     2.4274498304
Si       18.7681859068     2.4746992806     2.5061435049
Si       15.6777886971     1.1326292835     6.4268895262
H       17.8118350090     6.8144837455     3.7564235123
H       15.4710154948     6.9050871688     3.1464009423
H       16.1911840651     7.4601552315     5.4526638789
H       12.7508002232     3.2413182833     2.9999716264
H       13.8850132553     2.7586340287     0.9498557448
H       18.3701242351     3.2323076214     1.2825058976
H       13.6430808726     1.0296453611     2.6473285362
H       18.4697757968     1.0244778589     2.2700037485
H       16.3620028516     0.9287994245     7.7507328280
H       14.1926776933     0.9858456522     6.6525203422
H       20.2604751576     2.6229003829     2.6930351199
H       16.1199010034     0.0510841740     5.5100568612
32
# Point -5 Energy = 0.0
C       20.9204901502     3.4829621611     7.7851609821
H       19.1248887664     3.9327118452     6.6502017653
C       19.6094375803     3.0604599407     7.1216522474
H       18.9244998477     2.7821919854     7.9329246440
H       20.4053054609     2.1724036356     5.3051707319
C       19.7375870908     1.9021986999     6.1325784532
H       18.7683026878     1.6208399330     5.7064266635
H       20.1622403452     1.0173609578     6.6194690178
H       21.6498894837     3.8131802010     7.0367314723
H       21.3556437726     2.6390108469     8.3229019029
H       20.7787928054     4.2980694530     8.5005178338
Si       16.3877206824     3.3798207942     4.3333815669
O       16.2467325841     4.9744900227     4.6429151065
O       17.9037108542     3.0582171748     3.7996856103
O       15.3280882529     2.9298590442     3.1624375789
O       16.0759108979     2.5684440081     5.7169913098
Si       16.4317267464     6.5681399429     4.2773961262
Si       13.9102185160     2.4952699166     2.4390275947
Si       18.7819006524     2.4888315767     2.5199677083
Si       15.6906692586     1.1346265645     6.4365303194
H       17.8186607711     6.8251869548     3.7786516196
H       15.4781452703     6.9134727249     3.1671236747
H       16.1958840483     7.4656254642     5.4748433603
H       12.7630061023     3.2464450706     3.0138122954
H       13.8983345014     2.7690020730     0.9630336301
H       18.3837768622     3.2488711627     1.2987875458
H       13.6581277049     1.0365490147     2.6572249353
H       18.4864476030     1.0392198226     2.2819889233
H       16.3752127240     0.9291831376     7.7608169057
H       14.2064433894     0.9849127473     6.6614805794
H       20.2742387599     2.6397434155     2.7092779459
H       16.1359464274     0.0560017077     5.5180553093
32
# Point -4 Energy = 0.0
C       20.8736956044     3.5107514088     7.7379560202
H       19.0989565931     3.8842899623     6.5489485182
C       19.5753178089     3.0440694497     7.0799563923
H       18.8737627580     2.7862298235     7.8837842951
H       20.4379624674     2.0901768306     5.3280011531
C       19.7489705522     1.8465644308     6.1461839247
H       18.7967059343     1.5331293445     5.7035876866
H       20.1695432390     0.9888691438     6.6826205583
H       21.6084030563     3.8130410006     6.9828489267
H       21.3130856991     2.7005016242     8.3230793936
H       20.7120759441     4.3591274210     8.4093357712
Si       16.3956713735     3.3868907861     4.3459606537
O       16.2568332367     4.9807197118     4.6607916111
O       17.9106851471     3.0644974339     3.8107933091
O       15.3381553072     2.9419722811     3.1723384389
O       16.0806346916     2.5714615372     5.7262273752
Si       16.4405171135     6.5754693602     4.2995396776
Si       13.9212761695     2.5047134061     2.4503257399
Si       18.7948492033     2.5018699274     2.5329924438
Si       15.7025098527     1.1357376436     6.4452143789
H       17.8275264860     6.8348248019     3.8022527168
H       15.4872794320     6.9224941246     3.1896089897
H       16.2032653720     7.4701671405     5.4989400400
H       12.7750635466     3.2538437293     3.0277858537
H       13.9110946990     2.7819518097     0.9760684690
H       18.3969733519     3.2651191131     1.3146650725
H       13.6717641039     1.0453988080     2.6661887205
H       18.5013965276     1.0531684729     2.2925767062
H       16.3874219861     0.9277074666     7.7697696638
H       14.2191037774     0.9839692205     6.6696043558
H       20.2873496857     2.6544569062     2.7245977403
H       16.1501298800     0.0601178795     5.5246207633
32
# Point -3 Energy = 0.0
C       20.8237501226     3.5425713625     7.6878240596
H       19.0700184243     3.8265803151     6.4489290445
C       19.5415879837     3.0245348010     7.0373098927
H       18.8249047562     2.7856373939     7.8336500340
H       20.4724640516     2.0102920579     5.3550637039
C       19.7637128183     1.7906835986     6.1631116535
H       18.8303813757     1.4404508909     5.7072266496
H       20.1821946433     0.9644962680     6.7483726635
H       21.5633987334     3.8191031835     6.9275888602
H       21.2697523050     2.7717911401     8.3203412169
H       20.6374373896     4.4218603436     8.3116445816
Si       16.4038655651     3.3933606997     4.3584850652
O       16.2683695148     4.9862637220     4.6794408056
O       17.9175441518     3.0693798818     3.8213222955
O       15.3479248884     2.9548503289     3.1821914614
O       16.0853465645     2.5734568406     5.7350707731
Si       16.4517765604     6.5821551556     4.3232334397
Si       13.9316519753     2.5162062812     2.4615614683
Si       18.8069739331     2.5134498061     2.5450371945
Si       15.7134080668     1.1358373306     6.4529702396
H       17.8389273518     6.8430966517     3.8272232444
H       15.4988702100     6.9321081091     3.2140472754
H       16.2140195424     7.4736108777     5.5250919508
H       12.7870242896     3.2637684950     3.0422172117
H       13.9231388896     2.7976666518     0.9891893057
H       18.4096423411     3.2807518468     1.3300125793
H       13.6837814494     1.0563676669     2.6744214150
H       18.5143950765     1.0659946654     2.3015780418
H       16.3988099570     0.9241439936     7.7775552269
H       14.2307546997     0.9830381287     6.6770355459
H       20.2997863846     2.6665133274     2.7386958219
H       16.1623665845     0.0632801845     5.5297226380
32
# Point -2 Energy = 0.0
C       20.7697740807     3.5780452284     7.6352079959
H       19.0388304513     3.7606487166     6.3514531522
C       19.5086362997     3.0017520811     6.9934777072
H       18.7782817600     2.7800615363     7.7823784087
H       20.5087100114     1.9339962728     5.3851635588
C       19.7816413344     1.7355266923     6.1823437686
H       18.8691372863     1.3447624443     5.7166160949
H       20.1995457071     0.9447644695     6.8149969205
H       21.5146752224     3.8318452873     6.8720814633
H       21.2239449003     2.8525173964     8.3146172195
H       20.5531023869     4.4847637025     8.2082075361
Si       16.4125508339     3.3990704003     4.3710024529
O       16.2817248711     4.9909643927     4.6988690197
O       17.9244566622     3.0725968346     3.8311800954
O       15.3575125265     2.9683646367     3.1921709672
O       16.0903649361     2.5743471687     5.7436234942
Si       16.4659616839     6.5880096626     4.3484169782
Si       13.9413605933     2.5296872179     2.4730582312
Si       18.8182976726     2.5231916990     2.5559441760
Si       15.7236550805     1.1348763309     6.4599749314
H       17.8532921291     6.8497084922     3.8533602245
H       15.5132943610     6.9421508036     3.2404649498
H       16.2287732112     7.4758195559     5.5532292806
H       12.7990069657     3.2762431784     3.0575148597
H       13.9343666162     2.8160339478     1.0027167575
H       18.4217472818     3.2953711204     1.3446923250
H       13.6941168589     1.0694180180     2.6823144072
H       18.5253496628     1.0773321436     2.3089111175
H       16.4097758874     0.9184396574     7.7842849729
H       14.2416970171     0.9821712401     6.6840999473
H       20.3116031838     2.6754399511     2.7512620238
H       16.1727931242     0.0653817206     5.5335303225
32
# Point -1 Energy = 0.0
C       20.7111332987     3.6160839719     7.5810450762
H       19.0068722242     3.6890801212     6.2579530202
C       19.4768972903     2.9760870246     6.9482774129
H       18.7341044512     2.7697819391     7.7297440113
H       20.5461751926     1.8627777129     5.4166569941
C       19.8019722979     1.6824724787     6.2022681770
H       18.9119624837     1.2491695690     5.7299815543
H       20.2198452101     0.9299791101     6.8799780465
H       21.4624389179     3.8510233262     6.8180610937
H       21.1734839597     2.9408417029     8.3060963144
H       20.4582558078     4.5454728392     8.1007589157
Si       16.4220156415     3.4038829661     4.3835671063
O       16.2972006039     4.9946990015     4.7189631955
O       17.9316534383     3.0739837966     3.8403038868
O       15.3671103160     2.9822350979     3.2024936936
O       16.0961138206     2.5741543975     5.7520608205
Si       16.4833224429     6.5928653071     4.3747849268
Si       13.9505301238     2.5447761982     2.4852204741
Si       18.8289473723     2.5307932819     2.5656235409
Si       15.7337624567     1.1329378675     6.4665902795
H       17.8708198025     6.8544587907     3.8801916646
H       15.5306962344     6.9523165424     3.2686186001
H       16.2478779391     7.4767482476     5.5829679417
H       12.8111881547     3.2909258402     3.0741119673
H       13.9447686418     2.8365078029     1.0170296069
H       18.4332965882     3.3085298805     1.3585749110
H       13.7029355227     1.0841922189     2.6904544544
H       18.5343845737     1.0868521617     2.3146759823
H       16.4209556519     0.9108309100     7.7902697404
H       14.2524674205     0.9814519713     6.6913240127
H       20.3229441361     2.6809754481     2.7620376777
H       16.1818485845     0.0664144758     5.5364802605
32
# Point 0 Energy = 0
C       20.6477110000     3.6549790000     7.5266840000
H       18.9761800000     3.6157410000     6.1694560000
C       19.4467280000     2.9484220000     6.9016430000
H       18.6922510000     2.7558520000     7.6754250000
H       20.5840390000     1.7980300000     5.4478400000
C       19.8234060000     1.6330100000     6.2209870000
H       18.9571360000     1.1573250000     5.7446630000
H       20.2404540000     0.9200090000     6.9405780000
H       21.4074060000     3.8754920000     6.7676150000
H       21.1161610000     3.0334640000     8.2953550000
H       20.3536290000     4.6012450000     7.9917750000
Si       16.4325060000     3.4077350000     4.3962220000
O       16.3148940000     4.9974300000     4.7394840000
O       17.9393640000     3.0735620000     3.8486780000
O       15.3769370000     2.9960700000     3.2133680000
O       16.1030250000     2.5730330000     5.7606000000
Si       16.5037570000     6.5966350000     4.4017980000
Si       13.9593780000     2.5607940000     2.4984440000
Si       18.8391290000     2.5361430000     2.5740860000
Si       15.7443760000     1.1302530000     6.4733110000
H       17.8913405600     6.8573308000     3.9070238400
H       15.5508605600     6.9622108000     3.2979838400
H       16.2712205600     7.4764908000     5.6136238400
H       12.8237502400     3.3071035200     3.0923555200
H       13.9544302400     2.8581435200     1.0324755200
H       18.4443303200     3.3198514400     1.3715668800
H       13.7106302400     1.1000235200     2.6995155200
H       18.5418503200     1.0943714400     2.3191668800
H       16.4331100800     0.9018602400     7.7959848800
H       14.2637500800     0.9809802400     6.6993448800
H       20.3340103200     2.6832114400     2.7708868800
H       16.1902300800     0.0665002400     5.5392248800
32
# Point 1 Energy = 0.0
C       20.5796734338     3.6933068703     7.4731584526
H       18.9482945409     3.5438392677     6.0859563256
C       19.4182678952     2.9196573987     6.8536483046
H       18.6522995996     2.7395148946     7.6191304283
H       20.6217684474     1.7404124225     5.4777363571
C       19.8449183730     1.5879899788     6.2372357879
H       19.0033005452     1.0716148849     5.7584019754
H       20.2592865251     0.9143137847     6.9952107485
H       21.3501655731     3.9040177283     6.7221337782
H       21.0503715031     3.1273529746     8.2830247255
H       20.2407443237     4.6502235357     7.8830985810
Si       16.4441512338     3.4106550052     4.4090019804
O       16.3347430630     4.9992054163     4.7602221504
O       17.9477291464     3.0714871636     3.8563373158
O       15.3871509855     3.0095828623     3.2249320737
O       16.1113724795     2.5711787196     5.7694160236
Si       16.5269892254     6.5993342570     4.4289987424
Si       13.9681025574     2.5771616029     2.5129812033
Si       18.8490206014     2.5393217754     2.5814121629
Si       15.7559818743     1.1270686309     6.4805335496
H       17.9145243919     6.8584521220     3.9333120096
H       15.5734384341     6.9715567927     3.3280848305
H       16.2984474856     7.4752052248     5.6446105087
H       12.8368194947     3.3241276248     3.1124204185
H       13.9634733776     2.8801413115     1.0492637308
H       18.4548967490     3.3291819369     1.3836464863
H       13.7175934496     1.1163332240     2.7099768197
H       18.5481067430     1.0998993626     2.3226944408
H       16.4467889318     0.8920604414     7.8018332006
H       14.2760651672     0.9808372964     6.7086327306
H       20.3449619010     2.6824560684     2.7778127349
H       16.1985325479     0.0658114204     5.5423067821
32
# Point 2 Energy = 0.0
C       20.5074621970     3.7298983831     7.4211972981
H       18.9244230295     3.4757030221     6.0066856394
C       19.3914817837     2.8906606243     6.8044420098
H       18.6136268289     2.7221074728     7.5605619983
H       20.6590506347     1.6900660761     5.5060774645
C       19.8657347248     1.5477963382     6.2503857289
H       19.0494595233     0.9933688629     5.7695405540
H       20.2747504153     0.9122005249     7.0433211520
H       21.2913120926     3.9351935505     6.6824987935
H       20.9751097501     3.2198279107     8.2697491462
H       20.1217274599     4.6913697577     7.7758727804
Si       16.4569667142     3.4127420586     4.4219173136
O       16.3565430091     5.0001376242     4.7809927229
O       17.9567969249     3.0680192113     3.8633317903
O       15.3978351620     3.0225849657     3.2372479698
O       16.1212862751     2.5688029160     5.7786228628
Si       16.5525913187     6.6010608219     4.4560128019
Si       13.9768549974     2.5934063484     2.5289482746
Si       18.8587497218     2.5405716240     2.5877061398
Si       15.7689187464     1.1236205232     6.4885341321
H       17.9399006324     6.8580662204     3.9586480694
H       15.5979581419     6.9801876861     3.3585085060
H       16.3290072212     7.4730898496     5.6754474068
H       12.8504487540     3.3414260706     3.1343336138
H       13.9720127567     2.9018596878     1.0674748595
H       18.4650197358     3.3365678270     1.3948267047
H       13.7241817829     1.1326370902     2.7221247944
H       18.5534877599     1.1036091798     2.3255347959
H       16.4623579219     0.8819161043     7.8081136766
H       14.2897812257     0.9810687688     6.7194842283
H       20.3558999568     2.6791903061     2.7828955107
H       16.2072434011     0.0645445924     5.5461266211
32
# Point 3 Energy = 0.0
C       20.4317975541     3.7637589215     7.3712825546
H       18.9056270318     3.4127658713     5.9304130978
C       19.3661824034     2.8622374422     6.7542146240
H       18.5754612078     2.7049695657     7.4993837383
H       20.6957379871     1.6468961914     5.5332005774
C       19.8852934320     1.5125567191     6.2603426943
H       19.0949743234     0.9231768146     5.7770253893
H       20.2856507690     0.9130382022     7.0851273212
H       21.2315833731     3.9673629769     6.6492872087
H       20.8899302725     3.3085119138     8.2561180132
H       19.9992032893     4.7243115272     7.6706380671
Si       16.4708543438     3.4141407692     4.4349480602
O       16.3799577812     5.0003804064     4.8016263397
O       17.9665194730     3.0634852112     3.8697121607
O       15.4089865544     3.0349632855     3.2503046642
O       16.1327564691     2.5661149562     5.7882709269
Si       16.5800025359     6.6019692420     4.4825348099
Si       13.9857205942     2.6091463155     2.5463379207
Si       18.8683795946     2.5402474640     2.5930790454
Si       15.7833770723     1.1201203434     6.4974727485
H       17.9668763164     6.8564958512     3.9827376034
H       15.6238382143     6.9880233439     3.3888956637
H       16.3621815524     7.4703641500     5.7057443338
H       12.8646056365     3.3584973039     3.1579917570
H       13.9801294151     2.9227944248     1.0870737738
H       18.4746814497     3.3422056703     1.4051397104
H       13.7306895830     1.1485319484     2.7360713701
H       18.5582771987     1.1057904871     2.3279190060
H       16.4800054415     0.8718510472     7.8150214552
H       14.3051134900     0.9816823249     6.7320358364
H       20.3668559585     2.6740104217     2.7862669037
H       16.2167302819     0.0629008875     5.5509479844
32
# Point 4 Energy = 0.0
C       20.3531307698     3.7945640145     7.3232598976
H       18.8922215794     3.3546965507     5.8557404674
C       19.3420946618     2.8347420421     6.7031572151
H       18.5371750785     2.6888595599     7.4353711533
H       20.7320324292     1.6105573192     5.5599909652
C       19.9036409541     1.4819978116     6.2677060736
H       19.1401063469     0.8604358437     5.7809763787
H       20.2919096724     0.9164848840     7.1217414287
H       21.1711660389     3.9995278353     6.6223003046
H       20.7947838727     3.3924329046     8.2422080654
H       19.8750245460     4.7495024974     7.5668155831
Si       16.4856744252     3.4149882569     4.4480818685
O       16.4047225295     5.0000629115     4.8220912788
O       17.9767905081     3.0581364541     3.8755281953
O       15.4205422936     3.0467732365     3.2640521249
O       16.1456552606     2.5632277660     5.7983440640
Si       16.6088547798     6.6022041442     4.5085314982
Si       13.9947005075     2.6243322801     2.5650505976
Si       18.8778887392     2.5386670472     2.5976092935
Si       15.7993148424     1.1166525441     6.5073198944
H       17.9950762317     6.8539910487     4.0055973999
H       15.6507287730     6.9951357198     3.4191779720
H       16.3974960411     7.4671562189     5.7354523023
H       12.8792211304     3.3752094644     3.1832468283
H       13.9878582829     2.9428952996     1.1079582373
H       18.4838498409     3.3463836593     1.4146452675
H       13.7372170226     1.1639488697     2.7517126779
H       18.5625706197     1.1067380329     2.3299230532
H       16.4996560842     0.8620020195     7.8225514184
H       14.3220306810     0.9826504857     6.7462036048
H       20.3777853577     2.6673480227     2.7880567298
H       16.2270606993     0.0609972553     5.5567635209
32
# Point 5 Energy = 0.0
C       20.2715719457     3.8224040231     7.2765534839
H       18.8840283786     3.3000526487     5.7815044856
C       19.3189471603     2.8081834410     6.6514354567
H       18.4983816665     2.6740303346     7.3684110499
H       20.7682545251     1.5807492456     5.5874654072
C       19.9211845738     1.4557408121     6.2733834663
H       19.1856633181     0.8040387213     5.7822777029
H       20.2941477766     0.9225308133     7.1545618206
H       21.1097275072     4.0313035729     6.6008765414
H       20.6897031953     3.4715636975     8.2275918769
H       19.7501977205     4.7676759737     7.4632136570
Si       16.5013076344     3.4153875701     4.4613245545
O       16.4306944838     4.9992672454     4.8424589711
O       17.9875014101     3.0521235545     3.8808260496
O       15.4324321559     3.0581674699     3.2784416260
O       16.1598248335     2.5601699618     5.8087983420
Si       16.6390033320     6.6018670894     4.5341579116
Si       14.0037592941     2.6391409009     2.5849684364
Si       18.8872160953     2.5360573905     2.6013437973
Si       15.8165691984     1.1132030044     6.5179423781
H       18.0243637613     6.8506958479     4.0274436568
H       15.6785250806     7.0016731238     3.4494986745
H       16.4347579589     7.4635005116     5.7647565455
H       12.8942383138     3.3916966470     3.2099747400
H       13.9952138583     2.9624155796     1.1300253973
H       18.4925010321     3.3493873619     1.4234160374
H       13.7437347474     1.1790513186     2.7688492666
H       18.5663317009     1.1066897513     2.3315159902
H       16.5211011613     0.8522927793     7.8305793469
H       14.3403720812     0.9839300689     6.7617954331
H       20.3886129907     2.6594372105     2.7883673891
H       16.2381117082     0.0588743288     5.5634058676
32
# Point 6 Energy = 0.0
C       20.1869932453     3.8475060362     7.2303973053
H       18.8806515604     3.2469607916     5.7069304857
C       19.2965081085     2.7823965403     6.5991932546
H       18.4589119236     2.6604341684     7.2984792498
H       20.8046486460     1.5573721415     5.6165038356
C       19.9384319435     1.4334992162     6.2783042939
H       19.2326160921     0.7528981737     5.7821588645
H       20.2932510251     0.9314293499     7.1848775264
H       21.0465933874     4.0626821057     6.5841646052
H       20.5746820232     3.5462423899     8.2114676386
H       19.6251813488     4.7794767542     7.3584988128
Si       16.5176758003     3.4154058414     4.4746995095
O       16.4578318331     4.9980322866     4.8628532166
O       17.9985682305     3.0455198675     3.8856524637
O       15.4446080367     3.0693280292     3.2934425848
O       16.1751247040     2.5569186473     5.8195891462
Si       16.6704615013     6.6010139215     4.5596552208
Si       14.0128642338     2.6538454054     2.6059910045
Si       18.8962989034     2.5325626409     2.6043159210
Si       15.8349451433     1.1097039326     6.5291773340
H       18.0547664586     6.8466683939     4.0485763523
H       15.7072895579     7.0077964575     3.4801025304
H       16.4739707654     7.4593659731     5.7939471452
H       12.9096337896     3.4082159868     3.2380915438
H       14.0022172853     2.9817361872     1.1531982411
H       18.5006328398     3.3514584118     1.4315322937
H       13.7501633918     1.1941058928     2.7872690828
H       18.5694685901     1.1058192572     2.3326248022
H       16.5440971550     0.8425393550     7.8389404610
H       14.3599416689     0.9854731416     6.7785954365
H       20.3992669882     2.6503696878     2.7872814761
H       16.2496844190     0.0565250151     5.5706537216
32
# Point 7 Energy = 0.0
C       20.0991703670     3.8700627204     7.1839772001
H       18.8816475108     3.1935257321     5.6316316528
C       19.2745826535     2.7571678300     6.5465671503
H       18.4187520205     2.6478941427     7.2256257500
H       20.8412792976     1.5405535863     5.6477386941
C       19.9558288161     1.4151563338     6.2832905883
H       19.2818509160     0.7061935498     5.7819504489
H       20.2901106673     0.9436170700     7.2137250036
H       20.9809217074     4.0938091701     6.5712549381
H       20.4497087707     3.6167867665     8.1927887187
H       19.5002119638     4.7853256555     7.2514648250
Si       16.5347359813     3.4150826203     4.4882424953
O       16.4861501752     4.9963657581     4.8834142371
O       18.0099349031     3.0383547091     3.8900602017
O       15.4570511044     3.0804275768     3.3090418909
O       16.1914410899     2.5534258397     5.8306814392
Si       16.7033212148     6.5996648971     4.5852846022
Si       14.0220045990     2.6687303014     2.6280388384
Si       18.9050919480     2.5282741509     2.6065632476
Si       15.8542561127     1.1060652881     6.5408692164
H       18.0863920023     6.8419141464     4.0693119482
H       15.7371672293     7.0136462187     3.5112597281
H       16.5152309094     7.4546836478     5.8233356886
H       12.9254181234     3.4250471924     3.2675395479
H       14.0089130265     3.0012525244     1.1774230446
H       18.5082694929     3.3527926658     1.4390832301
H       13.7564259179     1.2093949847     2.8067783042
H       18.5718871267     1.1042541400     2.3331788382
H       16.5684076902     0.8325225450     7.8474730871
H       14.3805516102     0.9872281346     6.7963997058
H       20.4096939578     2.6401634915     2.7848809565
H       16.2615716941     0.0539186102     5.5782901421
32
# Point 8 Energy = 0.0
C       20.0079018807     3.8901607972     7.1364950870
H       18.8865919124     3.1380056815     5.5555674992
C       19.2529965064     2.7323025794     6.4937004485
H       18.3779893765     2.6362060443     7.1499775759
H       20.8779890124     1.5306069585     5.6815207622
C       19.9736797467     1.4007717845     6.2890224562
H       19.3340362978     0.6634384209     5.7829842835
H       20.2855107783     0.9596601881     7.2418812759
H       20.9118314157     4.1248379493     6.5612029861
H       20.3148744790     3.6833156707     8.1703592774
H       19.3755294623     4.7854236190     7.1411501361
Si       16.5524658786     3.4144385278     4.5019962055
O       16.5156834145     4.9942545956     4.9042802796
O       18.0215665842     3.0306391581     3.8941125599
O       15.4697683056     3.0916132648     3.3252360343
O       16.2086779153     2.5496328243     5.8420497756
Si       16.7376925517     6.5978154911     4.6112969761
Si       14.0311975250     2.6840492157     2.6510420313
Si       18.9135745278     2.5232592934     2.6081401955
Si       15.8743321420     1.1021897124     6.5528798498
H       18.1193666332     6.8364128170     4.0899576745
H       15.7683249459     7.0193308430     3.5432276856
H       16.5586489862     7.4493640274     5.8532173240
H       12.9416279531     3.4424391573     3.2982646604
H       14.0153772786     3.0213207064     1.2026551213
H       18.5154628236     3.3535540062     1.4461709912
H       13.7624734175     1.2251724073     2.8272003867
H       18.5735195573     1.1020981580     2.3331322506
H       16.5938089406     0.8220233354     7.8560343768
H       14.4020311771     0.9891352592     6.8150204384
H       20.4198631910     2.6288150473     2.7812659448
H       16.2735859830     0.0510144589     5.5861228099
32
# Point 9 Energy = 0.0
C       19.9131034143     3.9077680882     7.0871987335
H       18.8950817744     3.0788743410     5.4790169762
C       19.2315793847     2.7076561165     6.4407542218
H       18.3367774835     2.6251913750     7.0717574785
H       20.9143827775     1.5279586285     5.7178982470
C       19.9921085472     1.3905574854     6.2960326343
H       19.3895402945     0.6244725177     5.7865555742
H       20.2800888995     0.9802209529     7.2698937153
H       20.8385022703     4.1558448823     6.5530038162
H       20.1705094064     3.7456988659     8.1429137404
H       19.2515068379     4.7798146796     7.0268911313
Si       16.5708494066     3.4134811018     4.5160056298
O       16.5464541325     4.9916716161     4.9255790632
O       18.0334416826     3.0223827029     3.8978867754
O       15.4827862431     3.1030005173     3.3420216673
O       16.2267430322     2.5454763202     5.8536744033
Si       16.7736621816     6.5954442382     4.6379215360
Si       14.0404884130     2.7000050515     2.6749247528
Si       18.9217529909     2.5175825330     2.6091266512
Si       15.8950145464     1.0979777620     6.5650866537
H       18.1537943460     6.8301365413     4.1108060960
H       15.8009113997     7.0249237513     3.5762335854
H       16.6042949527     7.4433064800     5.8838566017
H       12.9583167703     3.4605827080     3.3301938722
H       14.0217226136     3.0422340192     1.2288421633
H       18.5222934796     3.3538892443     1.4529150577
H       13.7682967587     1.2416417589     2.8483629127
H       18.5743401820     1.0994487653     2.3324743491
H       16.6200803601     0.8108374207     7.8645030348
H       14.4242209092     0.9911200421     6.8342773655
H       20.4297676258     2.6163333724     2.7765704229
H       16.2855674832     0.0477681206     5.5939864971
32
# Point 10 Energy = 0.0
C       19.8148892553     3.9227507439     7.0354122921
H       18.9067002666     3.0148612494     5.4025769978
C       19.2101528224     2.6831508212     6.3879155691
H       18.2953138398     2.6147272177     6.9913127279
H       20.9498235682     1.5330546932     5.7565822176
C       20.0110302102     1.3848391002     6.3046924374
H       19.4483552736     0.5894306148     5.7938825848
H       20.2743177186     1.0060236121     7.2980951543
H       20.7602740098     4.1867815850     6.5455643833
H       20.0173285325     3.8035736503     8.1092094708
H       19.1287192453     4.7684712871     6.9083681443
Si       16.5898646190     3.4122080177     4.5303136620
O       16.5784503139     4.9885798527     4.9474215353
O       18.0455456600     3.0136036652     3.9014765294
O       15.4961454512     3.1146679738     3.3593862670
O       16.2455354057     2.5408915414     5.8655368332
Si       16.8112618888     6.5925182134     4.6653583501
Si       14.0499500096     2.7167356361     2.6995899431
Si       18.9296632001     2.5113190879     2.6096346629
Si       15.9161482190     1.0933303586     6.5773789954
H       18.1897268990     6.8230624968     4.1321334060
H       15.8350272709     7.0304615331     3.6104616910
H       16.6521561448     7.4364059914     5.9154786670
H       12.9755462272     3.4795914020     3.3632143789
H       14.0281012357     3.0642062616     1.2559080226
H       18.5288732144     3.3539378017     1.4594556726
H       13.7739333850     1.2589406545     2.8700830713
H       18.5743771546     1.0964080800     2.3312364101
H       16.6469933113     0.7987839842     7.8727797597
H       14.4469637254     0.9930877741     6.8539877917
H       20.4394255666     2.6027628078     2.7709755944
H       16.2973869556     0.0441342912     5.6017421369
32
# Point 11 Energy = 0.0
C       19.7136486748     3.9349090869     6.9805893086
H       18.9209595193     2.9450213384     5.3271731841
C       19.1885232568     2.6587911851     6.3354034855
H       18.2538223826     2.6047691431     6.9091460024
H       20.9834416491     1.5462452459     5.7968987131
C       20.0301259473     1.3840025291     6.3151742472
H       19.5100181802     0.5587010089     5.8060250931
H       20.2684847322     1.0377978223     7.3265862415
H       20.6767632048     4.2174467669     6.5377071996
H       19.8565700591     3.8563994699     8.0681564560
H       19.0079769620     4.7513933622     6.7856680685
Si       16.6094736293     3.4106089116     4.5449559538
O       16.6116048632     4.9849367401     4.9698928686
O       18.0578668713     3.0043361038     3.9049932591
O       15.5098951717     3.1266495319     3.3772988999
O       16.2649349687     2.5358161376     5.8776162240
Si       16.8504402048     6.5889980891     4.6937657771
Si       14.0596809653     2.7342960615     2.7249054832
Si       18.9373740440     2.5045623546     2.6098140080
Si       15.9375764505     1.0881534834     6.5896578039
H       18.2271370534     6.8151834199     4.1541913044
H       15.8706974240     7.0359404603     3.6460352476
H       16.7020995956     7.4285620047     5.9482544185
H       12.9933773313     3.4994809830     3.3971538871
H       14.0347066605     3.0873494071     1.2837373303
H       18.5353474107     3.3538335426     1.4659550272
H       13.7794731677     1.2771218671     2.8921568910
H       18.5737244796     1.0930870160     2.3294994771
H       16.6743033527     0.7857185895     7.8807911565
H       14.4700981769     0.9949215187     6.8739609462
H       20.4488841080     2.5881990120     2.7647211510
H       16.3089501025     0.0400698067     5.6092802457
32
# Point 12 Energy = 0.0
C       19.6101104766     3.9440303350     6.9223964217
H       18.9372339741     2.8688504067     5.2540540049
C       19.1664806961     2.6346801902     6.2834710019
H       18.2125334579     2.5953725800     6.8259361536
H       21.0141729560     1.5676459421     5.8377498819
C       20.0488299683     1.3884187843     6.3273936066
H       19.5735440426     0.5328636256     5.8237474125
H       20.2626692481     1.0761818442     7.3551893845
H       20.5879974505     4.2474752297     6.5282315492
H       19.6900976399     3.9035440658     8.0189927300
H       18.8903280282     4.7287211572     6.6593604734
Si       16.6296139135     3.4086671820     4.5599541608
O       16.6457770318     4.9807001069     4.9930383190
O       18.0703935257     2.9946343029     3.9085650131
O       15.5240873277     3.1389233738     3.3957010192
O       16.2847957320     2.5301974927     5.8898868430
Si       16.8910355045     6.5848446995     4.7232386083
Si       14.0698022872     2.7526365261     2.7506929783
Si       18.9449904235     2.4974251782     2.6098552714
Si       15.9591398801     1.0823680711     6.6018402957
H       18.2658929542     6.8065178533     4.1771873561
H       15.9078426351     7.0413120142     3.6829889405
H       16.7538375583     7.4196925498     5.9822748692
H       13.0118601309     3.5201467046     3.4317631195
H       14.0417711417     3.1116430474     1.3121616964
H       18.5418951966     3.3536977153     1.4725941822
H       13.7850623791     1.2961301289     2.9143549362
H       18.5725529618     1.0896021636     2.3274033454
H       16.7017487743     0.7715545808     7.8884988988
H       14.4934556750     0.9964864827     6.8939993992
H       20.4582227847     2.5727989078     2.7581121647
H       16.3202048441     0.0355387574     5.6165313227
32
# Point 13 Energy = 0.0
C       19.5053716663     3.9499579537     6.8608174376
H       18.9547046648     2.7864265420     5.1847295212
C       19.1438037889     2.6110316072     6.2323999612
H       18.1716580083     2.5867080181     6.7425313704
H       21.0408467173     1.5969927397     5.8776255382
C       20.0663495066     1.3983449111     6.3409526639
H       19.6374172869     0.5125900260     5.8473438425
H       20.2567329926     1.1215827140     7.3834000852
H       20.4945392290     4.2763524107     6.5160453633
H       19.5204157843     3.9444027660     7.9614862955
H       18.7770188913     4.7008546175     6.5305570241
Si       16.6501914611     3.4063628149     4.5753075361
O       16.6807392622     4.9758368003     5.0168452013
O       18.0831105416     2.9845741210     3.9123306175
O       15.5387681170     3.1514017909     3.4144983578
O       16.3049432250     2.5240036342     5.9023163336
Si       16.9327560970     6.5800280172     4.7537792250
Si       14.0804486950     2.7715823416     2.7767218311
Si       18.9526518420     2.4900340469     2.6099865338
Si       15.9806795717     1.0759251022     6.6138686904
H       18.3057386342     6.7971193850     4.2012544836
H       15.9462556173     7.0464809131     3.7212358366
H       16.8069048770     7.4097537301     6.0175179296
H       13.0310211256     3.5413463050     3.4667052402
H       14.0495543223     3.1369037190     1.3409504453
H       18.5487229628     3.3536238881     1.4795630384
H       13.7909008673     1.3157813871     2.9364262733
H       18.5711137358     1.0860652074     2.3251521047
H       16.7290567408     0.7562906017     7.8959118011
H       14.5168620706     0.9976427879     6.9139082470
H       20.4675538304     2.5567811583     2.7515157959
H       16.3311484668     0.0305199421     5.6234807343
32
# Point 14 Energy = 0.0
C       19.4008539844     3.9526698546     6.7962426644
H       18.9723456680     2.6985166413     5.1208226234
C       19.1202722650     2.5881660466     6.1824839719
H       18.1313581545     2.5790578685     6.6598970327
H       21.0623318635     1.6335317690     5.9147114671
C       20.0817417948     1.4138145873     6.3551233898
H       19.6996963555     0.4984980684     5.8764850564
H       20.2503488259     1.1740199008     7.4103799611
H       20.3975429383     4.3034674686     6.5003513332
H       19.3505384657     3.9785442312     7.8961050065
H       18.6693941082     4.6685522801     6.4009003497
Si       16.6710780398     3.4036764397     4.5909845626
O       16.7161773329     4.9703326193     5.0412271069
O       18.0959956383     2.9742492426     3.9164271538
O       15.5539668759     3.1639289918     3.4335568624
O       16.3251783149     2.5172348155     5.9148644744
Si       16.9751795683     6.5745373234     4.7852721524
Si       14.0917525345     2.7908296357     2.8027130996
Si       18.9605219679     2.4825157597     2.6104586803
Si       16.0020433252     1.0688216278     6.6257187857
H       18.3462922323     6.7870813184     4.2264181941
H       15.9855933807     7.0513106512     3.7605423936
H       16.8606653287     7.3987597115     6.0538205564
H       13.0508499028     3.5627030667     3.5015607549
H       14.0583192971     3.1627722745     1.3698115625
H       18.5560473444     3.3536592236     1.4870416805
H       13.7972260319     1.3357583716     2.9581114167
H       18.5697250807     1.0825664944     2.3230078513
H       16.7559573582     0.7400336644     7.9030942887
H       14.5401433628     0.9982657874     6.9335102678
H       20.4770145547     2.5404117519     2.7453402987
H       16.3418287041     0.0250145122     5.6301803608
32
# Point 15 Energy = 0.0
C       19.2981630321     3.9523441211     6.7294904283
H       18.9889822674     2.6065648839     5.0638379919
C       19.0956860126     2.5664790829     6.1339985550
H       18.0917223756     2.5727833492     6.5790139627
H       21.0777204620     1.6760034796     5.9471120569
C       20.0940528502     1.4345533850     6.3689088373
H       19.7582582539     0.4909841637     5.9101711022
H       20.2430824811     1.2330122554     7.4350344652
H       20.2986824036     4.3282079906     6.4808281595
H       19.1836836176     4.0058529071     7.8240676963
H       18.5687319567     4.6329642780     6.2724297104
Si       16.6921158867     3.4005936868     4.6069183229
O       16.7517119387     4.9641998742     5.0660201430
O       18.1090154463     2.9637610445     3.9209715420
O       15.5696846301     3.1762941065     3.4527067521
O       16.3452892276     2.5099300678     5.9274826062
Si       17.0177838558     6.5683889540     4.8174781326
Si       14.1038217190     2.8099705655     2.8283571616
Si       18.9687674001     2.4749789461     2.6115175309
Si       16.0230937279     1.0611097792     6.6374026723
H       18.3870740013     6.7765321485     4.2525773650
H       16.0253995391     7.0556399948     3.8005308085
H       16.9143627210     7.3867938820     6.0908755088
H       13.0712896220     3.5837420053     3.5358558280
H       14.0682976708     3.1887394957     1.3984086825
H       18.5640678344     3.3537903298     1.4951754908
H       13.8042811696     1.3556366442     2.9791625491
H       18.5687367985     1.0791578072     2.3212655561
H       16.7822038238     0.7230021527     7.9101631527
H       14.5631347777     0.9982682965     6.9526623444
H       20.4867496634     2.5239725427     2.7399932724
H       16.3523334333     0.0190497799     5.6367469725
