32
# Point -15 Energy = 0.0
C       20.5998356416     3.8971736097     7.1518853065
H       18.9178309040     3.5181533477     5.8969996435
C       19.4774188380     2.9837328556     6.6680069066
H       18.7780861882     2.7940548411     7.4945567696
H       20.8451687311     1.7836260868     5.4674335781
C       19.9633884969     1.6461866743     6.1049096611
H       19.1816966608     1.1747381951     5.4907983540
H       20.2320399060     0.9482905136     6.9045296664
H       21.1931657766     4.2570543523     6.3034918121
H       21.2790954408     3.3780396482     7.8343843951
H       20.1956450822     4.7688862822     7.6760679637
Si       16.3630866498     3.0134065539     4.7155902820
O       15.8882243967     4.5470456970     5.0483464396
O       18.0661301713     2.8630428995     4.5208100968
O       16.0213022752     2.6523276396     3.0548418817
O       15.4899383526     2.3070861406     5.9003639974
Si       16.2616210432     6.0815476852     4.5044383013
Si       14.5663285573     3.1370989779     2.2486794226
Si       18.5538445313     2.4084831766     2.9064363003
Si       15.6338732607     1.0383219305     6.9673063283
H       17.6835453750     6.3320713037     4.0050642186
H       15.3621736425     6.4826322787     3.3522733653
H       16.0259619950     6.8740802136     5.7072935677
H       13.2413828748     3.9582737162     2.7380466257
H       14.8283915692     4.0535174723     1.0009001708
H       18.1129250871     3.0616726123     1.4766264094
H       13.7353662985     1.9717560645     1.5722329245
H       18.4431039662     0.9098569486     2.3143840297
H       16.4674255694     1.3325834339     8.1734461287
H       14.2438136696     0.9968851272     7.2740595370
H       20.0946795204     2.6226057190     2.8016223233
H       16.1214901280     -0.3209299975     6.4513389525
32
# Point -14 Energy = 0.0
C       20.6146685897     3.8651040048     7.1912841137
H       18.9302076155     3.5303986466     5.9249011589
C       19.4794273027     2.9769285334     6.6903197848
H       18.7742249520     2.7861791717     7.5114905222
H       20.8239800205     1.7765504650     5.4646794615
C       19.9479300942     1.6405307786     6.1103471535
H       19.1563009240     1.1795538157     5.5014100242
H       20.2204086592     0.9340289845     6.9011280514
H       21.2239628404     4.2184467841     6.3514762587
H       21.2760979555     3.3279576859     7.8773426006
H       20.2227887201     4.7414978138     7.7170191825
Si       16.3701800276     3.0712876902     4.6982221394
O       15.9237893915     4.6122320212     5.0336705605
O       18.0628455477     2.8963846893     4.4833219104
O       15.9762284469     2.6841584921     3.0617174547
O       15.5255547155     2.3598637649     5.9005416637
Si       16.2858740536     6.1503993198     4.4976344381
Si       14.4979600037     3.0691664483     2.2564688196
Si       18.5836408346     2.4296946447     2.8898229810
Si       15.6457078308     1.0504291454     6.9185789717
H       17.7061170784     6.3992317902     3.9990917954
H       15.3837768422     6.5453963013     3.3465216588
H       16.0500043975     6.9530875954     5.6982380668
H       13.1811359801     3.8806595858     2.7504320178
H       14.7099499250     3.9099627622     0.9533807668
H       18.1596004082     3.0953821525     1.4716447079
H       13.6979122529     1.8355552596     1.6857147663
H       18.4544165656     0.9313007168     2.3234602563
H       16.4704407362     1.2892719306     8.1439710778
H       14.2502810688     0.9848287169     7.2218751100
H       20.1254833895     2.6258423221     2.8119264932
H       16.1370834297     -0.2780100331     6.3395313919
32
# Point -13 Energy = 0.0
C       20.6263664283     3.8350136518     7.2292873335
H       18.9411660406     3.5417013270     5.9514277863
C       19.4799398327     2.9708095974     6.7118774408
H       18.7686416302     2.7793328944     7.5274735938
H       20.8031710681     1.7710580385     5.4632268580
C       19.9327561955     1.6358681614     6.1166816098
H       19.1322101498     1.1838704282     5.5130695455
H       20.2093462617     0.9218384294     6.8992940653
H       21.2513796423     4.1810367426     6.3980016712
H       21.2698293148     3.2815908833     7.9194773251
H       20.2458864103     4.7160981128     7.7555679454
Si       16.3779794301     3.1252535172     4.6790682196
O       15.9596028516     4.6728917287     5.0168658253
O       18.0597233849     2.9278264097     4.4430709113
O       15.9309577728     2.7153549024     3.0686691321
O       15.5634453497     2.4076090335     5.8983843139
Si       16.3100238010     6.2148793999     4.4893010591
Si       14.4337859440     3.0037279997     2.2702944982
Si       18.6122125910     2.4492101658     2.8709371313
Si       15.6568621937     1.0618720437     6.8691226654
H       17.7283877463     6.4623961331     3.9912167487
H       15.4048967087     6.6041890845     3.3397137374
H       16.0742002979     7.0271912970     5.6879856275
H       13.1258548606     3.8061628886     2.7697139760
H       14.5991431288     3.7701747770     0.9213524149
H       18.2026289075     3.1263206589     1.4649202281
H       13.6699401197     1.7127693609     1.8021102801
H       18.4650743288     0.9516699117     2.3301192148
H       16.4721503253     1.2460646810     8.1112336035
H       14.2558069924     0.9752544975     7.1666718345
H       20.1540928266     2.6295070042     2.8185033472
H       16.1505180644     -0.2352417616     6.2325254165
32
# Point -12 Energy = 0.0
C       20.6352026649     3.8070672104     7.2657404278
H       18.9506759290     3.5520542354     5.9765721935
C       19.4791322234     2.9653779730     6.7326571383
H       18.7616603312     2.7734915716     7.5426001881
H       20.7828077741     1.7669979679     5.4628793787
C       19.9180193434     1.6320896439     6.1238574815
H       19.1094623460     1.1875052445     5.5258220849
H       20.1991853194     0.9116480048     6.8989905749
H       21.2755465011     4.1450582389     6.4428353966
H       21.2607464920     3.2391264631     7.9605885613
H       20.2652443910     4.6928890548     7.7915821718
Si       16.3862153061     3.1749646559     4.6584193451
O       15.9953497190     4.7287027937     4.9982477772
O       18.0565346508     2.9570390638     4.4003823592
O       15.8855424144     2.7457283645     3.0758863495
O       15.6033155502     2.4501135875     5.8941349261
Si       16.3337672768     6.2746642249     4.4798131231
Si       14.3739365833     2.9414338975     2.2890901137
Si       18.6394250993     2.4669620738     2.8499873389
Si       15.6673565192     1.0725022376     6.8197522115
H       17.7500542759     6.5212498702     3.9818165756
H       15.4252305465     6.6587210618     3.3322346808
H       16.0982482731     7.0960349632     5.6769483289
H       13.0755768751     3.7353161677     2.7947375687
H       14.4965651482     3.6362058416     0.9030011996
H       18.2418633542     3.1545874534     1.4566595623
H       13.6506966073     1.6032836304     1.9187200469
H       18.4750809536     0.9708835114     2.3344862864
H       16.4726638810     1.2034114622     8.0761163619
H       14.2604250649     0.9680601174     7.1098795295
H       20.1805062452     2.6335795408     2.8215893552
H       16.1619429406     -0.1934481275     6.1311367224
32
# Point -11 Energy = 0.0
C       20.6415068913     3.7814098579     7.3004712585
H       18.9587459272     3.5614708464     6.0003255441
C       19.4772154932     2.9606381179     6.7526222438
H       18.7536415766     2.7686204094     7.5569558546
H       20.7629516427     1.7642427982     5.4634031099
C       19.9038809445     1.6291038567     6.1317863953
H       19.0881033836     1.1903133357     5.5396896370
H       20.1902622390     0.9033913969     6.9001274338
H       21.2966549498     4.1107381882     6.4857220811
H       21.2493637311     3.2007136751     8.0004497687
H       20.2812352559     4.6720423626     7.8249233009
Si       16.3946152525     3.2201433646     4.6365866892
O       16.0307122075     4.7794065437     4.9781512465
O       18.0530419010     2.9837252413     4.3556301370
O       15.8400602421     2.7751118864     3.0835502262
O       15.6448384048     2.4872457332     5.8880469801
Si       16.3568145258     6.3294907295     4.4695730355
Si       14.3184762847     2.8828581639     2.3116974002
Si       18.6651580991     2.4828921310     2.8272443524
Si       15.6771842956     1.0822056796     6.7712874558
H       17.7708351941     6.5755341429     3.9713199508
H       15.4445091025     6.7087676834     3.3244831148
H       16.1218447818     7.1593222779     5.6655630518
H       13.0303058131     3.6686269209     2.8242534705
H       14.4026840574     3.5098661678     0.8962941276
H       18.2772182713     3.1802851029     1.4471350998
H       13.6392712909     1.5067628347     2.0330027654
H       18.4844300722     0.9888631105     2.3367472873
H       16.4720761456     1.1617818660     8.0395819835
H       14.2641564532     0.9630976611     7.0529014946
H       20.2047263641     2.6380082013     2.8215136655
H       16.1714598062     -0.1533782877     6.0361251979
32
# Point -10 Energy = 0.0
C       20.6456527928     3.7581597175     7.3332969617
H       18.9654204727     3.5699817883     6.0226779428
C       19.4744279923     2.9565935075     6.7717231674
H       18.7449698355     2.7646717669     7.5706148657
H       20.7436593992     1.7626880565     5.4645317005
C       19.8905071626     1.6268363763     6.1403472656
H       19.0681868662     1.1921883055     5.5546665738
H       20.1829083159     0.8970058712     6.9025603419
H       21.3149499191     4.0782873969     6.5263933365
H       21.2362361843     3.1664553794     8.0388161545
H       20.2942830538     4.6536911317     7.8554535468
Si       16.4029091028     3.2605793405     4.6138914306
O       16.0653733163     4.8248133939     4.9569184356
O       18.0490056373     3.0076264429     4.3092292338
O       15.7946177730     2.8033564047     3.0918219752
O       15.6876572534     2.5189516436     5.8803760661
Si       16.3788917367     6.3791613764     4.4589953338
Si       14.2674014445     2.8284890704     2.3368974298
Si       18.6893096624     2.4969523703     2.8030385749
Si       15.6863206263     1.0909062136     6.7245323789
H       17.7904747707     6.6250505155     3.9601939787
H       15.4625016886     6.7541714963     3.3168528878
H       16.1446843941     7.2168239467     5.6542739184
H       12.9900031588     3.6065688521     2.8569359175
H       14.3178345156     3.3926930585     0.8990576519
H       18.3086742032     3.2035150239     1.4366801388
H       13.6346206300     1.4226874251     2.1426340033
H       18.4931079923     1.0055351599     2.3371480024
H       16.4704715051     1.1216602951     8.0026434625
H       14.2670142158     0.9601778237     6.9970785317
H       20.2267606783     2.6427129434     2.8186978501
H       16.1791443002     -0.1156900945     5.9481863011
32
# Point -9 Energy = 0.0
C       20.6480427017     3.7374004187     7.3640323194
H       18.9707743500     3.5776306309     6.0436195263
C       19.4710248647     2.9532427891     6.7898993630
H       18.7360383567     2.7615832234     7.5836380426
H       20.7249809174     1.7622496985     5.4659739006
C       19.8780626331     1.6252274458     6.1493883475
H       19.0497719034     1.1930611323     5.5707165139
H       20.1774383965     0.8924302035     6.9060924771
H       21.3307184438     4.0478908490     6.5645794863
H       21.2219395064     3.1364001600     8.0754347466
H       20.3048449116     4.6379222631     7.8830441159
Si       16.4108342121     3.2961342095     4.5906535611
O       16.0990211603     4.8648075242     4.9348862447
O       18.0441917246     3.0285302182     4.2616253075
O       15.7493497978     2.8303264773     3.1008315964
O       15.7313902867     2.5452546368     5.8713717595
Si       16.3997443312     6.4235478947     4.4484894859
Si       14.2206413678     2.7787226458     2.3634479257
Si       18.7117998562     2.5091070661     2.7777541440
Si       15.6947334082     1.0985673870     6.6802521626
H       17.8087466269     6.6696643382     3.9489276222
H       15.4790197799     6.7948428749     3.3097138554
H       16.1664614591     7.2683838601     5.6435128564
H       12.9545821386     3.5495725829     2.8914120618
H       14.2422158376     3.2859295174     0.9090636856
H       18.3362789806     3.2243746873     1.4256802945
H       13.6355997115     1.3503936033     2.2455598443
H       18.5010971904     1.0208342084     2.3359908374
H       16.4679332004     1.0835393056     7.9663291530
H       14.2690116444     0.9590743660     6.9436543203
H       20.2466225071     2.6475915314     2.8136502523
H       16.1850683936     -0.0809357493     5.8679395504
32
# Point -8 Energy = 0.0
C       20.6490893250     3.7191745793     7.3924992973
H       18.9749051867     3.5844692135     6.0631421432
C       19.4672653191     2.9505760214     6.8070824598
H       18.7272319750     2.7592765981     7.5960712973
H       20.7069555456     1.7628596613     5.4674236712
C       19.8667022400     1.6242285358     6.1587316163
H       19.0329188375     1.1928972330     5.5877711578
H       20.1741375364     0.8896018267     6.9104795439
H       21.3442752872     4.0196980924     6.6000228834
H       21.2070462091     3.1105359842     8.1100559814
H       20.3133899876     4.6247706553     7.9075838709
Si       16.4181409132     3.3267440515     4.5671803189
O       16.1313542747     4.8993497678     4.9123733954
O       18.0383795270     3.0462763781     4.2132813679
O       15.7044154210     2.8558958174     3.1106678696
O       15.7756377182     2.5662521541     5.8612700166
Si       16.4191401811     6.4625932634     4.4384416748
Si       14.1780624828     2.7338599427     2.3901252063
Si       18.7325739025     2.5193355468     2.7518190882
Si       15.7023965088     1.1051920564     6.6391492471
H       17.8254568079     6.7093060648     3.9380118526
H       15.4939189497     6.8307590664     3.3033929992
H       16.1868736768     7.3139236598     5.6336793694
H       12.9239059989     3.4980171745     2.9263025870
H       14.1758955488     3.1905137105     0.9241190782
H       18.3601455489     3.2429564612     1.4145609396
H       13.6410006464     1.2891156158     2.3400423494
H       18.5083803877     1.0347068219     2.3336279062
H       16.4645565752     1.0479108270     7.9316435721
H       14.2701733654     0.9595284920     6.8937440308
H       20.2643324844     2.6525281157     2.8069540478
H       16.1893222316     -0.0495513889     5.7959145205
32
# Point -7 Energy = 0.0
C       20.6491958281     3.7034790908     7.4185371690
H       18.9779244565     3.5905528773     6.0812414767
C       19.4633986041     2.9485714861     6.8232004438
H       18.7189090524     2.7576582599     7.6079451318
H       20.6896072835     1.7644600510     5.4685725686
C       19.8565616261     1.6237981751     6.1681795718
H       19.0176833180     1.1916919773     5.6057315556
H       20.1732466373     0.8884536845     6.9154385189
H       21.3559463780     3.9938147386     6.6324919453
H       21.1921002938     3.0887864909     8.1424462142
H       20.3203771144     4.6142160034     7.9289877565
Si       16.4245980115     3.3524193224     4.5437549134
O       16.1620878222     4.9284779530     4.8896681404
O       18.0313701856     3.0607614338     4.1646620858
O       15.6599907333     2.8799433307     3.1213707214
O       15.8199915685     2.5821101758     5.8502863815
Si       16.4368729394     6.4963113574     4.4291968721
Si       14.1394759795     2.6941085467     2.4157682790
Si       18.7516044360     2.5276353534     2.7256915558
Si       15.7093035923     1.1108195357     6.6018398933
H       17.8404461893     6.7439700384     3.9279177586
H       15.5070990643     6.8619612679     3.2981574340
H       16.2056276961     7.3534448701     5.6251210346
H       12.8977916468     3.4522236436     2.9602714770
H       14.1188179731     3.1070801936     0.9421532357
H       18.3804461233     3.2593479095     1.4037709945
H       13.6495956238     1.2380282351     2.4246932825
H       18.5149447983     1.0471156832     2.3304502543
H       16.4604647052     1.0152551311     7.8995260823
H       14.2705475001     0.9612530184     6.8483082833
H       20.2799201277     2.6574034011     2.7992488840
H       16.1920332912     -0.0218512357     5.7325354442
32
# Point -6 Energy = 0.0
C       20.6487359479     3.6902629916     7.4420124041
H       18.9799478255     3.5959360219     6.0979193678
C       19.4596499536     2.9471935332     6.8381826142
H       18.7113841193     2.7566209124     7.6192752358
H       20.6729395768     1.7669967138     5.4691236087
C       19.8477474748     1.6238976059     6.1775241668
H       19.0041094427     1.1894650701     5.6244719541
H       20.1749485286     0.8889113634     6.9206598232
H       21.3660514207     3.9702961307     6.6617947312
H       21.1775923047     3.0710108153     8.1724002321
H       20.3262329491     4.6061828566     7.9472041956
Si       16.4299980498     3.3732417140     4.5206263541
O       16.1909603622     4.9523041014     4.8670174955
O       18.0229942796     3.0719404793     4.1162167507
O       15.6162588906     2.9023503138     3.1329268971
O       15.8640475685     2.5930550781     5.8386103045
Si       16.4527653096     6.5247838371     4.4210427914
Si       14.1046485771     2.6595883667     2.4393216986
Si       18.7688924275     2.5340251094     2.6998427847
Si       15.7154809080     1.1155203711     6.5688331425
H       17.8535920209     6.7737105048     3.9190744839
H       15.5185027832     6.8885496072     3.2942009537
H       16.2224464290     7.3870278771     5.6181165168
H       12.8760190887     3.4124512137     2.9920808280
H       14.0708170600     3.0359729204     0.9612977022
H       18.3974028107     3.2736331658     1.3937640811
H       13.6601816968     1.1962871188     2.4984927204
H       18.5207859730     1.0580432657     2.3268735295
H       16.4558239538     0.9860279304     7.8708103443
H       14.2702169462     0.9639364716     6.8081344875
H       20.2934249900     2.6621052055     2.7912069927
H       16.1933809311     0.0019733330     5.6781061671
32
# Point -5 Energy = 0.0
C       20.6480360656     3.6794284232     7.4628273612
H       18.9810858257     3.6006683843     6.1131860281
C       19.4562079657     2.9463917955     6.8519648522
H       18.7049129423     2.7560468112     7.6300641694
H       20.6569306850     1.7704130475     5.4688053783
C       19.8403288199     1.6244868393     6.1865571332
H       18.9922229081     1.1862543553     5.6438459593
H       20.1793562044     0.8908910242     6.9258220421
H       21.3748873447     3.9491440564     6.6877907217
H       21.1639372657     3.0570074273     8.1997526337
H       20.3313326597     4.6005441938     7.9622206685
Si       16.4341619761     3.3893578404     4.4980012046
O       16.2177405935     4.9710082463     4.8446189150
O       18.0131180655     3.0798260045     4.0683623353
O       15.5733988716     2.9229993076     3.1452695069
O       15.9074181700     2.5993632865     5.8264008608
Si       16.4666719550     6.5481541887     4.4141973272
Si       14.0733156896     2.6303411890     2.4598733781
Si       18.7844664455     2.5385464763     2.6747381768
Si       15.7209973015     1.1193892243     6.5405141687
H       17.8648084059     6.7986349750     3.9118492233
H       15.5281125594     6.9106761502     3.2916355331
H       16.2370773521     7.4148273784     5.6128628247
H       12.8583461035     3.3788964030     3.0206451023
H       14.0316323376     2.9772688943     0.9799515058
H       18.4112753132     3.2858948806     1.3849786648
H       13.6716237307     1.1630647468     2.5607902053
H       18.5259106423     1.0674944942     2.3233211017
H       16.4508566280     0.9606465392     7.8461879367
H       14.2693079581     0.9672474828     6.7738271312
H       20.3048969087     2.6665380996     2.7835057390
H       16.1936049052     0.0218498343     5.6327975710
32
# Point -4 Energy = 0.0
C       20.6473610760     3.6708347170     7.4809268720
H       18.9814358330     3.6047923467     6.1270618166
C       19.4532147909     2.9461018904     6.8644946322
H       18.6996815811     2.7558121166     7.6403039539
H       20.6415305449     1.7746448455     5.4673849270
C       19.8343305864     1.6255216004     6.1950806613
H       18.9820251423     1.1821096546     5.6636943556
H       20.1865048153     0.8942984895     6.9306078023
H       21.3827142686     3.9303069808     6.7103995519
H       21.1514578127     3.0465218561     8.2243869226
H       20.3359850195     4.5971282662     7.9740668643
Si       16.4369428103     3.4009700938     4.4760379419
O       16.2422333595     4.9848291273     4.8226151286
O       18.0016476174     3.0844835589     4.0214683148
O       15.5315744511     2.9417748202     3.1582814881
O       15.9497452974     2.6013494390     5.8137840888
Si       16.4784816970     6.5666192293     4.4088007495
Si       14.0451958552     2.6063429397     2.4766838072
Si       18.7983801526     2.5412647172     2.6508183335
Si       15.7259700163     1.1225366898     6.5171337284
H       17.8740455893     6.8188954548     3.9065314293
H       15.5359464910     6.9285363374     3.2904886270
H       16.2493007862     7.4370644157     5.6094681088
H       12.8445265331     3.3516943791     3.0450787410
H       14.0009266285     2.9308101562     0.9968271427
H       18.4223468057     3.2962162151     1.3778191662
H       13.6828918407     1.1375799807     2.6112879281
H       18.5303381060     1.0754979525     2.3202062208
H       16.4458481394     0.9394764583     7.8261794825
H       14.2679947050     0.9708399576     6.7458077169
H       20.3143950416     2.6706309642     2.7767993677
H       16.1930072058     0.0378163494     5.5966394884
32
# Point -3 Energy = 0.0
C       20.6469054062     3.6643051695     7.4963020491
H       18.9810761209     3.6083414293     6.1395783192
C       19.4507601347     2.9462474795     6.8757352135
H       18.6958004869     2.7557918734     7.6499792587
H       20.6266598162     1.7796167570     5.4646780523
C       19.8297302560     1.6269514669     6.2029172745
H       18.9734892255     1.1770872040     5.6838536535
H       20.1963485291     0.8990295959     6.9347191785
H       21.3897453339     3.9136837469     6.7296058155
H       21.1403741905     3.0392575423     8.2462414132
H       20.3404232296     4.5957279564     7.9828151105
Si       16.4382279697     3.4083254438     4.4548443041
O       16.2642842301     4.9940525095     4.8010924772
O       17.9885304767     3.0860246844     3.9758447461
O       15.4909248762     2.9585657797     3.1718024662
O       15.9907114161     2.5993540279     5.8008520514
Si       16.4881186954     6.5804187790     4.4049132999
Si       14.0200050473     2.5875172320     2.4892041452
Si       18.8107082281     2.5422676722     2.6284820363
Si       15.7305655006     1.1250810578     6.4988047380
H       17.8812880642     6.8346783810     3.9033228296
H       15.5420534816     6.9423594922     3.2907063114
H       16.2589370904     7.4540156317     5.6079505580
H       12.8343297617     3.3309215256     3.0647318251
H       13.9783040388     2.8962409251     1.0109741688
H       18.4309093806     3.3046824488     1.3726399565
H       13.6930902209     1.1191199820     2.6500076921
H       18.5340999938     1.0821054590     2.3179150807
H       16.4411469509     0.9228198919     7.8111159133
H       14.2664992749     0.9743594225     6.7243239325
H       20.3219856440     2.6743416998     2.7716929553
H       16.1919475284     0.0500097329     5.5695185338
32
# Point -2 Energy = 0.0
C       20.6467897814     3.6596356638     7.5089910610
H       18.9800624188     3.6113399460     6.1507785984
C       19.4488794979     2.9467433405     6.8856685947
H       18.6933039626     2.7558650166     7.6590708176
H       20.6122113974     1.7852406289     5.4605559774
C       19.8264580405     1.6287192681     6.2099178873
H       18.9665580754     1.1712451034     5.7041643752
H       20.2087626408     0.9049716674     6.9378911019
H       21.3961411681     3.8991301752     6.7454596299
H       21.1308017782     3.0348885828     8.2653115046
H       20.3448019665     4.5961115534     7.9885781833
Si       16.4379400657     3.4117032480     4.4344776314
O       16.2837821784     4.9989982333     4.7800826294
O       17.9737547976     3.0845979467     3.9317346426
O       15.4515583624     2.9732692686     3.1856380488
O       16.0300477676     2.5937315505     5.7876635717
Si       16.4955424393     6.5898244624     4.4025180584
Si       13.9974694761     2.5737486953     2.4970821906
Si       18.8215411715     2.5416632581     2.6080728474
Si       15.7349952659     1.1271409954     6.4855060786
H       17.8865516605     6.8461942571     3.9023339586
H       15.5465081973     6.9523991614     3.2921614949
H       16.2658519018     7.4660007976     5.6082430857
H       12.8275586499     3.3165979942     3.0792103336
H       13.9633267742     2.8730463942     1.0217800698
H       18.4372504957     3.3113819373     1.3697336869
H       13.7014754361     1.1070541103     2.6772454969
H       18.5372385373     1.0873901234     2.3167925240
H       16.4371568851     0.9109074933     7.8011312394
H       14.2650874724     0.9774507174     6.7094665306
H       20.3277388366     2.6776588573     2.7687211825
H       16.1908335010     0.0586515519     5.5511823270
32
# Point -1 Energy = 0.0
C       20.6470634890     3.6566040966     7.5190770701
H       18.9784270078     3.6138036493     6.1607166327
C       19.4475564476     2.9474989820     6.8942970394
H       18.6921545481     2.7559188296     7.6675587259
H       20.5980542726     1.7914156722     5.4549480085
C       19.8244003968     1.6307616039     6.2159673860
H       18.9611449768     1.1646399920     5.7244782376
H       20.2235505268     0.9120057756     6.9399016533
H       21.4020090310     3.8864676279     6.7580732777
H       21.1227557205     3.0330729452     8.2816484212
H       20.3492002719     4.5980337360     7.9915049732
Si       16.4360361872     3.4114032090     4.4149478438
O       16.3006601684     5.0000072172     4.7595671463
O       17.9573463338     3.0803791178     3.8893110142
O       15.4135489540     2.9857948907     3.1995703634
O       16.0675391376     2.5848400572     5.7742464357
Si       16.5007465525     6.5951286527     4.4015282487
Si       13.9773357352     2.5648948045     2.5001568847
Si       18.8309796038     2.5395758690     2.5898703592
Si       15.7395076277     1.1288298737     6.4770927983
H       17.8898799105     6.8536679306     3.9035869200
H       15.5494062551     6.9589240184     3.2946658173
H       16.2699589274     7.4733698355     5.6102027465
H       12.8240634800     3.3086892130     3.0883799679
H       13.9555295712     2.8605899995     1.0289507485
H       18.4416416131     3.3164063489     1.3693246485
H       13.7074637080     1.1008403070     2.6935189482
H       18.5398037570     1.0914432423     2.3171316179
H       16.4343227227     0.9038941384     7.7961667042
H       14.2640614850     0.9797668829     6.7011915613
H       20.3317248135     2.6806004781     2.7683336073
H       16.1901073673     0.0640330033     5.5412495525
32
# Point 0 Energy = 0
C       20.6477110000     3.6549790000     7.5266840000
H       18.9761800000     3.6157410000     6.1694560000
C       19.4467280000     2.9484220000     6.9016430000
H       18.6922510000     2.7558520000     7.6754250000
H       20.5840390000     1.7980300000     5.4478400000
C       19.8234060000     1.6330100000     6.2209870000
H       18.9571360000     1.1573250000     5.7446630000
H       20.2404540000     0.9200090000     6.9405780000
H       21.4074060000     3.8754920000     6.7676150000
H       21.1161610000     3.0334640000     8.2953550000
H       20.3536290000     4.6012450000     7.9917750000
Si       16.4325060000     3.4077350000     4.3962220000
O       16.3148940000     4.9974300000     4.7394840000
O       17.9393640000     3.0735620000     3.8486780000
O       15.3769370000     2.9960700000     3.2133680000
O       16.1030250000     2.5730330000     5.7606000000
Si       16.5037570000     6.5966350000     4.4017980000
Si       13.9593780000     2.5607940000     2.4984440000
Si       18.8391290000     2.5361430000     2.5740860000
Si       15.7443760000     1.1302530000     6.4733110000
H       17.8913405600     6.8573308000     3.9070238400
H       15.5508605600     6.9622108000     3.2979838400
H       16.2712205600     7.4764908000     5.6136238400
H       12.8237502400     3.3071035200     3.0923555200
H       13.9544302400     2.8581435200     1.0324755200
H       18.4443303200     3.3198514400     1.3715668800
H       13.7106302400     1.1000235200     2.6995155200
H       18.5418503200     1.0943714400     2.3191668800
H       16.4331100800     0.9018602400     7.7959848800
H       14.2637500800     0.9809802400     6.6993448800
H       20.3340103200     2.6832114400     2.7708868800
H       16.1902300800     0.0665002400     5.5392248800
32
# Point 1 Energy = 0.0
C       20.6486446311     3.6545661910     7.5319855706
H       18.9733051761     3.6171616108     6.1770713451
C       19.4462862693     2.9494412244     6.9077626147
H       18.6934291079     2.7555988783     7.6826673196
H       20.5700198926     1.8049764617     5.4393062933
C       19.8233048944     1.6354079862     6.2249675369
H       18.9544130124     1.1493502660     5.7646383278
H       20.2591791014     0.9288847870     6.9398440236
H       21.4123314306     3.8660195955     6.7743183690
H       21.1108495648     3.0357730256     8.3066049375
H       20.3580122265     4.6055413747     7.9895935074
Si       16.4273767423     3.4009703312     4.3782177081
O       16.3265135772     4.9915770463     4.7197275130
O       17.9199001907     3.0643161289     3.8098538399
O       15.3417164388     3.0040510547     3.2267889361
O       16.1364170149     2.5586140483     5.7466890866
Si       16.5046461938     6.5946107614     4.4031302523
Si       13.9433665204     2.5613324366     2.4921124005
Si       18.8460949437     2.5314843199     2.5608346103
Si       15.7499128260     1.1314649422     6.4738061021
H       17.8910368869     6.8573721170     3.9125077400
H       15.5510102917     6.9625042586     3.3018489953
H       16.2696717905     7.4756971849     5.6182514537
H       12.8265750386     3.3117682164     3.0915037416
H       13.9594958159     2.8650072067     1.0325845490
H       18.4455219201     3.3217954383     1.3765261252
H       13.7106292656     1.1042935557     2.6960126451
H       18.5434278968     1.0962676802     2.3230414825
H       16.4340221459     0.9047710781     7.8001748212
H       14.2645277192     0.9807492024     6.7036898260
H       20.3346569780     2.6855313011     2.7766041332
H       16.1916850959     0.0664022897     5.5444995528
32
# Point 2 Energy = 0.0
C       20.6497442493     3.6551763360     7.5351682800
H       18.9697735153     3.6180725402     6.1836378703
C       19.4461005405     2.9504897814     6.9127200653
H       18.6954952816     2.7551078134     7.6892845780
H       20.5558449369     1.8121438178     5.4294486435
C       19.8239090013     1.6378988434     6.2279213851
H       18.9528398975     1.1407634775     5.7843371026
H       20.2794047078     0.9385380689     6.9376586537
H       21.4167553978     3.8578596422     6.7784355202
H       21.1066090428     3.0397237838     8.3155902197
H       20.3622426412     4.6107281715     7.9851708856
Si       16.4206940634     3.3913769947     4.3608327638
O       16.3355758754     4.9827524246     4.7001738586
O       17.8990631507     3.0528139054     3.7728160655
O       15.3078622168     3.0097171690     3.2395979003
O       16.1676611645     2.5418754386     5.7324668701
Si       16.5035051922     6.5893213586     4.4053041320
Si       13.9291160952     2.5663837532     2.4814490904
Si       18.8519770933     2.5257227972     2.5501866399
Si       15.7564128784     1.1325150685     6.4781602354
H       17.8890829307     6.8539782566     3.9198617025
H       15.5500018900     6.9600478013     3.3059831338
H       16.2653795214     7.4713226653     5.6238064511
H       12.8325558222     3.3225417679     3.0863602954
H       13.9702181446     2.8804309387     1.0296814218
H       18.4453938016     3.3223171408     1.3842241503
H       13.7072606948     1.1134091933     2.6838508051
H       18.5445815382     1.0972311242     2.3288594050
H       16.4375155690     0.9125327986     7.8082067446
H       14.2667583995     0.9787763917     6.7139291169
H       20.3337148651     2.6876130740     2.7856436860
H       16.1949304810     0.0641196618     5.5563976875
32
# Point 3 Energy = 0.0
C       20.6508799959     3.6565922881     7.5364205175
H       18.9655534144     3.6184728902     6.1892310569
C       19.4460282733     2.9514876550     6.9165779205
H       18.6982411842     2.7543208221     7.6952712401
H       20.5413478916     1.8194059818     5.4183657871
C       19.8250076147     1.6404116610     6.2298568711
H       18.9522487065     1.1316073078     5.8036810297
H       20.3007787215     0.9488492699     6.9339812962
H       21.4206375347     3.8507842342     6.7802225595
H       21.1032069985     3.0450079648     8.3225011283
H       20.3662155790     4.6165848948     7.9787235869
Si       16.4125148197     3.3792517264     4.3439599841
O       16.3421514616     4.9712871163     4.6806905674
O       17.8769695012     3.0392591153     3.7375224249
O       15.2753452366     3.0130616559     3.2515803873
O       16.1967229358     2.5231327437     5.7178871584
Si       16.5004267939     6.5810638966     4.4080821687
Si       13.9165095008     2.5757563318     2.4668423026
Si       18.8568655138     2.5190077022     2.5421919378
Si       15.7641317184     1.1334845977     6.4859148486
H       17.8855869348     6.8473703055     3.9288800494
H       15.5479748507     6.9551110940     3.3101001644
H       16.2584189959     7.4637367296     5.6299900790
H       12.8417669675     3.3391404904     3.0775811683
H       13.9861426555     2.9035524135     1.0242964014
H       18.4441031187     3.3215136822     1.3946551632
H       13.7005068860     1.1271341039     2.6639294236
H       18.5453554074     1.0973881565     2.3367108266
H       16.4439642420     0.9250374619     7.8194676299
H       14.2707771712     0.9748508600     6.7297207752
H       20.3312184375     2.6895471739     2.7981291547
H       16.2003815368     0.0600896731     5.5741997507
32
# Point 4 Energy = 0.0
C       20.6519001583     3.6586094523     7.5359499705
H       18.9606066825     3.6183612239     6.1939309408
C       19.4459134717     2.9523617296     6.9194134331
H       18.7014379577     2.7531937061     7.7006308585
H       20.5263703742     1.8266375942     5.4061901102
C       19.8263846963     1.6428771415     6.2308125512
H       18.9524635747     1.1219205571     5.8226142519
H       20.3229387446     0.9597019009     6.9288187140
H       21.4239184211     3.8445689290     6.7799599906
H       21.1003802846     3.0513389087     8.3275546864
H       20.3698038270     4.6229077228     7.9704783958
Si       16.4029159244     3.3648788701     4.3274741703
O       16.3463393974     4.9574963686     4.6611303549
O       17.8537490931     3.0238508514     3.7038889501
O       15.2441200878     3.0141032917     3.2625377795
O       16.2236079886     2.5026841908     5.7028918345
Si       16.4955243719     6.5701257089     4.4112118349
Si       13.9054523488     2.5892519129     2.4487628155
Si       18.8608411874     2.5114889513     2.5368473163
Si       15.7733103469     1.1344476968     6.4965730846
H       17.8806683181     6.8377611730     3.9393242150
H       15.5450763956     6.9479559777     3.3139142525
H       16.2489016041     7.4532983463     5.6364910286
H       12.8543156064     3.3612093882     3.0659465526
H       14.0068083037     2.9334982235     1.0170501101
H       18.4417753552     3.3194833648     1.4077633509
H       13.6904422305     1.1452866048     2.6371650876
H       18.5457875874     1.0968685486     2.3466346633
H       16.4536913851     0.9421289120     7.8332670800
H       14.2769210923     0.9688128671     6.7506937582
H       20.3271896036     2.6914338423     2.8141061387
H       16.2084241788     0.0547580430     5.5971370792
32
# Point 5 Energy = 0.0
C       20.6526411335     3.6610399067     7.5339784021
H       18.9548924205     3.6177368778     6.1978209350
C       19.4455947343     2.9530472762     6.9213166204
H       18.7048465280     2.7516952864     7.7053769722
H       20.5107683574     1.8337177831     5.3930809172
C       19.8278274673     1.6452295943     6.2308540834
H       18.9533073089     1.1117386015     5.8411033087
H       20.3455252769     0.9709847936     6.9222215529
H       21.4265272281     3.8389993121     6.7779452196
H       21.0978490592     3.0584561500     8.3309883322
H       20.3728672967     4.6295128424     7.9606680293
Si       16.3919911794     3.3485258605     4.3112379200
O       16.3482622182     4.9416748130     4.6413369725
O       17.8295412376     3.0067790866     3.6717989037
O       15.2141311387     3.0128831722     3.2722915461
O       16.2483569452     2.4808083018     5.6874149926
Si       16.4889274680     6.5567796787     4.4144339509
Si       13.8958654276     2.6066705916     2.4277391104
Si       18.8639755636     2.5033131088     2.5341045365
Si       15.7841703060     1.1354713157     6.5096166039
H       17.8744538519     6.8253526345     3.9509335922
H       15.5414587241     6.9388315504     3.3171471640
H       16.2369683403     7.4403501604     5.6429945356
H       12.8703282670     3.3883279115     3.0523223566
H       14.0317449938     2.9694056613     1.0086084211
H       18.4385074021     3.3163220557     1.4234508393
H       13.6772051177     1.1677341628     2.6044659672
H       18.5459104589     1.0958011201     2.3586254695
H       16.4669605197     0.9636108879     7.8488660459
H       14.2855278755     0.9605554993     6.7764612199
H       20.3216381670     2.6933779591     2.8335523276
H       16.2194085869     0.0485680441     5.6244085114
32
# Point 6 Energy = 0.0
C       20.6529356222     3.6637114357     7.5307371802
H       18.9483702359     3.6166013569     6.2009866731
C       19.4449108203     2.9534877048     6.9223874716
H       18.7082247005     2.7498053792     7.7095323484
H       20.4944144416     1.8405320078     5.3792159476
C       19.8291304206     1.6474076048     6.2300684464
H       18.9546033640     1.1010948912     5.8591334445
H       20.3681884079     0.9825915343     6.9142769003
H       21.4283885454     3.8338720096     6.7744865632
H       21.0953273247     3.0661228683     8.3330536584
H       20.3752622568     4.6362345764     7.9495286792
Si       16.3798482982     3.3304464028     4.2951059761
O       16.3480637062     4.9240992852     4.6211512549
O       17.8044910844     2.9882259394     3.6411102435
O       15.1853173920     3.0094704739     3.2806846413
O       16.2710386003     2.4577678556     5.6713848651
Si       16.4807829234     6.5412870712     4.4174925453
Si       13.8876809848     2.6278019700     2.4043405862
Si       18.8663296289     2.4946252449     2.5338766496
Si       15.7969060349     1.1366202710     6.5245162135
H       17.8670800648     6.8103378722     3.9634384011
H       15.5372825859     6.9279793990     3.3195370042
H       16.2227899789     7.4252194756     5.6491936890
H       12.8899341003     3.4199953953     3.0376236934
H       14.0604705226     3.0104131273     0.9996466302
H       18.4343714613     3.3121272418     1.4415846644
H       13.6609929995     1.1943745324     2.5667332925
H       18.5457484233     1.0943160124     2.3726368841
H       16.4839648004     0.9892568939     7.8654991252
H       14.2969306344     0.9500320744     6.8066252519
H       20.3145618887     2.6954874109     2.8563864252
H       16.2336383468     0.0419566818     5.6551900101
32
# Point 7 Energy = 0.0
C       20.6526194345     3.6664725857     7.5264635723
H       18.9410029288     3.6149589293     6.2035154561
C       19.4437071069     2.9536361713     6.9227349113
H       18.7113355244     2.7475141598     7.7131300086
H       20.4772041547     1.8469762207     5.3647872833
C       19.8301038443     1.6493564074     6.2285623378
H       18.9561841115     1.0900209235     5.8767096828
H       20.3906005439     0.9944241436     6.9051060775
H       21.4294274132     3.8290021954     6.7698977917
H       21.0925334257     3.0741319721     8.3340121294
H       20.3768464798     4.6429296612     7.9372965706
Si       16.3666066535     3.3108733885     4.2789299782
O       16.3459031364     4.9050218175     4.6004143970
O       17.7787479117     2.9683599971     3.6116637229
O       15.1576178420     3.0039513682     3.2875840009
O       16.2917463797     2.4338046482     5.6547281015
Si       16.4712479330     6.5238900890     4.4201382456
Si       13.8808318782     2.6524386046     2.3791560694
Si       18.8679559312     2.4855624516     2.5360465305
Si       15.8116862435     1.1379530079     6.5407461730
H       17.8586868423     6.7928962626     3.9765652102
H       15.5327114824     6.9156235902     3.3208398267
H       16.2065570122     7.4082109491     5.6547924122
H       12.9132544603     3.4556551811     3.0227820181
H       14.0924876444     3.0556965396     0.9908161104
H       18.4294197119     3.3069896731     1.4620039653
H       13.6420227472     1.2251407352     2.5248374667
H       18.5453220413     1.0925372112     2.3885907303
H       16.5048285912     1.0188149211     7.8824002477
H       14.3114608912     0.9372488866     6.8407848930
H       20.3059492084     2.6978672045     2.8824787202
H       16.2513710903     0.0353421032     5.6886507187
32
# Point 8 Energy = 0.0
C       20.6513134951     3.6697709538     7.5215392511
H       18.9326910386     3.6127389673     6.2054594199
C       19.4418727019     2.9536186527     6.9225917282
H       18.7139552876     2.7449031587     7.7162810595
H       20.4595539210     1.8531727136     5.3503849492
C       19.8310368926     1.6511925817     6.2268107198
H       18.9585393942     1.0784182347     5.8942003659
H       20.4130324457     1.0068093311     6.8953692163
H       21.4293873434     3.8248996564     6.7646948302
H       21.0890465506     3.0831219087     8.3344084188
H       20.3769551691     4.6500421546     7.9241730136
Si       16.3526156205     3.2889649241     4.2622908299
O       16.3417119664     4.8836560226     4.5784628455
O       17.7528490940     2.9465601612     3.5832411187
O       15.1314187150     2.9949244599     3.2925084693
O       16.3108855553     2.4082691226     5.6372099989
Si       16.4598813535     6.5038034641     4.4214295863
Si       13.8743388393     2.6824734948     2.3528233549
Si       18.8695673077     2.4756564979     2.5406133058
Si       15.8291470222     1.1387377118     6.5578993767
H       17.8488023966     6.7724655424     3.9894741917
H       15.5273415786     6.9005877511     3.3199600597
H       16.1875033334     7.3886958662     5.6586597323
H       12.9414755381     3.4978838898     3.0104762190
H       14.1261559670     3.1080128067     0.9831162181
H       18.4242431992     3.3001391243     1.4845171631
H       13.6169837989     1.2623257051     2.4780121320
H       18.5457355411     1.0898756904     2.4066602983
H       16.5299847444     1.0517192559     7.8990743662
H       14.3299205079     0.9211594042     6.8784870736
H       20.2963579504     2.7004819821     2.9119431782
H       16.2736763309     0.0282208098     5.7243928695
32
# Point 9 Energy = 0.0
C       20.6501409882     3.6714174302     7.5159606908
H       18.9241075082     3.6103809355     6.2072600357
C       19.4395866060     2.9528970105     6.9218745798
H       18.7162553301     2.7417255031     7.7189911417
H       20.4401806446     1.8585355001     5.3348245937
C       19.8305301808     1.6523768795     6.2238457719
H       18.9593038948     1.0668628381     5.9105242498
H       20.4336937525     1.0180751037     6.8837680691
H       21.4293508389     3.8189951675     6.7587090552
H       21.0855882416     3.0899159891     8.3337709725
H       20.3778791935     4.6554665217     7.9108411321
Si       16.3376381318     3.2691274802     4.2461734127
O       16.3371720410     4.8642738286     4.5573189607
O       17.7257855551     2.9262353318     3.5554344879
O       15.1047110985     2.9884041137     3.2975576953
O       16.3284460808     2.3846504069     5.6197028432
Si       16.4493071536     6.4854840230     4.4240114778
Si       13.8706927396     2.7088120700     2.3259008465
Si       18.8692748814     2.4673107562     2.5459320377
Si       15.8465746986     1.1417430051     6.5752175342
H       17.8398947123     6.7528513956     4.0038460061
H       15.5231645266     6.8883932031     3.3204514200
H       16.1698055946     7.3707613177     5.6640506772
H       12.9689634305     3.5337746665     2.9944338130
H       14.1638369199     3.1531825612     0.9749120278
H       18.4173838661     3.2951093940     1.5080233752
H       13.5993389694     1.2956200908     2.4335624135
H       18.5436039245     1.0890399528     2.4249031213
H       16.5562351159     1.0874438068     7.9149032168
H       14.3490546091     0.9068437278     6.9181422433
H       20.2846249487     2.7039463069     2.9422269756
H       16.2958544223     0.0236456824     5.7600904818
32
# Point 10 Energy = 0.0
C       20.6346113233     3.6682000618     7.5264931182
H       18.9137311534     3.6082350768     6.2084523344
C       19.4282628389     2.9498677091     6.9233887371
H       18.7017793655     2.7341763754     7.7163150719
H       20.4260654420     1.8657621268     5.3279790261
C       19.8269180422     1.6532377620     6.2227546288
H       18.9601942802     1.0565446885     5.9185310944
H       20.4442730416     1.0268458065     6.8773839249
H       21.4223046482     3.8101803494     6.7768527256
H       21.0596003556     3.0890909203     8.3515681658
H       20.3611899183     4.6548691925     7.9140610757
Si       16.3395569593     3.2570249504     4.2035723528
O       16.3468865882     4.8516570414     4.5142269167
O       17.7224416837     2.9149455087     3.5145773398
O       15.1055652365     2.9926358051     3.2621314038
O       16.3482398043     2.3649897092     5.5723991925
Si       16.4559789251     6.4738634042     4.4108376044
Si       13.8315582808     2.7164536692     2.3497325450
Si       18.9017889864     2.4713200673     2.5488857762
Si       15.8602582333     1.1467767676     6.5552042263
H       17.8527600467     6.7396303037     4.0175813198
H       15.5480816408     6.8874284154     3.2969723203
H       16.1575493284     7.3559390449     5.6535494572
H       13.0007815249     3.5569160898     3.0738961277
H       14.0708190880     3.1516104101     0.9893490802
H       18.4537135264     3.3053675673     1.5272664310
H       13.5641105173     1.3108513123     2.4884989119
H       18.5749512380     1.1012116339     2.4328815684
H       16.5674525349     1.1234680318     7.8984524267
H       14.3625442568     0.8921649308     6.9082800726
H       20.3011214349     2.7181437486     2.9852257771
H       16.3228903562     0.0238935192     5.7598646068
32
# Point 11 Energy = 0.0
C       20.6333508209     3.6665911684     7.5196431791
H       18.9041811488     3.6052460160     6.2100055295
C       19.4248027889     2.9475201164     6.9216009587
H       18.7032158291     2.7295588019     7.7182629118
H       20.4029687961     1.8692370630     5.3104240825
C       19.8234779483     1.6529464117     6.2174951783
H       18.9581632254     1.0447072240     5.9326522927
H       20.4613027583     1.0360430224     6.8619752179
H       21.4218435284     3.8008229027     6.7693475435
H       21.0559637913     3.0917112293     8.3489057741
H       20.3632740724     4.6569048859     7.9003088825
Si       16.3222999134     3.2404277760     4.1884809735
O       16.3407812327     4.8353165846     4.4944117230
O       17.6931575497     2.8968837299     3.4887848173
O       15.0787339929     2.9898025386     3.2663871495
O       16.3617101423     2.3446701483     5.5547320874
Si       16.4466306625     6.4576467565     4.4157761973
Si       13.8316360164     2.7374875500     2.3192308040
Si       18.8970398629     2.4662244750     2.5576734647
Si       15.8805744627     1.1541493016     6.5735604057
H       17.8455659660     6.7193270662     4.0353371345
H       15.5468070482     6.8800530790     3.2997184479
H       16.1420142088     7.3398443214     5.6615705681
H       13.0269468306     3.5825027027     3.0488009612
H       14.1152796758     3.1865829782     0.9763887896
H       18.4421962021     3.3034821897     1.5547274754
H       13.5560829430     1.3380897242     2.4446566219
H       18.5674154437     1.1041513521     2.4530008578
H       16.6006521019     1.1673365930     7.9116572944
H       14.3875737025     0.8790594638     6.9557433916
H       20.2833627848     2.7239479105     3.0195235790
H       16.3489751490     0.0250269167     5.7963810657
32
# Point 12 Energy = 0.0
C       20.6167059671     3.6627032417     7.5291600006
H       18.8922520478     3.6021632173     6.2107525576
C       19.4122230661     2.9437029165     6.9225986276
H       18.6877955579     2.7213377561     7.7153503726
H       20.3868531764     1.8751739859     5.3032137114
C       19.8184370907     1.6529906976     6.2159824533
H       18.9581784741     1.0335221732     5.9405581474
H       20.4703537798     1.0446077153     6.8547489105
H       21.4133269729     3.7912774233     6.7863666835
H       21.0290379221     3.0904118359     8.3654518010
H       20.3457336678     4.6556021052     7.9024818202
Si       16.3228104750     3.2271035045     4.1462517031
O       16.3481479523     4.8215697070     4.4507810446
O       17.6889863118     2.8843010958     3.4494924490
O       15.0801578405     2.9909773528     3.2298294838
O       16.3791947155     2.3250333365     5.5079195711
Si       16.4514561151     6.4438195976     4.4015281763
Si       13.7940720535     2.7497072501     2.3407072500
Si       18.9261649283     2.4700283858     2.5647783491
Si       15.8995488422     1.1600771346     6.5556838273
H       17.8563703843     6.7020719455     4.0489002229
H       15.5713344750     6.8776169443     3.2749998188
H       16.1278125574     7.3234048638     5.6491744423
H       13.0673139474     3.6083514072     3.1214870309
H       14.0271844108     3.1927280354     0.9904906982
H       18.4737778011     3.3118467251     1.5777624245
H       13.5191769183     1.3584751366     2.4919449515
H       18.5958237855     1.1161028953     2.4647557502
H       16.6208887726     1.2093022206     7.8937492465
H       14.4096712448     0.8608675993     6.9548511426
H       20.2939034448     2.7387205060     3.0668181670
H       16.3832859012     0.0277032884     5.7985945245
32
# Point 13 Energy = 0.0
C       20.6149150031     3.6579407933     7.5221013448
H       18.8817734584     3.5986411024     6.2125045597
C       19.4073351253     2.9398411345     6.9204061188
H       18.6878015932     2.7154639316     7.7169325471
H       20.3603466652     1.8768183891     5.2848417763
C       19.8120183154     1.6512653646     6.2093270289
H       18.9533753101     1.0214198433     5.9530229493
H       20.4834304894     1.0517211143     6.8366926102
H       21.4122491374     3.7784607934     6.7786507891
H       21.0244885723     3.0890040818     8.3620441481
H       20.3484316202     4.6544048960     7.8892163441
Si       16.3039069837     3.2139195751     4.1316622375
O       16.3411353221     4.8084581113     4.4316196100
O       17.6581161537     2.8686645311     3.4251282626
O       15.0533136787     2.9918186099     3.2332610375
O       16.3892426155     2.3082282581     5.4897775972
Si       16.4439117209     6.4298463669     4.4078414910
Si       13.7964538326     2.7653198715     2.3081004559
Si       18.9173924079     2.4680477409     2.5763810316
Si       15.9234605250     1.1713727449     6.5735376076
H       17.8513307108     6.6810565496     4.0688530095
H       15.5735362853     6.8749334254     3.2791382691
H       16.1151532822     7.3095939963     5.6587054792
H       13.0909894673     3.6248894086     3.0900547373
H       14.0749385692     3.2171269824     0.9738868678
H       18.4580096152     3.3126356270     1.6082915320
H       13.5193798237     1.3795527893     2.4505176946
H       18.5835411409     1.1225780479     2.4862964457
H       16.6612380887     1.2596812518     7.9023076897
H       14.4421788987     0.8488663022     7.0086054051
H       20.2704765311     2.7467772138     3.1042705377
H       16.4141096567     0.0349531520     5.8331881451
32
# Point 14 Energy = 0.0
C       20.5970102382     3.6534903331     7.5312750814
H       18.8683239364     3.5947392769     6.2132380087
C       19.3934027268     2.9353652968     6.9214199209
H       18.6712106558     2.7067722101     7.7142247090
H       20.3423273913     1.8814628956     5.2780076112
C       19.8054969276     1.6505644746     6.2080353257
H       18.9524864170     1.0094847313     5.9613577789
H       20.4907566684     1.0601324122     6.8293682998
H       21.4022283900     3.7682166421     6.7953128704
H       20.9963543674     3.0873686807     8.3781080790
H       20.3298734231     4.6525338234     7.8909319623
Si       16.3032581838     3.1995039980     4.0898787931
O       16.3465726461     4.7937407479     4.3874334383
O       17.6531881763     2.8548201802     3.3871306262
O       15.0548303969     2.9901171393     3.1963613184
O       16.4049550314     2.2888543656     5.4437049074
Si       16.4472885088     6.4140110313     4.3922759943
Si       13.7602232803     2.7821148941     2.3277673230
Si       18.9427032102     2.4716430405     2.5869183223
Si       15.9481745095     1.1779209471     6.5569844268
H       17.8602623433     6.6598444763     4.0815256520
H       15.5978283671     6.8710725599     3.2532558532
H       16.0998442998     7.2919550397     5.6441555360
H       13.1388106966     3.6524818838     3.1562080773
H       13.9918514749     3.2306127407     0.9879876209
H       18.4842242783     3.3188780100     1.6342344180
H       13.4803432948     1.4050157772     2.4907592255
H       18.6087361138     1.1342433236     2.5012617947
H       16.6905018895     1.3060993031     7.8815904808
H       14.4742865665     0.8274833711     7.0161188425
H       20.2746311126     2.7621422079     3.1545594453
H       16.4559950775     0.0406161860     5.8357736167
32
# Point 15 Energy = 0.0
C       20.5942701439     3.6459280794     7.5248945694
H       18.8569183193     3.5908261754     6.2155504050
C       19.3868936039     2.9302230427     6.9194133844
H       18.6693407492     2.6999179558     7.7158174604
H       20.3128254222     1.8814741311     5.2598794243
C       19.7961984421     1.6475779139     6.2008515862
H       18.9450791859     0.9971819741     5.9727689343
H       20.4998122694     1.0653635225     6.8098309316
H       21.4003061490     3.7522256094     6.7884850790
H       20.9902597917     3.0824099601     8.3750453158
H       20.3326143171     4.6484942983     7.8788549755
Si       16.2833106960     3.1896177589     4.0753500334
O       16.3392699132     4.7837466723     4.3683650755
O       17.6213274430     2.8415074536     3.3636872969
O       15.0281090910     2.9945506438     3.1989978124
O       16.4122074832     2.2755293455     5.4248653578
Si       16.4420789903     6.4021413050     4.3991451490
Si       13.7636262119     2.7925362193     2.2944962842
Si       18.9303359179     2.4724955442     2.6006860052
Si       15.9760832059     1.1925071083     6.5729725961
H       17.8577528091     6.6378585465     4.1026485490
H       15.6040422100     6.8726678504     3.2580880802
H       16.0907278272     7.2805506032     5.6542798162
H       13.1593795828     3.6615152176     3.1208581688
H       14.0397622429     3.2446849864     0.9689305285
H       18.4646231238     3.3217417393     1.6669197290
H       13.4872462242     1.4202349061     2.4532898539
H       18.5924326069     1.1438636566     2.5236856625
H       16.7376653473     1.3611975903     7.8838837861
H       14.5156470559     0.8165349424     7.0744392793
H       20.2459284131     2.7722536537     3.1942471785
H       16.4919058107     0.0539435938     5.8659370514
