32
# Point -15 Energy = 0.0
C       20.7009343650     3.3840323293     7.2554592091
H       19.0019723716     3.4407293568     5.9525027887
C       19.4210228534     2.7653629291     6.7032361388
H       18.6751849258     2.6900774444     7.5040394856
H       20.3336903359     1.4535257913     5.2312335873
C       19.6276474711     1.3918970949     6.0693546524
H       18.6887123924     0.9877752686     5.6811881656
H       20.0422640508     0.6801193521     6.7919478012
H       21.4431643667     3.5210666750     6.4600014069
H       21.1527724816     2.7496545876     8.0236449797
H       20.5039837988     4.3639956830     7.7028603423
Si       16.3839040698     3.4274407339     4.3524434913
O       15.8165189318     4.9521440780     4.3213603755
O       17.7682244970     2.5535449315     4.1061965552
O       15.2229719265     3.5042721309     3.1809652579
O       16.6602499112     2.6029086884     5.7231695904
Si       15.9346679062     6.5807018489     4.5762992179
Si       14.2349061446     2.7247642817     2.1079812238
Si       18.8765634057     2.4346330372     2.8685445374
Si       16.1179737274     1.6487462685     6.9565108803
H       17.1979032378     7.4158157695     4.1657853541
H       14.8861802988     6.8371279456     3.6772099630
H       15.6815653067     7.0060078512     6.0118852238
H       12.9162885029     3.3766118302     2.2092673965
H       14.7794683448     3.0049422065     0.7630524016
H       18.7546975080     3.1063821877     1.4324562759
H       13.8580833139     1.1669246485     2.0640373201
H       18.8563681137     0.9808504056     2.5933819802
H       17.0430124448     1.9206049559     8.0291679772
H       14.6611659366     1.6444709546     7.5825054087
H       20.3111723373     2.8159249857     3.2601971091
H       16.3147453212     0.3402457481     6.3692792623
32
# Point -14 Energy = 0.0
C       20.6947013310     3.4181116802     7.2868555565
H       19.0010446093     3.4636272945     5.9753099110
C       19.4243835783     2.7886838253     6.7243484018
H       18.6755114656     2.7000658378     7.5210211273
H       20.3632116007     1.4948717217     5.2526221885
C       19.6508496892     1.4210879396     6.0843424388
H       18.7194904071     1.0083656747     5.6864111368
H       20.0667560177     0.7095154714     6.8063702932
H       21.4400774587     3.5661544836     6.4963480771
H       21.1483250303     2.7848114156     8.0548727718
H       20.4852346063     4.3940133749     7.7373592131
Si       16.3920859167     3.4285407257     4.3558187709
O       15.8472272066     4.9619914127     4.3519593346
O       17.7931995078     2.5909968382     4.0872102216
O       15.2420428158     3.4770972981     3.1733718208
O       16.6261614223     2.5967423620     5.7307870905
Si       16.0132003002     6.5917163164     4.5664356907
Si       14.2083016847     2.6888028833     2.1518570853
Si       18.8714358752     2.4528192723     2.8265705807
Si       16.0596183314     1.5875260197     6.9079176063
H       17.3133132367     7.3537779141     4.1475867220
H       14.9804139227     6.8844884378     3.6501483066
H       15.7635991172     7.0585415895     5.9894671709
H       12.8893646949     3.3303734876     2.3080633219
H       14.6835739180     2.9556292831     0.7769550279
H       18.7083185512     3.1475533767     1.4131624317
H       13.8574990207     1.1316796120     2.1596634197
H       18.8205725684     1.0020771533     2.5347071370
H       16.9493654002     1.8069530817     8.0273716636
H       14.5857390520     1.5706224291     7.4776528109
H       20.3197129322     2.8068313135     3.1869846812
H       16.2736493313     0.2992324738     6.2776133493
32
# Point -13 Energy = 0.0
C       20.6883823382     3.4502949110     7.3169611864
H       18.9996592046     3.4850060016     5.9974817306
C       19.4273010842     2.8106314111     6.7449201680
H       18.6758563457     2.7092991894     7.5377218546
H       20.3908789236     1.5341946757     5.2737954927
C       19.6726896222     1.4488275312     6.0993251812
H       18.7487172618     1.0279379353     5.6921660074
H       20.0898626651     0.7375135235     6.8208506914
H       21.4365147445     3.6087354340     6.5311073587
H       21.1438075026     2.8181494049     8.0848583510
H       20.4670567646     4.4222559588     7.7702262110
Si       16.3994971361     3.4289454632     4.3595887540
O       15.8777854250     4.9704950550     4.3828984972
O       17.8165318052     2.6284910468     4.0695662784
O       15.2602067366     3.4483620851     3.1671586772
O       16.5913439029     2.5904779051     5.7378097592
Si       16.0856342939     6.6000397128     4.5541614141
Si       14.1819337458     2.6584179494     2.1949666899
Si       18.8664410644     2.4690045626     2.7890519040
Si       16.0076351545     1.5288289771     6.8588875954
H       17.4160406073     7.2920463395     4.1270492671
H       15.0687750071     6.9226589386     3.6201111740
H       15.8404884412     7.1093613072     5.9631085931
H       12.8674025463     3.2948369465     2.4053916818
H       14.5903283208     2.9133853880     0.7952529282
H       18.6662603308     3.1835381992     1.3980149574
H       13.8541094874     1.1045109929     2.2472151961
H       18.7861048948     1.0211676775     2.4848182359
H       16.8635026140     1.6965205434     8.0186994437
H       14.5205018011     1.4997576053     7.3764573866
H       20.3262522341     2.7976361562     3.1200153023
H       16.2404785937     0.2619731722     6.1875273913
32
# Point -12 Energy = 0.0
C       20.6821126029     3.4804403002     7.3456106881
H       18.9979000275     3.5048089268     6.0188944781
C       19.4298372046     2.8311129849     6.7648078066
H       18.6762701850     2.7177195595     7.5540305388
H       20.4166771454     1.5713251452     5.2945301217
C       19.6931419838     1.4749817649     6.1141142167
H       18.7763120380     1.0463912396     5.6982811186
H       20.1115370558     0.7639497259     6.8351838276
H       21.4326235066     3.6486344965     6.5640844581
H       21.1393394855     2.8494939491     8.1134181539
H       20.4496453795     4.4486099869     7.8013270696
Si       16.4061293845     3.4287202223     4.3636977731
O       15.9082913111     4.9777406416     4.4140899512
O       17.8380824228     2.6658880189     4.0530438634
O       15.2773580260     3.4181836518     3.1623958595
O       16.5558730894     2.5842425261     5.7442301639
Si       16.1517963807     6.6059939966     4.5399556749
Si       14.1560255927     2.6333662643     2.2367404817
Si       18.8616432525     2.4831037802     2.7557616351
Si       15.9618577171     1.4729970603     6.8102574199
H       17.5065180635     7.2317616841     4.1048888432
H       15.1504414502     6.9522365701     3.5877915149
H       15.9117709558     7.1581092270     5.9333636273
H       12.8500257742     3.2691162073     2.4997601192
H       14.5007376920     2.8785946688     0.8170256763
H       18.6284438280     3.2144688254     1.3864339876
H       13.8479509210     1.0844823226     2.3264444754
H       18.7532081747     1.0379259453     2.4430829353
H       16.7858875692     1.5902399317     8.0043590900
H       14.4648120482     1.4320917407     7.2799519180
H       20.3310702165     2.7881027790     3.0594105641
H       16.2146601153     0.2284678564     6.1001973083
32
# Point -11 Energy = 0.0
C       20.6760303979     3.5084169787     7.3726403932
H       18.9958578875     3.5229895363     6.0394188322
C       19.4320568641     2.8500468567     6.7838656775
H       18.6768018057     2.7252843817     7.5698299807
H       20.4406006769     1.6060951422     5.3146101570
C       19.7121859023     1.4994230896     6.1285246708
H       18.8021981185     1.0636312100     5.7045853711
H       20.1317324909     0.7886684202     6.8491724311
H       21.4285585757     3.6856828718     6.5950899345
H       21.1350397522     2.8786827745     8.1403742125
H       20.4331978948     4.4729758430     7.8305247131
Si       16.4119846292     3.4279397051     4.3680727286
O       15.9388591288     4.9838192950     4.4454175638
O       17.8577369185     2.7030599197     4.0374044399
O       15.2933976476     3.3866920018     3.1591317073
O       16.5198239273     2.5781802967     5.7500369786
Si       16.2115929795     6.6098991923     4.5243144583
Si       14.1308117456     2.6133234412     2.2766470104
Si       18.8571043530     2.4950991409     2.7264457145
Si       15.9220267951     1.4203599690     6.7628205724
H       17.5852921549     7.1739413846     4.0817607723
H       15.2247644176     6.9739325045     3.5539413053
H       15.9770215754     7.2044415896     5.9008742485
H       12.8368071839     3.2521847920     2.5898476597
H       14.4157641971     2.8513872179     0.8412917939
H       18.5947585564     3.2405588579     1.3778866485
H       13.8391771585     1.0707028170     2.3972520789
H       18.7220975152     1.0522613586     2.4088285768
H       16.7167890715     1.4890048400     7.9855988208
H       14.4179649633     1.3678634014     7.1890530795
H       20.3344370794     2.7780921067     3.0052069585
H       16.1955082357     0.1986610634     6.0166958701
32
# Point -10 Energy = 0.0
C       20.6702716308     3.5341086572     7.3978910156
H       18.9936268331     3.5395129982     6.0589213479
C       19.4340245641     2.8673645372     6.8019480995
H       18.6774945235     2.7319674881     7.5849983079
H       20.4626525670     1.6383421422     5.3338305333
C       19.7298037831     1.5220332988     6.1423782087
H       18.8263034395     1.0795715009     5.7109105154
H       20.1504015826     0.8115254111     6.8626303323
H       21.4244770029     3.7197228624     6.6239429463
H       21.1310209013     2.9055702365     8.1655572739
H       20.4179070351     4.4952709513     7.8576813383
Si       16.4170740815     3.4266863891     4.3726227764
O       15.9696156438     4.9888251697     4.4767362797
O       17.8754058571     2.7398912385     4.0223954986
O       15.3082337037     3.3540271979     3.1573918063
O       16.4832690814     2.5724506435     5.7552131090
Si       16.2650115625     6.6120696983     4.5077465389
Si       14.1065330793     2.5978851335     2.3142008621
Si       18.8528835841     2.5050363052     2.7008259692
Si       15.8877996736     1.3712337457     6.7173145727
H       17.6529984598     7.1194721049     4.0582614127
H       15.2912778527     6.9885568058     3.5193518370
H       16.0358730475     7.2480324986     5.8663709597
H       12.8272777917     3.2429135152     2.6745127977
H       14.3363039295     2.8316308420     0.8670479971
H       18.5650665048     3.2620910537     1.3718865315
H       13.8280603145     1.0623245091     2.4596699450
H       18.6929633064     1.0641768272     2.3813531440
H       16.6562825879     1.3936603737     7.9636740709
H       14.3792077543     1.3073370000     7.1045577336
H       20.3366087710     2.7675629856     2.9573605104
H       16.1822501500     0.1724478789     5.9379810883
32
# Point -9 Energy = 0.0
C       20.6649640929     3.5574168958     7.4212104970
H       18.9913001734     3.5543575392     6.0772661436
C       19.4358006457     2.8830126101     6.8189115140
H       18.6783823794     2.7377597139     7.5994105807
H       20.4828431232     1.6679131390     5.3520005247
C       19.7459799010     1.5427063017     6.1555058809
H       18.8485605608     1.0941354862     5.7170935413
H       20.1674951163     0.8323912707     6.8753856794
H       21.4205322511     3.7506123934     6.6504747000
H       21.1273837149     2.9300311441     8.1888100544
H       20.4039534504     4.5154323313     7.8826607829
Si       16.4214170140     3.4250487415     4.3772393613
O       16.0006956615     4.9928529217     4.5078721495
O       17.8910246452     2.7762793626     4.0077543130
O       15.3217820785     3.3203367176     3.1571784448
O       16.4462777538     2.5672261985     5.7597337549
Si       16.3121216056     6.6128109124     4.4907691345
Si       14.0834309146     2.5865697118     2.3489698693
Si       18.8490372175     2.5130196602     2.6786027905
Si       15.8587614933     1.3259193118     6.6744097383
H       17.7103394149     7.0691051597     4.0349331269
H       15.3497030715     6.9970027246     3.4848334700
H       16.0880374054     7.2885768796     5.8306692731
H       12.8209370727     3.2401060915     2.7527949541
H       14.2631644378     2.8189331700     0.8933066629
H       18.5392058228     3.2794061624     1.3679915452
H       13.8149866345     1.0585342936     2.5138452287
H       18.6659748008     1.0737562641     2.3599347609
H       16.6042584719     1.3049944384     7.9398154406
H       14.3477541638     1.2508039070     7.0271408576
H       20.3378233507     2.7565694463     2.9157514527
H       16.1740521601     0.1496810993     5.8648891324
32
# Point -8 Energy = 0.0
C       20.6602216165     3.5782638122     7.4424570156
H       18.9889663833     3.5675153994     6.0943168248
C       19.4374375049     2.8969541940     6.8346167889
H       18.6794864899     2.7426689843     7.6129405655
H       20.5011882405     1.6946687027     5.3689471785
C       19.7606988770     1.5613507651     6.1677509334
H       18.8689066645     1.1072579388     5.7229790285
H       20.1829608801     0.8511544818     6.8872840041
H       21.4168681457     3.7782290771     6.6745320487
H       21.1242114942     2.9519639837     8.2099905556
H       20.3914983141     4.5334184043     7.9053311911
Si       16.4250395085     3.4231192709     4.3817966034
O       16.0322372384     4.9959950820     4.5386231745
O       17.9045527872     2.8121350541     3.9932116546
O       15.3339672089     3.2857729843     3.1584705646
O       16.4089148672     2.5626899452     5.7635644351
Si       16.3530752267     6.6124160079     4.4739030325
Si       14.0617402585     2.5788224789     2.3805815275
Si       18.8456184418     2.5192070428     2.6594574669
Si       15.8344382139     1.2847010892     6.6346996985
H       17.7580655080     7.0234544449     4.0122720016
H       15.3999485105     7.0002305852     3.4511956606
H       16.1333272404     7.3257923760     5.7946615755
H       12.8172640737     3.2425310120     2.8239106428
H       14.1970426625     2.8126537940     0.9191300091
H       18.5169942510     3.2928930740     1.3658005758
H       13.8004474236     1.0585425325     2.5600270946
H       18.6412838927     1.0811521661     2.3438397768
H       16.5604363402     1.2237301228     7.9151987530
H       14.3227985025     1.1985822789     6.9573546227
H       20.3382982549     2.7452554264     2.8801889136
H       16.1700455782     0.1301794884     5.7981314415
32
# Point -7 Energy = 0.0
C       20.6561383852     3.5965941644     7.4615021210
H       18.9867050612     3.5789933343     6.1099386260
C       19.4389759522     2.9091699267     6.8489316143
H       18.6808116929     2.7467198244     7.6254626419
H       20.5177076114     1.7184869429     5.3845185661
C       19.7739442058     1.5778925350     6.1789714673
H       18.8872836058     1.1188866131     5.7284213367
H       20.1967426489     0.8677243095     6.8981909918
H       21.4136128392     3.8024737594     6.6959811884
H       21.1215646419     2.9712934651     8.2289753778
H       20.3806761306     4.5492100079     7.9255679871
Si       16.4279731817     3.4209923929     4.3861520409
O       16.0643766769     4.9983393223     4.5687610326
O       17.9159726538     2.8473827808     3.9784953986
O       15.3447229781     3.2504910856     3.1612241565
O       16.3712406500     2.5590316181     5.7666590149
Si       16.3881073087     6.6111626856     4.4576671293
Si       14.0416824354     2.5740214894     2.4087285840
Si       18.8426773637     2.5238041383     2.6430542433
Si       15.8143106681     1.2478457796     6.5986936535
H       17.7969603089     6.9829963776     3.9907375091
H       15.4421048388     6.9992513335     3.4192280993
H       16.1716756110     7.3594200171     5.7593041521
H       12.8157290870     3.2489484994     2.8872458800
H       14.1385042127     2.8119257107     0.9436598262
H       18.4982322944     3.3029803328     1.3649493572
H       13.7850251779     1.0615701279     2.5985565428
H       18.6190289694     1.0865738167     2.3323295271
H       16.5243845765     1.1505194307     7.8909179771
H       14.3035290387     1.1510157205     6.8956281554
H       20.3382284708     2.7338474487     2.8504156341
H       16.1693513225     0.1137370091     5.7382955276
32
# Point -6 Energy = 0.0
C       20.6527836407     3.6123767952     7.4782339584
H       18.9845831035     3.5888126462     6.1240007530
C       19.4404418964     2.9196584456     6.8617329491
H       18.6823436579     2.7499522716     7.6368538087
H       20.5324230027     1.7392672937     5.3985867457
C       19.7856969997     1.5922767681     6.1890428563
H       18.9036381320     1.1289836535     5.7332865370
H       20.2087795041     0.8820333215     6.9079948396
H       21.4108730522     3.8232735271     6.7147114046
H       21.1194757541     2.9879723662     8.2456629737
H       20.3715880063     4.5628106361     7.9432571575
Si       16.4302539374     3.4187620893     4.3901477337
O       16.0972434302     4.9999656176     4.5980337236
O       17.9252878667     2.8819608467     3.9633339768
O       15.3539937285     3.2146466663     3.1653730309
O       16.3333106269     2.5564433414     5.7689577898
Si       16.4175348508     6.6093097271     4.4425723490
Si       14.0234574380     2.5714850242     2.4331737916
Si       18.8402611480     2.5270587389     2.6290421909
Si       15.7978291523     1.2156013282     6.5668103189
H       17.8278295504     6.9480713423     3.9707631695
H       15.4764357986     6.9951097579     3.3896837636
H       16.2031533203     7.3892235135     5.7255993614
H       12.8158055157     3.2581318159     2.9423464352
H       14.0879650220     2.8156849631     0.9661419702
H       18.4827061382     3.3101289608     1.3651059071
H       13.7693753198     1.0668360848     2.6298592179
H       18.5993387006     1.0902765045     2.3246658863
H       16.4955437336     1.0859385253     7.8679615905
H       14.2891405952     1.1084708652     6.8422675577
H       20.3377855731     2.7226457347     2.8261127721
H       16.1711024040     0.1001328272     5.6858488400
32
# Point -5 Energy = 0.0
C       20.6501970181     3.6256054760     7.4925605398
H       18.9826512574     3.5970087581     6.1363789010
C       19.4418435241     2.9284363713     6.8729094776
H       18.6840466072     2.7524202207     7.6469957651
H       20.5453567746     1.7569340512     5.4110503506
C       19.7959351025     1.6044697244     6.1978598500
H       18.9179223795     1.1375267632     5.7374540182
H       20.2190056561     0.8940394992     6.9166081181
H       21.4087288448     3.8405841940     6.7306388115
H       21.1179454664     3.0019827080     8.2599767854
H       20.3642956245     4.5742459843     7.9582988218
Si       16.4319207859     3.4165193543     4.3936117294
O       16.1309550574     5.0009433326     4.6261691388
O       17.9325214144     2.9158212766     3.9474596635
O       15.3617353885     3.1783939629     3.1708298775
O       16.2951759900     2.5551145321     5.7703857021
Si       16.4417552606     6.6070931880     4.4291149607
Si       14.0072363892     2.5704807726     2.4537538275
Si       18.8384142766     2.5292549967     2.6170569848
Si       15.7844280009     1.1881960339     6.5393734599
H       17.8514941808     6.9188861639     3.9527671870
H       15.5033652941     6.9888673538     3.3632646287
H       16.2279822666     7.4149870649     5.6945732140
H       12.8169815148     3.2688827071     2.9889074508
H       14.0456764572     2.8227070908     0.9859451910
H       18.4701903011     3.3148264271     1.3659658468
H       13.7542042274     1.0735475715     2.6544407968
H       18.5823356266     1.0925520025     2.3201157602
H       16.4732524740     1.0304845280     7.8471927880
H       14.2788462234     1.0713339032     6.7974558426
H       20.3371175283     2.7120141888     2.8069048812
H       16.1744636872     0.0891417982     5.6411449897
32
# Point -4 Energy = 0.0
C       20.6483847215     3.6362992305     7.5044130024
H       18.9809411987     3.6036303816     6.1469579210
C       19.4431691280     2.9355378441     6.8823640397
H       18.6858617723     2.7541892752     7.6557770386
H       20.5565308052     1.7714396022     5.4218367405
C       19.8046327055     1.6144601922     6.2053383159
H       18.9300947340     1.1445100843     5.7408177308
H       20.2273509028     0.9037279091     6.9239690810
H       21.4072291602     3.8543923250     6.7437100081
H       21.1169392754     3.0133363423     8.2718681997
H       20.3588161496     4.5835629338     7.9706110405
Si       16.4330147715     3.4143494360     4.3963599017
O       16.1656123797     5.0013282901     4.6528795248
O       17.9377136055     2.9489294119     3.9306117024
O       15.3679167046     3.1418839271     3.1774875290
O       16.2568842901     2.5552261253     5.7708507859
Si       16.4612432893     6.6047220943     4.4177693650
Si       13.9931545536     2.5702367577     2.4703823667
Si       18.8371788861     2.5307077455     2.6067226961
Si       15.7735396079     1.1658377155     6.5166089065
H       17.8687870264     6.8955171438     3.9371620083
H       15.5234613928     6.9815847732     3.3406106661
H       16.2465436324     7.4365116148     5.6672488950
H       12.8187709617     3.2800412993     3.0267637719
H       14.0117149029     2.8316487785     1.0025741926
H       18.4604500156     3.3175815200     1.3672478800
H       13.7402445280     1.0808943043     2.6728842270
H       18.5681394057     1.0937204186     2.3179546913
H       16.4567746456     0.9845737868     7.8293337895
H       14.2718878230     1.0400060375     6.7612525620
H       20.3363491246     2.7023696175     2.7923651669
H       16.1786484996     0.0805450818     5.6044316129
32
# Point -3 Energy = 0.0
C       20.6473167309     3.6445022590     7.5137487723
H       18.9794632634     3.6087383562     6.1556345885
C       19.4443857103     2.9410136902     6.8900159897
H       18.6877066873     2.7553342227     7.6630951363
H       20.5659659583     1.7827672976     5.4309036587
C       19.8117605716     1.6222605392     6.2114165849
H       18.9401211122     1.1499447534     5.7432870600
H       20.2337418264     0.9111119219     6.9300423934
H       21.4063883614     3.8647168794     6.7539055446
H       21.1163855255     3.0220750743     8.2813192407
H       20.3551182658     4.5908281587     7.9801337701
Si       16.4335780347     3.4123289057     4.3981981717
O       16.2012949980     5.0011599153     4.6778667746
O       17.9409199605     2.9812631884     3.9125393028
O       15.3725205614     3.1052623811     3.1852203526
O       16.2184803636     2.5569442323     5.7702429648
Si       16.4765463318     6.6023735442     4.4089804884
Si       13.9813053530     2.5699540247     2.4830522688
Si       18.8365951163     2.5317569149     2.5976537153
Si       15.7646074033     1.1487127888     6.4986429607
H       17.8805524167     6.8779132468     3.9243617816
H       15.5374180248     6.9743037926     3.3222926107
H       16.2593798362     7.4536095602     5.6446170690
H       12.8207233231     3.2904912628     3.0558820313
H       13.9859767083     2.8410929601     1.0156770905
H       18.4532433101     3.3189198210     1.3686896708
H       13.7282288725     1.0880487559     2.6858478354
H       18.5568695712     1.0941234102     2.3174697775
H       16.4453261327     0.9485414049     7.8149543883
H       14.2675455659     1.0148977963     6.7335930447
H       20.3355828487     2.6941704667     2.7820211394
H       16.1829318542     0.0741404746     5.5758591821
32
# Point -2 Energy = 0.0
C       20.6469252072     3.6502836047     7.5205545186
H       18.9782049463     3.6124042650     6.1623204170
C       19.4454384679     2.9449303234     6.8958034288
H       18.6894753935     2.7559362848     7.6688586912
H       20.5736821960     1.7909339223     5.4382403453
C       19.8172869375     1.6279073915     6.2160563808
H       18.9479766913     1.1538591101     5.7447873480
H       20.2381037893     0.9162339849     6.9348192672
H       21.4061839564     3.8716105722     6.7612430546
H       21.1161747227     3.0282704649     8.2883448890
H       20.3531195400     4.5961265687     7.9868328282
Si       16.4336530284     3.4105226101     4.3989251388
O       16.2380573318     5.0004585832     4.7008284485
O       17.9422091194     3.0128120764     3.8930045465
O       15.3755453525     3.0686681448     3.1938857205
O       16.1800073866     2.5604133807     5.7684333534
Si       16.4882778622     6.6001871782     4.4031559864
Si       13.9717358316     2.5688210673     2.4918367885
Si       18.8367013749     2.5327620160     2.5894569313
Si       15.7570973454     1.1369850808     6.4855021434
H       17.8876478733     6.8658990805     3.9147868031
H       15.5460352401     6.9680287440     3.3088087777
H       16.2671894358     7.4660980253     5.6276040964
H       12.8224320412     3.2991614948     3.0763551692
H       13.9681791602     2.8495955770     1.0250476277
H       18.4483227440     3.3193794456     1.3700443353
H       13.7188635864     1.0941732068     2.6940631423
H       18.5486476416     1.0941186687     2.3179621333
H       16.4381002266     0.9226417224     7.8044647908
H       14.2651459637     0.9964220959     6.7142873353
H       20.3348999982     2.6879052810     2.7753607789
H       16.1866602078     0.0697520281     5.5554901440
32
# Point -1 Energy = 0.0
C       20.6471042339     3.6537367109     7.5248487483
H       18.9771302574     3.6147089481     6.1669444396
C       19.4462512404     2.9473684994     6.8996852463
H       18.6910396181     2.7560803123     7.6729895692
H       20.5796993997     1.7959917208     5.4438680563
C       19.8211791318     1.6314619553     6.2192433155
H       18.9536480792     1.1562985497     5.7452601039
H       20.2403637494     0.9191659549     6.9383170050
H       21.4065556741     3.8751610475     6.7657798640
H       21.1161603066     3.0320234644     8.2929948901
H       20.3526852828     4.5995598105     7.9907036810
Si       16.4332818936     3.4089805924     4.3983351539
O       16.2759253409     4.9992233277     4.7214643942
O       17.9416608214     3.0435756777     3.8717852570
O       15.3770063453     3.0322310904     3.2033255449
O       16.1415079379     2.5657495402     5.7652742361
Si       16.4971088511     6.5982590584     4.4006585202
Si       13.9644439697     2.5660299030     2.4968896657
Si       18.8375343972     2.5340966465     2.5817342963
Si       15.7505075615     1.1307941969     6.4771142868
H       17.8909467620     6.8591774045     3.9088642055
H       15.5501989070     6.9637073932     3.3005859857
H       16.2708145334     7.4737909529     5.6170395467
H       12.8235411762     3.3050258951     3.0883996449
H       13.9578678526     2.8557322009     1.0306226438
H       18.4454367237     3.3195067074     1.3710777389
H       13.7128036879     1.0984340566     2.6983311298
H       18.5435984117     1.0940755120     2.3187491483
H       16.4342904417     0.9070493823     7.7981127480
H       14.2640683970     0.9849859393     6.7030190993
H       20.3343617971     2.6840810262     2.7718393259
H       16.1892578179     0.0672385226     5.5433078688
32
# Point 0 Energy = 0
C       20.6477110000     3.6549790000     7.5266840000
H       18.9761800000     3.6157410000     6.1694560000
C       19.4467280000     2.9484220000     6.9016430000
H       18.6922510000     2.7558520000     7.6754250000
H       20.5840390000     1.7980300000     5.4478400000
C       19.8234060000     1.6330100000     6.2209870000
H       18.9571360000     1.1573250000     5.7446630000
H       20.2404540000     0.9200090000     6.9405780000
H       21.4074060000     3.8754920000     6.7676150000
H       21.1161610000     3.0334640000     8.2953550000
H       20.3536290000     4.6012450000     7.9917750000
Si       16.4325060000     3.4077350000     4.3962220000
O       16.3148940000     4.9974300000     4.7394840000
O       17.9393640000     3.0735620000     3.8486780000
O       15.3769370000     2.9960700000     3.2133680000
O       16.1030250000     2.5730330000     5.7606000000
Si       16.5037570000     6.5966350000     4.4017980000
Si       13.9593780000     2.5607940000     2.4984440000
Si       18.8391290000     2.5361430000     2.5740860000
Si       15.7443760000     1.1302530000     6.4733110000
H       17.8913405600     6.8573308000     3.9070238400
H       15.5508605600     6.9622108000     3.2979838400
H       16.2712205600     7.4764908000     5.6136238400
H       12.8237502400     3.3071035200     3.0923555200
H       13.9544302400     2.8581435200     1.0324755200
H       18.4443303200     3.3198514400     1.3715668800
H       13.7106302400     1.1000235200     2.6995155200
H       18.5418503200     1.0943714400     2.3191668800
H       16.4331100800     0.9018602400     7.7959848800
H       14.2637500800     0.9809802400     6.6993448800
H       20.3340103200     2.6832114400     2.7708868800
H       16.1902300800     0.0665002400     5.5392248800
32
# Point 1 Energy = 0.0
C       20.6485703750     3.6541457646     7.5261450349
H       18.9752738395     3.6155949226     6.1698251971
C       19.4467547892     2.9481942800     6.9016797468
H       18.6929437370     2.7553351669     7.6761173424
H       20.5867213792     1.7971713177     5.4502366619
C       19.8239361417     1.6326585597     6.2213172626
H       18.9584517339     1.1570157741     5.7429666642
H       20.2383102229     0.9188886710     6.9416641900
H       21.4086042375     3.8727564942     6.7668864982
H       21.1159653852     3.0327431803     8.2955435566
H       20.3557195408     4.6013087450     7.9901088425
Si       16.4313646117     3.4068047283     4.3923826695
O       16.3549292188     4.9950371342     4.7546162535
O       17.9354137303     3.1027957557     3.8234985108
O       15.3753936013     2.9602821227     3.2238308838
O       16.0645965622     2.5823113281     5.7542286739
Si       16.5089813237     6.5953110435     4.4068326364
Si       13.9564461954     2.5523429741     2.4968117220
Si       18.8415153548     2.5392986382     2.5661102830
Si       15.7382753307     1.1354557057     6.4738322646
H       17.8897476813     6.8598271423     3.9096984024
H       15.5490264738     6.9643269829     3.3013120615
H       16.2694795806     7.4739836483     5.6179098519
H       12.8228188382     3.3044334468     3.0886813762
H       13.9571242558     2.8555395870     1.0308055119
H       18.4447403013     3.3209741769     1.3712965568
H       13.7128494755     1.0981630383     2.6985470722
H       18.5435357857     1.0954012518     2.3185681426
H       16.4337923500     0.9071037748     7.7980154299
H       14.2636777027     0.9847825924     6.7026904799
H       20.3338668015     2.6858214962     2.7719114270
H       16.1891540429     0.0674925557     5.5430941530
32
# Point 2 Energy = 0.0
C       20.6494755153     3.6513936898     7.5233543631
H       18.9743111844     3.6143698191     6.1680474298
C       19.4462022031     2.9467983343     6.8998242976
H       18.6929369789     2.7546091141     7.6750379065
H       20.5877725397     1.7935751358     5.4511694781
C       19.8227444707     1.6305369439     6.2202873338
H       18.9576250213     1.1554621155     5.7401570311
H       20.2338798381     0.9159566740     6.9416597325
H       21.4099872380     3.8671430954     6.7637773829
H       21.1153339529     3.0300378267     8.2937166857
H       20.3586787270     4.5998898928     7.9858070135
Si       16.4298966738     3.4061869786     4.3866203806
O       16.3959650641     4.9919795220     4.7666133093
O       17.9299110619     3.1313080223     3.7960842247
O       15.3724536971     2.9249484017     3.2345228492
O       16.0262639649     2.5935863364     5.7459638196
Si       16.5135618582     6.5942208411     4.4159552791
Si       13.9555134608     2.5399621981     2.4923788632
Si       18.8447195108     2.5439611074     2.5574079610
Si       15.7318281101     1.1464659908     6.4783314228
H       17.8871049692     6.8660175761     3.9173019257
H       15.5457332391     6.9707290137     3.3108325086
H       16.2667288722     7.4660280579     5.6302673378
H       12.8205665306     3.2961012543     3.0779658981
H       13.9650926982     2.8467679720     1.0259265737
H       18.4463983145     3.3234297212     1.3700591952
H       13.7198644717     1.0921550930     2.6963978982
H       18.5487884700     1.0975655532     2.3163267965
H       16.4356192970     0.9227364739     7.8039925032
H       14.2634017497     0.9967333042     6.7123573258
H       20.3339336850     2.6924233143     2.7743081672
H       16.1856872315     0.0702226264     5.5547124658
32
# Point 3 Energy = 0.0
C       20.6501928227     3.6469074365     7.5184726199
H       18.9731739502     3.6121694504     6.1641458685
C       19.4449311423     2.9443586169     6.8961331434
H       18.6920417153     2.7537485961     7.6721799688
H       20.5872319970     1.7874421809     5.4507811804
C       19.8198211894     1.6267989700     6.2179752261
H       18.9547135506     1.1527682380     5.7362378843
H       20.2271341409     0.9113944604     6.9406717730
H       21.4113633176     3.8588845370     6.7585149310
H       21.1140069389     3.0255587686     8.2900680756
H       20.3621838961     4.5971459363     7.9790119381
Si       16.4281412452     3.4058478759     4.3787503146
O       16.4379013900     4.9881625475     4.7752542402
O       17.9229621842     3.1591222277     3.7663008539
O       15.3682118105     2.8901409868     3.2452438424
O       15.9880772384     2.6067993579     5.7355998926
Si       16.5182761213     6.5932225061     4.4292839813
Si       13.9564013036     2.5230362184     2.4855951493
Si       18.8487630097     2.5505078696     2.5475930202
Si       15.7247156866     1.1633021352     6.4863825361
H       17.8843536572     6.8751348940     3.9302082841
H       15.5420236295     6.9819426338     3.3267658734
H       16.2641218317     7.4523419554     5.6508571521
H       12.8168712741     3.2812730225     3.0609334236
H       13.9773872735     2.8308807040     1.0182509044
H       18.4490353721     3.3277455602     1.3676606872
H       13.7319532337     1.0814403529     2.6940454249
H       18.5577376902     1.1012554698     2.3118478748
H       16.4379418741     0.9486315754     7.8135686454
H       14.2625447607     1.0171089981     6.7275309399
H       20.3341956006     2.7034863179     2.7774767553
H       16.1795697520     0.0747416001     5.5738229552
32
# Point 4 Energy = 0.0
C       20.6504711997     3.6408952536     7.5116933812
H       18.9717312974     3.6091015233     6.1581710116
C       19.4427981407     2.9410087966     6.8906879696
H       18.6900672462     2.7528226697     7.6675583220
H       20.5851523307     1.7790100680     5.4492386928
C       19.8151725348     1.6216195470     6.2144786891
H       18.9498009313     1.1490496593     5.7312278208
H       20.2180695465     0.9054080580     6.9388233690
H       21.4125206312     3.8482523281     6.7513634272
H       21.1117143527     3.0195447522     8.2848217696
H       20.3658803142     4.5932496655     7.9699034377
Si       16.4261359570     3.4057274925     4.3686062564
O       16.4806079632     4.9834701675     4.7803557975
O       17.9146754199     3.1862610673     3.7340449427
O       15.3627825339     2.8559126168     3.2557893148
O       15.9500881110     2.6218349008     5.7229286813
Si       16.5238898649     6.5920999479     4.4468651145
Si       13.9589029562     2.5010467088     2.4769677583
Si       18.8536582430     2.5593020259     2.5362967447
Si       15.7166658038     1.1859401885     6.4974895892
H       17.8824381159     6.8862963951     3.9487375618
H       15.5389420645     6.9983379123     3.3493111256
H       16.2627991352     7.4326040483     5.6796261269
H       12.8116706889     3.2591869106     3.0384399162
H       13.9930074999     2.8071262210     1.0082721490
H       18.4523752337     3.3344256628     1.3639229005
H       13.7492808880     1.0656095222     2.6924599176
H       18.5705047293     1.1068623257     2.3045696147
H       16.4401664970     0.9845862812     7.8262801213
H       14.2607866071     1.0461180325     6.7472827907
H       20.3346157478     2.7194416759     2.7808290937
H       16.1706080144     0.0811495749     5.6001219521
32
# Point 5 Energy = 0.0
C       20.6500507653     3.6335889971     7.5032394925
H       18.9698446109     3.6052774455     6.1502011055
C       19.4396617206     2.9368912251     6.8835947459
H       18.6868285233     2.7518944290     7.6612101708
H       20.5816028060     1.7685514304     5.4467290663
C       19.8088253470     1.6151929414     6.2099129966
H       18.9429995431     1.1444312557     5.7251600400
H       20.2067135284     0.8982257255     6.9362500286
H       21.4132351058     3.8355566073     6.7426186219
H       21.1081861591     3.0122620394     8.2782271810
H       20.3693910508     4.5883901885     7.9586960871
Si       16.4239169121     3.4057395063     4.3560471687
O       16.5239275246     4.9777681396     4.7817786492
O       17.9051592501     3.2127437071     3.6992476197
O       15.3562994359     2.8222952181     3.2659539667
O       15.9123494134     2.6385185433     5.7077470799
Si       16.5311401054     6.5905602463     4.4686727157
Si       13.9627939858     2.4735899215     2.4670496472
Si       18.8594043011     2.5706859015     2.5231748526
Si       15.7074485575     1.2143089686     6.5110982175
H       17.8822915627     6.8985078304     3.9731343550
H       15.5375231293     7.0201111642     3.3786582232
H       16.2638486401     7.4064536817     5.7163032940
H       12.8049611935     3.2291723295     3.0114687041
H       14.0109352217     2.7749658559     0.9965465855
H       18.4561311163     3.3439408355     1.3586885389
H       13.7719041526     1.0444318213     2.6925738047
H       18.5871955228     1.1147758315     2.2939698286
H       16.4417535910     1.0303215331     7.8415672013
H       14.2578592660     1.0838856185     6.7705814496
H       20.3351331781     2.7406713627     2.7838005866
H       16.1586653800     0.0895916986     5.6332633351
32
# Point 6 Energy = 0.0
C       20.6486725842     3.6252439765     7.4933581500
H       18.9673730898     3.6008123171     6.1403420536
C       19.4353893866     2.9321564824     6.8749822682
H       18.6821542835     2.7510211087     7.6531957829
H       20.5766729853     1.7563714846     5.4434547664
C       19.8008317449     1.6077307834     6.2044084307
H       18.9344531967     1.1390452268     5.7180823065
H       20.1931306716     0.8900952112     6.9330960040
H       21.4132792428     3.8211455212     6.7326006085
H       21.1031635280     3.0040036953     8.2705528411
H       20.3723282389     4.5827740228     7.9456351260
Si       16.4215185514     3.4057716948     4.3409643721
O       16.5676795907     4.9709082480     4.7794329400
O       17.8945202296     3.2385830731     3.6618787349
O       15.3489132376     2.7892989452     3.2755361555
O       15.8749142042     2.6566164521     5.6898663351
Si       16.5407188605     6.5882336133     4.4946091977
Si       13.9678435396     2.4403919484     2.4564256225
Si       18.8659820829     2.5849747212     2.5079155709
Si       15.6968706738     1.2482847382     6.5266092943
H       17.8848179644     6.9106697701     4.0035446906
H       15.5387822589     7.0472687739     3.4149979627
H       16.2682679287     7.3734959059     5.7604039119
H       12.7967970966     3.1906740132     2.9811213759
H       14.0301681571     2.7340832928     0.9836738025
H       18.4600018016     3.3567183765     1.3518274504
H       13.7997796837     1.0178765657     2.6952474801
H       18.6078918896     1.1253822853     2.2795734815
H       16.4422128784     1.0854812539     7.8587970364
H       14.2535400185     1.1304386170     6.7963074746
H       20.3356595640     2.7674980133     2.7858619488
H       16.1436514359     0.1002518681     5.6728621838
32
# Point 7 Energy = 0.0
C       20.6460892944     3.6161382445     7.4823146920
H       18.9641798859     3.5958249972     6.1287267486
C       19.4298651437     2.9269628072     6.8650001195
H       18.6758959076     2.7502544207     7.6435988575
H       20.5704760578     1.7428048543     5.4396283265
C       19.7912736835     1.5994596987     6.1981074798
H       18.9243393741     1.1330289874     5.7100570985
H       20.1774285650     0.8812804854     6.9295104009
H       21.4124316297     3.8054036819     6.7216450868
H       21.0964109971     2.9950881483     8.2620788766
H       20.3743056885     4.5766258197     7.9309908476
Si       16.4189734811     3.4056874377     4.3232892237
O       16.6116648911     4.9627335623     4.7732829935
O       17.8828607533     3.2637833224     3.6219513902
O       15.3407891663     2.7569119641     3.2843430309
O       15.8378346940     2.6758368739     5.6691226255
Si       16.5532580249     6.5846767536     4.5245075454
Si       13.9738257456     2.4013207482     2.4456960277
Si       18.8733487899     2.6024504054     2.4902485402
Si       15.6847684365     1.2876862239     6.5433944427
H       17.8908705295     6.9215882104     4.0399931874
H       15.5437077854     7.0796139397     3.4585277955
H       16.2769312819     7.3333123586     5.8112416902
H       12.7872897973     3.1432793328     2.9486016850
H       14.0497516103     2.6843869187     0.9702770422
H       18.4636674192     3.3731312257     1.3432442259
H       13.8327753418     0.9861250085     2.7012331616
H       18.6326413723     1.1390625754     2.2609614225
H       16.4410961029     1.1496317789     7.8772887044
H       14.2476434331     1.1856911745     6.8232724609
H       20.3360756987     2.8001756400     2.7865313498
H       16.1255100175     0.1133443996     5.7184982806
32
# Point 8 Energy = 0.0
C       20.6420763128     3.6065710050     7.4703853463
H       18.9601386124     3.5904380812     6.1155138862
C       19.4229973190     2.9214752188     6.8538161396
H       18.6679367761     2.7496408809     7.6325266383
H       20.5631517142     1.7282116565     5.4354664975
C       19.7802672093     1.5906185265     6.1911618187
H       18.9128709321     1.1265230406     5.7011619020
H       20.1597633110     0.8720578988     6.9256432057
H       21.4104868367     3.7887494204     6.7100933255
H       21.0877291820     2.9858566706     8.2530884993
H       20.3749525041     4.5701882795     7.9150517153
Si       16.4163122741     3.4053282856     4.3030010756
O       16.6556701289     4.9530846197     4.7633510633
O       17.8702767512     3.2883376652     3.5795268333
O       15.3321035253     2.7251011220     3.2921963064
O       15.8011610756     2.6958337170     5.6453886045
Si       16.5693159843     6.5793802575     4.5581347132
Si       13.9805304037     2.3563940398     2.4354584071
Si       18.8814321789     2.6233556783     2.4699543809
Si       15.6709997214     1.3322703953     6.5608131402
H       17.9012278980     6.9299907671     4.0823618718
H       15.5532538016     7.1167374350     3.5094520937
H       16.2905629115     7.2854784217     5.8679486655
H       12.7766069481     3.0867467334     2.9151914208
H       14.0688068778     2.6260054835     0.9569836237
H       18.4667854518     3.3934870435     1.3328868598
H       13.8706827038     0.9495703951     2.7111391939
H       18.6614460990     1.1561898905     2.2377800679
H       16.4379879576     1.2222618769     7.8963396608
H       14.2400126725     1.2494320245     6.8502420653
H       20.3362281984     2.8388815024     2.7853866794
H       16.1042063267     0.1291039670     5.7697196580
32
# Point 9 Energy = 0.0
C       20.6364432375     3.5968597835     7.4578492972
H       18.9551400312     3.5847775935     6.1008863407
C       19.4147264177     2.9158641088     6.8416135271
H       18.6582018104     2.7492218482     7.6201097910
H       20.5548684093     1.7129728433     5.4311840548
C       19.7679662173     1.5814550722     6.1837291314
H       18.9002971516     1.1196688731     5.6914895380
H       20.1403443865     0.8627117010     6.9216413275
H       21.4072653564     3.7716305312     6.6982812950
H       21.0769675764     2.9766693922     8.2438589191
H       20.3739272779     4.5637207793     7.8981166101
Si       16.4135633052     3.4045176242     4.2801351547
O       16.6994727335     4.9418064183     4.7497200748
O       17.8568554844     3.3122267401     3.5347195832
O       15.3230395950     2.6938135922     3.2989384872
O       15.7649403963     2.7162122943     5.6185853410
Si       16.5893664355     6.5717805370     4.5951958615
Si       13.9877720961     2.3057822395     2.4262877699
Si       18.8901251010     2.6478887165     2.4468746335
Si       15.6554356322     1.3817294510     6.5782308842
H       17.9165694129     6.9345496783     4.1303721022
H       15.5683332339     7.1580136646     3.5679755404
H       16.3097177168     7.2295866393     5.9295017983
H       12.7649711481     3.0210326107     2.8822178741
H       14.0865550818     2.5592775973     0.9444058465
H       18.4689876927     3.4180177532     1.3207561102
H       13.9132291119     0.9088050629     2.7253977010
H       18.6942512823     1.1771270600     2.2097516941
H       16.4324959968     1.3027837978     7.9152526739
H       14.2305107496     1.3213143573     6.8759624376
H       20.3359269989     2.8837094527     2.7820776623
H       16.0797135229     0.1477741865     5.8260462974
32
# Point 10 Energy = 0.0
C       20.6290449927     3.5873360006     7.4449805505
H       18.9490987096     3.5789721844     6.0850491771
C       19.4050326799     2.9103030709     6.8285877089
H       18.6466667604     2.7490330022     7.6065020453
H       20.5458248770     1.6974847525     5.4269874570
C       19.7545654727     1.5722223126     6.1759698307
H       18.8869039862     1.1126068842     5.6811483293
H       20.1194384932     0.8535288365     6.9176447464
H       21.4026232284     3.7545181878     6.6865285928
H       21.0640368570     2.9678994670     8.2346522227
H       20.3709323385     4.5574962450     7.8804867417
Si       16.4107527401     3.4030654451     4.2547898278
O       16.7428453195     4.9287561046     4.7325353109
O       17.8426737250     3.3354177786     3.4877024800
O       15.3137830725     2.6629794950     3.3044392880
O       15.7292156406     2.7365372572     5.5886938737
Si       16.6137897134     6.5612766259     4.6353390673
Si       13.9953969153     2.2498057297     2.4187163877
Si       18.8992810094     2.6761986027     2.4209216350
Si       15.6379522508     1.4356894935     6.5950376507
H       17.9374510023     6.9339125375     4.1835710789
H       15.5898105200     7.2026034751     3.6342886999
H       16.3347701742     7.1652758209     5.9947551006
H       12.7526574703     2.9463135529     2.8510134210
H       14.1023354259     2.4847355515     0.9331228084
H       18.4698790311     3.4468701538     1.3069150109
H       13.9600877746     0.8645944812     2.7442388587
H       18.7309341877     1.2022234726     2.1766848343
H       16.4242402973     1.3905358108     7.9333621456
H       14.2190124103     1.4008492197     6.8991891008
H       20.3349443333     2.9346651200     2.7763374389
H       16.0519991910     0.1695953278     5.8869739384
32
# Point 11 Energy = 0.0
C       20.6197921474     3.5783386297     7.4320401660
H       18.9419594076     3.5731516353     6.0682273460
C       19.3939429104     2.9049657631     6.8149431091
H       18.6333666350     2.7491030414     7.5918795453
H       20.5362507422     1.6821527710     5.4230685991
C       19.7403025788     1.5631739616     6.1680437206
H       18.8730133030     1.1054743375     5.6702618442
H       20.0973718987     0.8447929301     6.9137828715
H       21.3964609455     3.7378987179     6.6751279256
H       21.0489199335     2.9599250615     8.2257068747
H       20.3657274158     4.5517958598     7.8624578514
Si       16.4079048690     3.4007742104     4.2271324957
O       16.7855597010     4.9138112293     4.7120049670
O       17.8277967054     3.3578648142     3.4387111035
O       15.3045173495     2.6325153858     3.3086019113
O       15.6940252423     2.7563427245     5.5557653560
Si       16.6428667919     6.5472519022     4.6781602409
Si       14.0032861746     2.1889258927     2.4132144125
Si       18.9087112197     2.7083818843     2.3920876703
Si       15.6184230460     1.4937113906     6.6106656250
H       17.9642832463     6.9267411357     4.2413244365
H       15.6184933666     7.2494652951     3.7085454456
H       16.3659113469     7.0922646131     6.0624760082
H       12.7399889426     2.8630007283     2.8228688839
H       14.1156171332     2.4030837787     0.9236636993
H       18.4690390002     3.4800982630     1.2914977456
H       14.0108849238     0.8178392636     2.7676751917
H       18.7712945936     1.2318115660     2.1384840768
H       16.4128436173     1.4847867177     7.9500585270
H       14.2053973720     1.4874034300     6.9187169175
H       20.3330159048     2.9916633321     2.7679930430
H       16.0210121355     0.1947917338     5.9519777495
32
# Point 12 Energy = 0.0
C       20.6086596780     3.5702057349     7.4192694931
H       18.9337028765     3.5674445230     6.0506630496
C       19.3815360083     2.9000216722     6.8008899271
H       18.6184024590     2.7494515077     7.5764397769
H       20.5264060182     1.6673839879     5.4195989863
C       19.7254584586     1.5545593182     6.1601066630
H       18.8589808153     1.0984033080     5.6589679082
H       20.0745305697     0.8367774230     6.9101712428
H       21.3887311431     3.7222629991     6.6643360372
H       21.0316807417     2.9531189841     8.2172305931
H       20.3581419043     4.5469013672     7.8443133792
Si       16.4050430273     3.3974457637     4.1974031267
O       16.8273905222     4.8968783670     4.6883994214
O       17.8122782768     3.3795101916     3.3880466967
O       15.2954190286     2.6023283867     3.3113688144
O       15.6594032915     2.7751445631     5.5199285447
Si       16.6767760732     6.5291003988     4.7232081834
Si       14.0113567266     2.1237295453     2.4101729559
Si       18.9181847233     2.7444805697     2.3604524473
Si       15.5967125264     1.5552943115     6.6246049203
H       17.9973131833     6.9117579740     4.3028164199
H       15.6551232538     7.2973761554     3.7908328576
H       16.4031535658     7.0103876066     6.1313847574
H       12.7273290878     2.7717433477     2.7989836191
H       14.1260046006     2.3151720435     0.9164933667
H       18.4660269305     3.5176580761     1.2747167909
H       14.0652037698     0.7695273239     2.7954990807
H       18.8150478877     1.2662029562     2.0951583090
H       16.3979228306     1.5847428042     7.9648093244
H       14.1895456899     1.5802029403     6.9334094032
H       20.3298449028     3.0545282166     2.7569739012
H       15.9866700288     0.2235596327     6.0205153629
32
# Point 13 Energy = 0.0
C       20.5956932230     3.5632639262     7.4068850710
H       18.9243506264     3.5619750056     6.0326127114
C       19.3679464414     2.8956308124     6.7866410157
H       18.6019453016     2.7500858513     7.5603998644
H       20.5165791752     1.6535787437     5.4167247691
C       19.7103557642     1.5466173968     6.1523073645
H       18.8451922948     1.0915186163     5.6474165988
H       20.0513572043     0.8297379452     6.9069087879
H       21.3794444022     3.7080934309     6.6543670504
H       21.0124695056     2.9478360699     8.2093954034
H       20.3480846691     4.5430850146     7.8263192446
Si       16.4021913500     3.3928891619     4.1659142574
O       16.8681188382     4.8779017296     4.6620489601
O       17.7961626621     3.4002875820     3.3360764174
O       15.2866541485     2.5723206262     3.3127265795
O       15.6253807395     2.7924546759     5.4813932484
Si       16.7155931730     6.5062568039     4.7699900122
Si       14.0195578733     2.0549067329     2.4098915504
Si       18.9274312070     2.7844819167     2.3261876224
Si       15.5726717925     1.6198823253     6.6364157956
H       18.0366114041     6.8877988608     4.3670590675
H       15.7003646911     7.3449638067     3.8811354491
H       16.4463422255     6.9196312533     6.2001956524
H       12.7150708257     2.6734186661     2.7804165998
H       14.1332355738     2.2219633566     0.9120012521
H       18.4603912318     3.5594054219     1.2568669180
H       14.1225859053     0.7206793968     2.8272959340
H       18.8618219096     1.3056843764     2.0468261597
H       16.3790824925     1.6895575915     7.9771750030
H       14.1713360852     1.6783423844     6.9422253847
H       20.3251092960     3.1229964473     2.7433171033
H       15.9488485673     0.2560560713     6.0920285116
32
# Point 14 Energy = 0.0
C       20.5810116661     3.5578161622     7.3950758084
H       18.9139680385     3.5568588648     6.0143434476
C       19.3533647419     2.8919376352     6.7724089370
H       18.5842363455     2.7509981207     7.5439939852
H       20.5070833526     1.6411211439     5.4145632200
C       19.6953545215     1.5395705191     6.1447844917
H       18.8320575764     1.0849358047     5.6357670617
H       20.0283441575     0.8239042534     6.9040759477
H       21.3686722906     3.6958488119     6.6453891815
H       20.9915229761     2.9443989056     8.2023356418
H       20.3355500850     4.5405976289     7.8087207753
Si       16.3993775001     3.3869291589     4.1330462839
O       16.9075362119     4.8568711068     4.6333395764
O       17.7794879742     3.4201265922     3.2832295711
O       15.2783756056     2.5423935804     3.3127094995
O       15.5919878645     2.8077969279     5.4404484204
Si       16.7592941418     6.4782284782     4.8179774763
Si       14.0278652933     1.9832223718     2.4125719395
Si       18.9361475683     2.8283203418     2.2895568483
Si       15.5461367088     1.6868741935     6.6457358417
H       18.0820660113     6.8538685507     4.4329115305
H       15.7547937555     7.3907503487     3.9792970475
H       16.4951743593     6.8201660333     6.2676591858
H       12.7036215304     2.5691070258     2.7680437879
H       14.1371724964     2.1244968821     0.9104950347
H       18.4516827449     3.6050975274     1.2383244460
H       14.1825317290     0.6722920561     2.8624740535
H       18.9111583681     1.3505136982     1.9937171429
H       16.3559115056     1.7983444828     7.9868180540
H       14.1506481005     1.7808011204     6.9442409524
H       20.3184724155     3.1967240499     2.7271678378
H       15.9073729633     0.2923896227     6.1659423321
32
# Point 15 Energy = 0.0
C       20.5648048143     3.5541288624     7.3840028991
H       18.9026650438     3.5521991762     5.9961289684
C       19.3380340531     2.8890647530     6.7584032854
H       18.5655817942     2.7521619551     7.5274696980
H       20.4982502374     1.6303689100     5.4132013174
C       19.6808443405     1.5336178050     6.1376644386
H       18.8200019162     1.0787593209     5.6241832312
H       20.0060214015     0.8194724044     6.9017340836
H       21.3565466236     3.6859480183     6.6375255913
H       20.9691582005     2.9430831055     8.1961494888
H       20.3206188811     4.5396558841     7.7917420905
Si       16.3966362726     3.3794148570     4.0992371907
O       16.9454499775     4.8338281092     4.6027064346
O       17.7622912563     3.4389588340     3.2299886285
O       15.2707221511     2.5124519186     3.3114015092
O       15.5592581038     2.8207239871     5.3974540101
Si       16.8077628202     6.4446268865     4.8666148541
Si       14.0362728796     1.9094830502     2.4183197152
Si       18.9440076056     2.8758816606     2.2509098506
Si       15.5169293996     1.7556360285     6.6522808910
H       18.1333849950     6.8091947905     4.4991099672
H       15.8188870954     7.4332063667     4.0849849970
H       16.5492240446     6.7123706293     6.3326038328
H       12.6933847954     2.4600520773     2.7625273632
H       14.1377876581     2.0238469621     0.9122002546
H       18.4394712772     3.6543987357     1.2195402588
H       14.2445021357     0.6252830217     2.9003099922
H       18.9625190697     1.4009163676     1.9361669567
H       16.3279838914     1.9101919129     7.9935037682
H       14.1273688584     1.8864653758     6.9386650165
H       20.3095962262     3.2752969871     2.7087733164
H       15.8620127804     0.3326132468     6.2416614600
