32
# Point -15 Energy = 0.0
C       20.6452932631     3.6343940823     7.5175045341
H       18.5080875767     4.3142624688     5.3639287404
C       19.4477535174     2.8624262679     7.0282748182
H       19.2164229986     2.8194494340     7.2410169256
H       20.3686527541     1.7540979566     5.6681000294
C       19.8311653058     1.6506459163     6.2122462485
H       18.8654772396     1.1072152588     5.7101523322
H       20.3523949390     0.7048577951     7.1653232105
H       21.3060066073     3.8243525057     6.8742146086
H       21.2392375101     2.8268937016     8.5143162433
H       20.3388961373     4.6490756189     8.0480058059
Si       16.4373553026     3.3988423138     4.4132290291
O       16.3177228999     4.9870668395     4.7625855585
O       17.9460843941     3.0690727416     3.8679336439
O       15.3844022411     2.9908021858     3.2272888492
O       16.1070565409     2.5587879177     5.7735726151
Si       16.5051707765     6.5879405794     4.4313064859
Si       13.9682329756     2.5566962508     2.5084249058
Si       18.8486982076     2.5375103967     2.5918398046
Si       15.7485921792     1.1123409724     6.4803348598
H       17.8933598337     6.8520316383     3.9399822110
H       15.5538187909     6.9566359865     3.3272981120
H       16.2695919582     7.4627471145     5.6461580314
H       12.8309181452     3.2994098734     3.1035794271
H       13.9652032480     2.8598443772     1.0436552931
H       18.4548202771     3.3255450706     1.3918443790
H       13.7208659008     1.0948888432     2.7033775466
H       18.5535781274     1.0964831086     2.3308580904
H       16.4352688659     0.8796455439     7.8031245220
H       14.2677132477     0.9605639854     6.7030532298
H       20.3428742180     2.6858535705     2.7919673987
H       16.1972646207     0.0529216843     5.5426678704
32
# Point -14 Energy = 0.0
C       20.6457145786     3.6361932025     7.5184571493
H       18.5362674607     4.2676904912     5.4194286587
C       19.4479622464     2.8679664748     7.0196950525
H       19.1795548519     2.8169862198     7.2680873975
H       20.3839118007     1.7559847442     5.6532289683
C       19.8312558980     1.6488126687     6.2124402652
H       18.8722439499     1.1099660742     5.7118451258
H       20.3459653827     0.7189240935     7.1501169921
H       21.3133845518     3.8282238637     6.8678180825
H       21.2312934952     2.8411743880     8.5001297187
H       20.3395281003     4.6462543138     8.0444096917
Si       16.4370875772     3.3993885240     4.4120997337
O       16.3177065458     4.9877143110     4.7610790646
O       17.9456489152     3.0692161243     3.8666000129
O       15.3839131014     2.9911888735     3.2263780107
O       16.1068274666     2.5596978652     5.7727137323
Si       16.5053450420     6.5884703990     4.4293921186
Si       13.9676102746     2.5571055870     2.5077957427
Si       18.8479899174     2.5372090527     2.5905692352
Si       15.7482726616     1.1135114375     6.4798679143
H       17.8934961332     6.8522511027     3.9377980395
H       15.5538800295     6.9570383558     3.3254319031
H       16.2700652360     7.4636104719     5.6440639291
H       12.8304668055     3.3001271539     3.1028956654
H       13.9644478986     2.8598839788     1.0429488735
H       18.4540721238     3.3250006990     1.3904276197
H       13.7200581009     1.0953805673     2.7031440649
H       18.5526060148     1.0961572966     2.3299835040
H       16.4351115959     0.8810406028     7.8026264268
H       14.2674068259     0.9620006084     6.7028521241
H       20.3422311938     2.6853501040     2.7904275566
H       16.1966548241     0.0537823503     5.5424129861
32
# Point -13 Energy = 0.0
C       20.6460953872     3.6379355680     7.5193583822
H       18.5648962133     4.2211200030     5.4746817361
C       19.4481342599     2.8735321287     7.0111339817
H       19.1429212791     2.8142744071     7.2954043376
H       20.3990543670     1.7580230442     5.6383924607
C       19.8312602692     1.6470735560     6.2126864586
H       18.8789178072     1.1128041260     5.7136189633
H       20.3393892840     0.7330173180     7.1349252606
H       21.3206746587     3.8320321229     6.8613200351
H       21.2233178834     2.8553940406     8.4858825490
H       20.3402091198     4.6433870130     8.0407833340
Si       16.4368124610     3.3999400424     4.4109719413
O       16.3176659682     4.9883663265     4.7595711838
O       17.9452117432     3.0693813265     3.8652740575
O       15.3834222132     2.9915697446     3.2254675962
O       16.1065948355     2.5606110343     5.7718558445
Si       16.5054805078     6.5890059727     4.4274746042
Si       13.9669910883     2.5574948678     2.5071653656
Si       18.8472907379     2.5369385293     2.5893104376
Si       15.7479618927     1.1146822061     6.4794019159
H       17.8935927120     6.8524891097     3.9356153189
H       15.5539027604     6.9574355142     3.3235586642
H       16.2704868594     7.4644790375     5.6419643943
H       12.8300109728     3.3008138413     3.1022083388
H       13.9636951601     2.8599022402     1.0422410862
H       18.4533286229     3.3244814229     1.3890204074
H       13.7192677467     1.0958501305     2.7029102675
H       18.5516603865     1.0958588262     2.3291210889
H       16.4349608099     0.8824440875     7.8021318225
H       14.2671099834     0.9634227450     6.7026468205
H       20.3415947728     2.6848945211     2.7889050215
H       16.1960678368     0.0546471464     5.5421616837
32
# Point -12 Energy = 0.0
C       20.6464365348     3.6396201726     7.5202089159
H       18.5939704649     4.1745511639     5.5296855748
C       19.4482688146     2.8791236953     7.0025917790
H       19.1065313425     2.8113124321     7.3229736864
H       20.4140781187     1.7602127598     5.6235888023
C       19.8311786301     1.6454285231     6.2129855249
H       18.8854991773     1.1157285197     5.7154749480
H       20.3326667112     0.7471406838     7.1197523127
H       21.3278769259     3.8357764105     6.8547204593
H       21.2153090965     2.8695495570     8.4715751313
H       20.3409395701     4.6404722065     8.0371287992
Si       16.4365297441     3.4004971834     4.4098451287
O       16.3176010204     4.9890232750     4.7580610997
O       17.9447727620     3.0695684323     3.8639556065
O       15.3829295950     2.9919449841     3.2245569254
O       16.1063580807     2.5615279983     5.7709985032
Si       16.5055772345     6.5895476204     4.4255528935
Si       13.9663755542     2.5578642631     2.5065328627
Si       18.8466007715     2.5366986068     2.5880635063
Si       15.7476590304     1.1158539998     6.4789365864
H       17.8936497627     6.8527457775     3.9334332343
H       15.5538872995     6.9578276690     3.3216770918
H       16.2708567100     7.4653533653     5.6398581827
H       12.8295507069     3.3014703061     3.1015161585
H       13.9629455229     2.8598990704     1.0415309659
H       18.4525901922     3.3239868521     1.3876226262
H       13.7184948118     1.0962977529     2.7026754445
H       18.5507412663     1.0955874526     2.3282711228
H       16.4348153743     0.8838568898     7.8016406086
H       14.2668218103     0.9648312797     6.7024367689
H       20.3409650407     2.6844865060     2.7874001582
H       16.1955029227     0.0555165909     5.5419139512
32
# Point -11 Energy = 0.0
C       20.6467388451     3.6412460097     7.5210094268
H       18.6234866886     4.1279840187     5.5844378020
C       19.4483651957     2.8847416521     6.9940686273
H       19.0703941668     2.8080988576     7.3508012013
H       20.4289805889     1.7625536324     5.6088162733
C       19.8310110810     1.6438775160     6.2133381911
H       18.8919882428     1.1187384254     5.7174142743
H       20.3257976364     0.7612973152     7.1046023609
H       21.3349913279     3.8394559073     6.8480193760
H       21.2072656435     2.8836379398     8.4572078811
H       20.3417197826     4.6375083741     8.0334481363
Si       16.4362392430     3.4010602628     4.4087187777
O       16.3175115734     4.9896855455     4.7565480001
O       17.9443318845     3.0697775341     3.8626444982
O       15.3824352966     2.9923147738     3.2236453204
O       16.1061166621     2.5624493318     5.7701412643
Si       16.5056352935     6.5900956621     4.4236259409
Si       13.9657638457     2.5582139325     2.5058973211
Si       18.8459201550     2.5364890786     2.5868285488
Si       15.7473632646     1.1170275405     6.4784716518
H       17.8936674887     6.8530212313     3.9312509786
H       15.5538339755     6.9582150224     3.3197858834
H       16.2711746735     7.4662340085     5.6377440527
H       12.8290860990     3.3020969024     3.1008178312
H       13.9621995158     2.8598743674     1.0408175464
H       18.4518572834     3.3235166067     1.3862341718
H       13.7177393120     1.0967236441     2.7024388846
H       18.5498487201     1.0953429434     2.3274338956
H       16.4346741849     0.8852799056     7.8011526912
H       14.2665414291     0.9662270901     6.7022214192
H       20.3403421153     2.6841257636     2.7859133486
H       16.1949593851     0.0563912046     5.5416697832
32
# Point -10 Energy = 0.0
C       20.6470031184     3.6428120770     7.5217605794
H       18.6534412038     4.0814184931     5.6389360714
C       19.4484227168     2.8903864859     6.9855647225
H       19.0345189392     2.8046323735     7.3788924599
H       20.4437591676     1.7650452366     5.5940731295
C       19.8307576073     1.6424204828     6.2137452129
H       18.8983849980     1.1218330803     5.7194382218
H       20.3187819310     0.7754902411     7.0894795272
H       21.3420178111     3.8430698532     6.8412168246
H       21.1991861223     2.8976563084     8.4427812321
H       20.3425500430     4.6344939910     8.0297433680
Si       16.4359408015     3.4016295969     4.4075923775
O       16.3173975172     4.9903535262     4.7550310797
O       17.9438890535     3.0700087325     3.8613405835
O       15.3819394009     2.9926792909     3.2227321070
O       16.1058700661     2.5633756084     5.7692836900
Si       16.5056547688     6.5906504170     4.4216927085
Si       13.9651561739     2.5585440248     2.5052578269
Si       18.8452490615     2.5363097510     2.5856056877
Si       15.7470738163     1.1182035480     6.4780068431
H       17.8936461058     6.8533156018     3.9290677562
H       15.5537431312     6.9585977713     3.3178837410
H       16.2714406397     7.4671215175     5.6356207689
H       12.8286172727     3.3026939681     3.1001120588
H       13.9614577084     2.8598280186     1.0400998605
H       18.4511303849     3.3230703175     1.3848549538
H       13.7170013068     1.0971280025     2.7021998748
H       18.5489828576     1.0951250783     2.3266097122
H       16.4345361653     0.8867140325     7.8006679833
H       14.2662679938     0.9676110452     6.7020002216
H       20.3397261492     2.6838120185     2.7844449947
H       16.1944365663     0.0572715093     5.5414291808
32
# Point -9 Energy = 0.0
C       20.6472301302     3.6443173814     7.5224630206
H       18.6838301813     4.0348543892     5.6931780642
C       19.4484407191     2.8960586906     6.9770802765
H       18.9989149147     2.8009117942     7.4072528668
H       20.4584110935     1.7676869758     5.5793575935
C       19.8304180757     1.6410573748     6.2142073725
H       18.9046892461     1.1250117916     5.7215481507
H       20.3116193623     0.7897223922     7.0743878396
H       21.3489562893     3.8466175538     6.8343128547
H       21.1910692197     2.9116019118     8.4282956352
H       20.3434305882     4.6314275342     8.0260164798
Si       16.4356342913     3.4022055016     4.4064654263
O       16.3172587610     4.9910276030     4.7535095420
O       17.9434442430     3.0702621353     3.8600437280
O       15.3814420254     2.9930387083     3.2218166163
O       16.1056178063     2.5643073995     5.7684253500
Si       16.5056357577     6.5912122026     4.4197521684
Si       13.9645527893     2.5588546788     2.5046134658
Si       18.8445877021     2.5361604425     2.5843950641
Si       15.7467899375     1.1193827389     6.4775418973
H       17.8935858435     6.8536290248     3.9268827877
H       15.5536151260     6.9589761068     3.3159693733
H       16.2716545035     7.4680164393     5.6334871056
H       12.8281443857     3.3032618249     3.0993975390
H       13.9607207142     2.8597599015     1.0393769412
H       18.4504100241     3.3226476259     1.3834848992
H       13.7162809007     1.0975110158     2.7019576998
H       18.5481438340     1.0949336493     2.3257988942
H       16.4344002661     0.8881601672     7.8001864062
H       14.2660006896     0.9689840033     6.7017726265
H       20.3391173310     2.6835450148     2.7829955227
H       16.1939338477     0.0581580261     5.5411921524
32
# Point -8 Energy = 0.0
C       20.6474206306     3.6457609446     7.5231173736
H       18.7146496471     3.9882913800     5.7471614897
C       19.4484185704     2.9017587648     6.9686155206
H       18.9635914218     2.7969360529     7.4358876625
H       20.4729334452     1.7704780776     5.5646678464
C       19.8299922316     1.6397881471     6.2147254757
H       18.9109005967     1.1282739386     5.7237454955
H       20.3043095901     0.8039965981     7.0593312275
H       21.3558066388     3.8500983865     6.8273075167
H       21.1829137115     2.9254721410     8.4137515582
H       20.3443616033     4.6283074893     8.0222694098
Si       16.4353196127     3.4027882912     4.4053374334
O       16.3170952342     4.9917081592     4.7519826021
O       17.9429974589     3.0705378564     3.8587538146
O       15.3809433233     2.9933931941     3.2208981852
O       16.1053594225     2.5652452731     5.7675658225
Si       16.5055783721     6.5917813338     4.4178033063
Si       13.9639539833     2.5591460226     2.5039633230
Si       18.8439363274     2.5360409839     2.5831968404
Si       15.7465109099     1.1205658245     6.4770765570
H       17.8934869464     6.8539616401     3.9246953132
H       15.5534503369     6.9593502136     3.3140414990
H       16.2718161648     7.4689193153     5.6313418502
H       12.8276676312     3.3038007780     3.0986729641
H       13.9599891925     2.8596698848     1.0386478208
H       18.4496967700     3.3222481841     1.3821239550
H       13.7155782451     1.0978728606     2.7017116413
H       18.5473318522     1.0947684598     2.3250017821
H       16.4342654624     0.8896192035     7.7997078897
H       14.2657387316     0.9703468109     6.7015380833
H       20.3385158865     2.6833245150     2.7815653866
H       16.1934506490     0.0590512747     5.5409587140
32
# Point -7 Energy = 0.0
C       20.6475753429     3.6471418083     7.5237242330
H       18.7458954861     3.9417290052     5.8008840864
C       19.4483556636     2.9074872099     6.9601707091
H       18.9285578691     2.7927041974     7.4648019317
H       20.4873231339     1.7734175896     5.5500020192
C       19.8294796959     1.6386127588     6.2153003502
H       18.9170184644     1.1316189744     5.7260317590
H       20.2968521640     0.8183155851     7.0443135186
H       21.3625686942     3.8535118071     6.8202008530
H       21.1747184609     2.9392645417     8.3991494853
H       20.3453432180     4.6251323576     8.0185040382
Si       16.4349966950     3.4033782780     4.4042079205
O       16.3169068871     4.9923955737     4.7504494890
O       17.9425487398     3.0708360150     3.8574707463
O       15.3804434847     2.9937429115     3.2199761575
O       16.1050944804     2.5661897918     5.7667046957
Si       16.5054827390     6.5923581220     4.4158451248
Si       13.9633600900     2.5594181748     2.5033064829
Si       18.8432952291     2.5359512172     2.5820112026
Si       15.7462360441     1.1217535091     6.4766105715
H       17.8933496757     6.8543135908     3.9225045970
H       15.5532491605     6.9597202703     3.3120988490
H       16.2719255296     7.4698306804     5.6291838059
H       12.8271872393     3.3043111170     3.0979370212
H       13.9592638515     2.8595578291     1.0379115320
H       18.4489912351     3.3218716552     1.3807720914
H       13.7148935386     1.0982137031     2.7014609772
H       18.5465471631     1.0946293248     2.3242187372
H       16.4341307526     0.8910920296     7.7992323734
H       14.2654813635     0.9717003004     6.7012960404
H       20.3379220807     2.6831502996     2.7801550720
H       16.1929864277     0.0599517714     5.5407288889
32
# Point -6 Energy = 0.0
C       20.6476949627     3.6484590406     7.5242841595
H       18.7775634464     3.8951666656     5.8543436217
C       19.4482514165     2.9132445266     6.9517461219
H       18.8938237519     2.7882153844     7.4940006125
H       20.5015768965     1.7765043753     5.5353581853
C       19.8288799633     1.6375311738     6.2159328427
H       18.9230420679     1.1350464272     5.7284085066
H       20.2892465209     0.8326819745     7.0293384366
H       21.3692422430     3.8568573563     6.8129928894
H       21.1664824175     2.9529768264     8.3844899164
H       20.3463755032     4.6219006633     8.0147221772
Si       16.4346654972     3.4039757709     4.4030764236
O       16.3166936909     4.9930902206     4.7489094475
O       17.9420981580     3.0711567348     3.8561944479
O       15.3799427375     2.9940880183     3.2190498848
O       16.1048225712     2.5671415118     5.7658415688
Si       16.5053490026     6.5929428740     4.4138766456
Si       13.9627714872     2.5596712442     2.5026420292
Si       18.8426647411     2.5358909954     2.5808383635
Si       15.7459646778     1.1229464886     6.4761436967
H       17.8931743105     6.8546850220     3.9203099311
H       15.5530120154     6.9600864486     3.3101401694
H       16.2719825102     7.4707510614     5.6270117960
H       12.8267034776     3.3047931155     3.0971883917
H       13.9585454499     2.8594235882     1.0371671070
H       18.4482940782     3.3215177134     1.3794293042
H       13.7142270286     1.0985336993     2.7012049807
H       18.5457900678     1.0945160698     2.3234501436
H       16.4339951557     0.8925795260     7.7987598064
H       14.2652278559     0.9730452894     6.7010459446
H       20.3373362187     2.6830221656     2.7787650994
H       16.1925406780     0.0608600279     5.5405027085
32
# Point -5 Energy = 0.0
C       20.6477801567     3.6497117427     7.5247976748
H       18.8096491424     3.8486036180     5.9075378923
C       19.4481052695     2.9190312130     6.9433420679
H       18.8593986590     2.7834688747     7.5234885044
H       20.5156912896     1.7797371103     5.5207343525
C       19.8281924008     1.6365433607     6.2166238172
H       18.9289704307     1.1385559009     5.7308773596
H       20.2814919827     0.8470982809     7.0144095984
H       21.3758270213     3.8601346661     6.8056836264
H       21.1582046151     2.9666068862     8.3697733676
H       20.3474584675     4.6186109621     8.0109255603
Si       16.4343260083     3.4045810747     4.4019424948
O       16.3164556390     4.9937924675     4.7473617408
O       17.9416458197     3.0715001428     3.8549248692
O       15.3794413488     2.9944286672     3.2181187275
O       16.1045433109     2.5681009814     5.7649760529
Si       16.5051773248     6.5935358915     4.4118969137
Si       13.9621885980     2.5599053310     2.5019690447
Si       18.8420452412     2.5358601815     2.5796785650
Si       15.7456961749     1.1241454485     6.4756756955
H       17.8929611499     6.8550760802     3.9181106394
H       15.5527393435     6.9604489133     3.3081642242
H       16.2719870263     7.4716809758     5.6248246663
H       12.8262166533     3.3052470324     3.0964257504
H       13.9578347997     2.8592670098     1.0364135782
H       18.4476060062     3.3211860433     1.3780956180
H       13.7135790117     1.0988329955     2.7009429195
H       18.5450609179     1.0944285308     2.3226964101
H       16.4338577090     0.8940825625     7.7982901487
H       14.2649775052     0.9743825789     6.7007872400
H       20.3367586470     2.6829399257     2.7773960282
H       16.1921129296     0.0617765501     5.5402802116
32
# Point -4 Energy = 0.0
C       20.6478315615     3.6508990549     7.5252652571
H       18.8421480587     3.8020389695     5.9604647243
C       19.4479166852     2.9248477612     6.9349588884
H       18.8252922786     2.7784640285     7.5532702764
H       20.5296626840     1.7831142782     5.5061284564
C       19.8274162463     1.6356492920     6.2173741521
H       18.9348023818     1.1421470755     5.7334399887
H       20.2735877550     0.8615669117     6.9995305131
H       21.3823227092     3.8633434667     6.7982730312
H       21.1498841687     2.9801528029     8.3550003699
H       20.3485920532     4.6152618482     8.0071158326
Si       16.4339782474     3.4051944889     4.4008057034
O       16.3161927473     4.9945026751     4.7458056525
O       17.9411918657     3.0718663677     3.8536619867
O       15.3789396253     2.9947650053     3.2171820553
O       16.1042563394     2.5690687392     5.7641077722
Si       16.5049678870     6.5941374695     4.4099049994
Si       13.9616118919     2.5601205270     2.5012866113
Si       18.8414371517     2.5358586477     2.5785320812
Si       15.7454299231     1.1253510622     6.4752063378
H       17.8927105142     6.8554869115     3.9159060815
H       15.5524316128     6.9608078224     3.3061697976
H       16.2719390058     7.4726209300     5.6226212886
H       12.8257271133     3.3056731123     3.0956477653
H       13.9571327683     2.8590879377     1.0356499778
H       18.4469277764     3.3208763404     1.3767710886
H       13.7129498343     1.0991117291     2.7006740545
H       18.5443601167     1.0943665533     2.3219579723
H       16.4337174658     0.8956019965     7.7978233710
H       14.2647296311     0.9757129520     6.7005193674
H       20.3361897542     2.6829034065     2.7760484603
H       16.1917027460     0.0627018364     5.5400614450
32
# Point -3 Energy = 0.0
C       20.6478497828     3.6520201642     7.5256873366
H       18.8750555528     3.7554716718     6.0131219727
C       19.4476851462     2.9306946542     6.9265969599
H       18.7915144048     2.7732003004     7.5833504745
H       20.5434872607     1.7866341675     5.4915383537
C       19.8265506092     1.6348489447     6.2181847383
H       18.9405365583     1.1458197068     5.7360981074
H       20.2655329263     0.8760901661     6.9847045808
H       21.3887289258     3.8664835930     6.7907610299
H       21.1415202713     2.9936128605     8.3401714701
H       20.3497761330     4.6118519637     8.0032945406
Si       16.4336222642     3.4058163073     4.3996656379
O       16.3159050549     4.9952211958     4.7442404891
O       17.9407364722     3.0722555396     3.8524058062
O       15.3784379145     2.9950971746     3.2162392483
O       16.1039613196     2.5700453130     5.7632363650
Si       16.5047208912     6.5947478958     4.4079000019
Si       13.9610418858     2.5603169163     2.5005938093
Si       18.8408409409     2.5358862744     2.5773992205
Si       15.7451653327     1.1265639895     6.4747354006
H       17.8924227473     6.8559176609     3.9136956568
H       15.5520893194     6.9611633265     3.3041556969
H       16.2718383856     7.4735714183     5.6204005643
H       12.8252352458     3.3060715864     3.0948530970
H       13.9564402804     2.8588862124     1.0348753375
H       18.4462601984     3.3205883102     1.3754558060
H       13.7123398931     1.0993700291     2.7003976392
H       18.5436881195     1.0943299918     2.3212352936
H       16.4335734923     0.8971386696     7.7973594557
H       14.2644835749     0.9770371724     6.7002417637
H       20.3356299727     2.6829124471     2.7747230430
H       16.1913097232     0.0636363763     5.5398464631
32
# Point -2 Energy = 0.0
C       20.6478353942     3.6530743117     7.5260642919
H       18.9083668582     3.7089005153     6.0655075205
C       19.4474101547     2.9365723630     6.9182566970
H       18.7580749429     2.7676772345     7.6137335287
H       20.5571610073     1.7902948684     5.4769618163
C       19.8255944701     1.6341422986     6.2190564772
H       18.9461714081     1.1495736253     5.7388534649
H       20.2573264677     0.8906702352     6.9699350925
H       21.3950452249     3.8695549912     6.7831474996
H       21.1331121902     3.0069855558     8.3252872303
H       20.3510105056     4.6083800068     7.9994631228
Si       16.4332581390     3.4064468164     4.3985219073
O       16.3155926246     4.9959483723     4.7426655813
O       17.9402798505     3.0726677876     3.8511563648
O       15.3779366050     2.9954253111     3.2152896972
O       16.1036579366     2.5710312181     5.7623614844
Si       16.5044365619     6.5953674500     4.4058810520
Si       13.9604791449     2.5604945769     2.4998897173
Si       18.8402571235     2.5359429491     2.5762803282
Si       15.7449018342     1.1277848750     6.4742626685
H       17.8920982180     6.8563684705     3.9114788081
H       15.5517129896     6.9615155689     3.3021207548
H       16.2716851132     7.4745329209     5.6181614269
H       12.8247414809     3.3064426738     3.0940403979
H       13.9557583198     2.8586616732     1.0340886886
H       18.4456041362     3.3203216681     1.3741498967
H       13.7117496354     1.0996080173     2.7001129183
H       18.5430454344     1.0943187084     2.3205288677
H       16.4334248652     0.8986934058     7.7968983965
H       14.2642386971     0.9783559837     6.6999538607
H       20.3350797786     2.6829668976     2.7734204732
H       16.1909334874     0.0645806494     5.5396353277
32
# Point -1 Energy = 0.0
C       20.6477889355     3.6540608000     7.5263964464
H       18.9420770947     3.6623241228     6.1176192738
C       19.4470912298     2.9424813434     6.9099385559
H       18.7249839161     2.7618944595     7.6444237600
H       20.5706797160     1.7940942703     5.4623965265
C       19.8245466819     1.6335293363     6.2199902785
H       18.9517051949     1.1534087350     5.7417078398
H       20.2489672333     0.9053092032     6.9552252304
H       21.4012710899     3.8725577257     6.7754322624
H       21.1246592618     3.0202696091     8.3103482285
H       20.3522948917     4.6048447407     7.9956229007
Si       16.4328859825     3.4070862948     4.3973741425
O       16.3152555434     4.9966845374     4.7410802872
O       17.9398222472     3.0731032393     3.8499137332
O       15.3774361271     2.9957495458     3.2143328046
O       16.1033458960     2.5720269560     5.7614827992
Si       16.5041151467     6.5959964022     4.4038473147
Si       13.9599242833     2.5606535807     2.4991734120
Si       18.8396862613     2.5360285654     2.5751757892
Si       15.7446388759     1.1290143463     6.4737879330
H       17.8917373219     6.8568394788     3.9092550254
H       15.5513031822     6.9618646856     3.3000638320
H       16.2714791471     7.4755059030     5.6159028456
H       12.8242462914     3.3067865824     3.0932083114
H       13.9550879311     2.8584141594     1.0332890619
H       18.4449605093     3.3200761391     1.3728535267
H       13.7111795585     1.0998258090     2.6998191264
H       18.5424326218     1.0943325725     2.3198392200
H       16.4332706674     0.9002670086     7.7964401993
H       14.2639943749     0.9796701079     6.6996550846
H       20.3345396925     2.6830666166     2.7721415001
H       16.1905736928     0.0655351233     5.5394281082
32
# Point 0 Energy = 0
C       20.6477110000     3.6549790000     7.5266840000
H       18.9761800000     3.6157410000     6.1694560000
C       19.4467280000     2.9484220000     6.9016430000
H       18.6922510000     2.7558520000     7.6754250000
H       20.5840390000     1.7980300000     5.4478400000
C       19.8234060000     1.6330100000     6.2209870000
H       18.9571360000     1.1573250000     5.7446630000
H       20.2404540000     0.9200090000     6.9405780000
H       21.4074060000     3.8754920000     6.7676150000
H       21.1161610000     3.0334640000     8.2953550000
H       20.3536290000     4.6012450000     7.9917750000
Si       16.4325060000     3.4077350000     4.3962220000
O       16.3148940000     4.9974300000     4.7394840000
O       17.9393640000     3.0735620000     3.8486780000
O       15.3769370000     2.9960700000     3.2133680000
O       16.1030250000     2.5730330000     5.7606000000
Si       16.5037570000     6.5966350000     4.4017980000
Si       13.9593780000     2.5607940000     2.4984440000
Si       18.8391290000     2.5361430000     2.5740860000
Si       15.7443760000     1.1302530000     6.4733110000
H       17.8913405600     6.8573308000     3.9070238400
H       15.5508605600     6.9622108000     3.2979838400
H       16.2712205600     7.4764908000     5.6136238400
H       12.8237502400     3.3071035200     3.0923555200
H       13.9544302400     2.8581435200     1.0324755200
H       18.4443303200     3.3198514400     1.3715668800
H       13.7106302400     1.1000235200     2.6995155200
H       18.5418503200     1.0943714400     2.3191668800
H       16.4331100800     0.9018602400     7.7959848800
H       14.2637500800     0.9809802400     6.6993448800
H       20.3340103200     2.6832114400     2.7708868800
H       16.1902300800     0.0665002400     5.5392248800
32
# Point 1 Energy = 0.0
C       20.6476020810     3.6558280208     7.5269274263
H       19.0106717220     3.5691496078     6.2210147842
C       19.4463199087     2.9543949409     6.8933704944
H       18.6598868865     2.7495494716     7.7067416023
H       20.5972346062     1.8020997999     5.4332901140
C       19.8221712309     1.6325844067     6.2220477771
H       18.9624620880     1.1613225017     5.7477207991
H       20.2317855151     0.9347716758     6.9259966748
H       21.4134494311     3.8783576571     6.7596957570
H       21.1076166233     3.0465673285     8.2803083799
H       20.3550125899     4.5975793759     7.9879208433
Si       16.4321182305     3.4083932471     4.3950650836
O       16.3145079610     4.9981851287     4.7378760271
O       17.9389052996     3.0740442704     3.8474492337
O       15.3764396080     2.9963867988     3.2123946515
O       16.1026948884     2.5740498976     5.7597127355
Si       16.5033622090     6.5972835491     4.3997322034
Si       13.9588408841     2.5609158545     2.4977005121
Si       18.8385858770     2.5362862296     2.5730113632
Si       15.7441126205     1.1315015104     6.4728316565
H       17.8909081657     6.8578426408     3.9047846866
H       15.5503855259     6.9625540418     3.2958795534
H       16.2709091102     7.4774881207     5.6113232941
H       12.8232537477     3.3073936175     3.0914805986
H       13.9537862759     2.8578495247     1.0316470447
H       18.4437144578     3.3196473506     1.3702901246
H       13.7101021887     1.1002012101     2.6992013028
H       18.5412991095     1.0944352530     2.3185124071
H       16.4329421408     0.9034739879     7.7955324511
H       14.2635051574     0.9822871095     6.6990226517
H       20.3334921493     2.6834013554     2.7696573975
H       16.1899023103     0.0674765152     5.5390257288
32
# Point 2 Energy = 0.0
C       20.6474628332     3.6566070108     7.5271269926
H       19.0455453806     3.5225483330     6.2722945899
C       19.4458666089     2.9604007000     6.8851214620
H       18.6279015225     2.7429871837     7.7383770619
H       20.6102621703     1.8063011201     5.4187445227
C       19.8208411499     1.6322526085     6.2231736349
H       18.9676815915     1.1654013728     5.7508830380
H       20.2229605335     0.9495991115     6.9114842938
H       21.4194009494     3.8811546459     6.7516743399
H       21.0990256543     3.0595784470     8.2652090839
H       20.3564455220     4.5938465060     7.9840615708
Si       16.4317228729     3.4090613222     4.3939030185
O       16.3140975728     4.9989502611     4.7362557100
O       17.9384464835     3.0745502145     3.8462274936
O       15.3759444704     2.9967000553     3.2114121658
O       16.1023553796     2.5750781611     5.7588206761
Si       16.5029310479     6.5979423244     4.3976490616
Si       13.9583136428     2.5610191687     2.4969420418
Si       18.8380575477     2.5364581964     2.5719522522
Si       15.7438483311     1.1327605149     6.4723497083
H       17.8904405521     6.8583751696     3.9025370169
H       15.5498786525     6.9628945248     3.2937498086
H       16.2705447724     7.4784983363     5.6090001429
H       12.8227573714     3.3076570149     3.0905822109
H       13.9531571617     2.8575319579     1.0308026824
H       18.4431139148     3.3194636276     1.3690234125
H       13.7095960231     1.1003589450     2.6988757356
H       18.5407796724     1.0945239239     2.3178763278
H       16.4327660899     0.9051090888     7.7950829293
H       14.2632591353     0.9835914192     6.6986878499
H       20.3329857911     2.6836363028     2.7684537811
H       16.1895901983     0.0684644314     5.5388307440
32
# Point 3 Energy = 0.0
C       20.6472935660     3.6573155305     7.5272828565
H       19.0807970697     3.4759350153     6.3232924783
C       19.4453675667     2.9664396903     6.8768965837
H       18.5963057968     2.7361648100     7.7703356283
H       20.6231167323     1.8106311376     5.4042006455
C       19.8194141226     1.6320146562     6.2243655867
H       18.9727921442     1.1695618051     5.7541516005
H       20.2139774632     0.9644930632     6.8970437246
H       21.4252596633     3.8838834680     6.7435503964
H       21.0903875415     3.0724969465     8.2500578178
H       20.3579271359     4.5900454402     7.9801980639
Si       16.4313200820     3.4097394803     4.3927355283
O       16.3136629305     4.9997256963     4.7346225149
O       17.9379878728     3.0750799651     3.8450130174
O       15.3754521292     2.9970098834     3.2104199775
O       16.1020061611     2.5761182446     5.7579235531
Si       16.5024637722     6.5986115675     4.3955478816
Si       13.9577970457     2.5611039920     2.4961676178
Si       18.8375447202     2.5366588322     2.5709092596
Si       15.7435825413     1.1340305808     6.4718649696
H       17.8899381440     6.8589285213     3.9002805393
H       15.5493405617     6.9632323609     3.2915935645
H       16.2701274393     7.4795218596     5.6066534962
H       12.8222617007     3.3078938729     3.0896589041
H       13.9525441717     2.8571906593     1.0299414216
H       18.4425298120     3.3193000463     1.3677671089
H       13.7091124017     1.1004968139     2.6985379706
H       18.5402927460     1.0946373637     2.3172593397
H       16.4325809035     0.9067662746     7.7946363744
H       14.2630113435     0.9848938089     6.6983398437
H       20.3324918983     2.6839161953     2.7672770678
H       16.1892934202     0.0694644182     5.5386400269
32
# Point 4 Energy = 0.0
C       20.6470946517     3.6579532408     7.5273950280
H       19.1164212085     3.4293073531     6.3740065227
C       19.4448223643     2.9725122620     6.8686965461
H       18.5651103502     2.7290823758     7.8026211041
H       20.6357931654     1.8150867611     5.3896557144
C       19.8178884382     1.6318705554     6.2256245765
H       18.9777912314     1.1738040427     5.7575283257
H       20.2048346551     0.9794551413     6.8826776546
H       21.4310246755     3.8865447833     6.7353233972
H       21.0817019042     3.0853227140     8.2348552328
H       20.3594567608     4.5861753387     7.9763309609
Si       16.4309101124     3.4104279529     4.3915623624
O       16.3132042396     5.0005117071     4.7329759467
O       17.9375298841     3.0756336280     3.8438060601
O       15.3749632191     2.9973163884     3.2094175490
O       16.1016470211     2.5771705702     5.7570211185
Si       16.5019607557     6.5992914945     4.3934280195
Si       13.9572919497     2.5611703794     2.4953763001
Si       18.8370481891     2.5368880476     2.5698829877
Si       15.7433147561     1.1353122402     6.4713772667
H       17.8894014838     6.8595028019     3.8980150078
H       15.5487719916     6.9635676499     3.2894098368
H       16.2696571322     7.4805590697     5.6042825205
H       12.8217674199     3.3081043586     3.0887092666
H       13.9519486632     2.8568254851     1.0290622836
H       18.4419633566     3.3191563718     1.3665215967
H       13.7086520624     1.1006149118     2.6981871809
H       18.5398391446     1.0947754661     2.3166621412
H       16.4323856574     0.9084462284     7.7941928534
H       14.2627612081     0.9861948891     6.6979780191
H       20.3320112106     2.6842409153     2.7661282989
H       16.1890117372     0.0704768755     5.5384536808
32
# Point 5 Energy = 0.0
C       20.6468664241     3.6585199117     7.5274634495
H       19.1524121035     3.3826628429     6.4244348184
C       19.4442305931     2.9786187301     6.8605220900
H       18.5343259607     2.7217399698     7.8352371994
H       20.6482861554     1.8196646916     5.3751068574
C       19.8162622787     1.6318203066     6.2269515457
H       18.9826761999     1.1781283854     5.7610150409
H       20.1955303626     0.9944868606     6.8683886749
H       21.4366949967     3.8891394036     6.7269927277
H       21.0729683962     3.0980559071     8.2196019976
H       20.3610336268     4.5822354806     7.9724607382
Si       16.4304932472     3.4111269579     4.3903832985
O       16.3127217328     5.0013085500     4.7313155459
O       17.9370729676     3.0762112981     3.8426069193
O       15.3744784166     2.9976196709     3.2084043568
O       16.1012777606     2.5782355384     5.7561131435
Si       16.5014224052     6.5999823067     4.3912888795
Si       13.9567992614     2.5612183869     2.4945671443
Si       18.8365687958     2.5371457501     2.5688740885
Si       15.7430444836     1.1366060000     6.4708864318
H       17.8888311519     6.8600981043     3.8957402410
H       15.5481737262     6.9639004842     3.2871976807
H       16.2691338925     7.4816103224     5.6018864324
H       12.8212752576     3.3082886371     3.0877318749
H       13.9513720597     2.8564363023     1.0281642881
H       18.4414158173     3.3190323738     1.3652873094
H       13.7082157887     1.1007133342     2.6978225237
H       18.5394197310     1.0949381246     2.3160854683
H       16.4321794152     0.9101495991     7.7937524451
H       14.2625081560     0.9874952448     6.6976017514
H       20.3315445127     2.6846103398     2.7650085824
H       16.1887449226     0.0715021843     5.5382718147
32
# Point 6 Energy = 0.0
C       20.6466091782     3.6590154303     7.5274879941
H       19.1887639388     3.3359987734     6.4745754867
C       19.4435918529     2.9847593705     6.8523740111
H       18.5039635426     2.7141377425     7.8681875293
H       20.6605902069     1.8243614238     5.3605511002
C       19.8145337271     1.6318639023     6.2283474324
H       18.9874442702     1.1825351835     5.7646135547
H       20.1860627496     1.0095896442     6.8541792845
H       21.4422695428     3.8916682980     6.7185576849
H       21.0641867000     3.1106969590     8.2042987990
H       20.3626568623     4.5782252742     7.9685877038
Si       16.4300697983     3.4118366987     4.3891981428
O       16.3122156705     5.0021164640     4.7296408906
O       17.9366176070     3.0768130577     3.8414159359
O       15.3739984395     2.9979198271     3.2073798917
O       16.1008981917     2.5793135266     5.7551994186
Si       16.5008491618     6.6006841892     4.3891299152
Si       13.9563199360     2.5612480732     2.4937392023
Si       18.8361074280     2.5374318423     2.5678832647
Si       15.7427712324     1.1379123401     6.4703923035
H       17.8882277692     6.8607145069     3.8934561246
H       15.5475465977     6.9642309488     3.2849561936
H       16.2685577845     7.4826759493     5.5994645006
H       12.8207859860     3.3084468735     3.0867252936
H       13.9508158506     2.8560229904     1.0272464531
H       18.4408885244     3.3189278255     1.3640647315
H       13.7078044075     1.1007921788     2.6974431401
H       18.5390354144     1.0951252304     2.3155300957
H       16.4319612254     0.9118769990     7.7933152403
H       14.2622516124     0.9887954348     6.6972104045
H       20.3310926323     2.6850243373     2.7639190948
H       16.1884927588     0.0725407046     5.5380945417
32
# Point 7 Energy = 0.0
C       20.6463231679     3.6594398098     7.5274684671
H       19.2254707904     3.2893122186     6.5244266626
C       19.4429057492     2.9909344160     6.8442531622
H       18.4740341447     2.7062759039     7.9014756124
H       20.6726996515     1.8291732481     5.3459853687
C       19.8127007742     1.6320013260     6.2298131702
H       18.9920925510     1.1870248326     5.7683256511
H       20.1764298983     1.0247648275     6.8400518952
H       21.4477471319     3.8941325972     6.7100174771
H       21.0553565174     3.1232465829     8.1889463430
H       20.3643254892     4.5741442665     7.9647119942
Si       16.4296401044     3.4125573631     4.3880067308
O       16.3116863403     5.0029356698     4.7279515972
O       17.9361643179     3.0774389743     3.8402334956
O       15.3735240453     2.9982169484     3.2063436594
O       16.1005081357     2.5804048882     5.7542797537
Si       16.5002415025     6.6013973101     4.3869506319
Si       13.9558549761     2.5612595012     2.4928915213
Si       18.8356650182     2.5377462197     2.5669112705
Si       15.7424945082     1.1392317131     6.4698947259
H       17.8875919980     6.8613520715     3.8911626136
H       15.5468914885     6.9645591217     3.2826845155
H       16.2679288967     7.4837562563     5.5970160481
H       12.8203004207     3.3085792350     3.0856880746
H       13.9502815908     2.8555854437     1.0263077942
H       18.4403828695     3.3188425021     1.3628544008
H       13.7074187866     1.1008515476     2.6970481536
H       18.5386871481     1.0953366710     2.3149968369
H       16.4317301169     0.9136290020     7.7928813415
H       14.2619909970     0.9900959920     6.6968033297
H       20.3306564399     2.6854827649     2.7628610821
H       16.1882550327     0.0735927751     5.5379219796
32
# Point 8 Energy = 0.0
C       20.6460087329     3.6597932247     7.5274044503
H       19.2625242690     3.2426002558     6.5739882553
C       19.4421720186     2.9971440239     6.8361603586
H       18.4445491141     2.6981546957     7.9351048065
H       20.6846086998     1.8340961718     5.3314063738
C       19.8107613864     1.6322325022     6.2313495905
H       18.9966180822     1.1915977483     5.7721530106
H       20.1666298714     1.0400136055     6.8260087335
H       21.4531265865     3.8965336010     6.7013710372
H       21.0464777170     3.1357058479     8.1735452197
H       20.3660385390     4.5699921968     7.9608333727
Si       16.4292046052     3.4132891157     4.3868088991
O       16.3111341488     5.0037663619     4.7262472986
O       17.9357137078     3.0780890851     3.8390599672
O       15.3730560778     2.9985111240     3.2052951731
O       16.1001075208     2.5815099433     5.7533539548
Si       16.4996000343     6.6021218123     4.3847505639
Si       13.9554054601     2.5612527505     2.4920231665
Si       18.8352425733     2.5380887526     2.5659588302
Si       15.7422139174     1.1405645345     6.4693935294
H       17.8869246277     6.8620108277     3.8888596808
H       15.5462094038     6.9648850739     3.2803818294
H       16.2672474670     7.4848515142     5.5945404370
H       12.8198194655     3.3086859094     3.0846188058
H       13.9497708994     2.8551235871     1.0253473482
H       18.4399003140     3.3187761680     1.3616568362
H       13.7070598582     1.1008915594     2.6966366947
H       18.5383759443     1.0955723142     2.3144864651
H       16.4314852301     0.9154061268     7.7924508283
H       14.2617258318     0.9913974225     6.6963798778
H       20.3302368823     2.6859854399     2.7618357469
H       16.1880316132     0.0746587033     5.5377542182
32
# Point 9 Energy = 0.0
C       20.6456654267     3.6600758523     7.5272963629
H       19.2999292851     3.1958583594     6.6232500868
C       19.4413896573     3.0033884865     6.8280970220
H       18.4155193296     2.6897744083     7.9690789094
H       20.6963111440     1.8391264793     5.3168114316
C       19.8087131063     1.6325576286     6.2329580892
H       19.0010176501     1.1962544974     5.7760976930
H       20.1566603354     1.0553374348     6.8120525626
H       21.4584060155     3.8988727550     6.6926182775
H       21.0375492514     3.1480756963     8.1580968314
H       20.3677942460     4.5657687329     7.9569525475
Si       16.4287633282     3.4140321531     4.3856046661
O       16.3105590002     5.0046087661     4.7245277765
O       17.9352660573     3.0787634954     3.8378961171
O       15.3725951462     2.9988024353     3.2042339843
O       16.0996956924     2.5826290487     5.7524219720
Si       16.4989248670     6.6028578714     4.3825294049
Si       13.9549723441     2.5612278481     2.4911330467
Si       18.8348409663     2.5384593915     2.5650271983
Si       15.7419284221     1.1419112547     6.4688886526
H       17.8862260130     6.8626908704     3.8865476513
H       15.5455009979     6.9652088725     3.2780473399
H       16.2665130428     7.4859620313     5.5920371465
H       12.8193437994     3.3087670063     3.0835157510
H       13.9492854717     2.8546372789     1.0243639921
H       18.4394423341     3.3187286451     1.3604730236
H       13.7067284424     1.1009122769     2.6962077170
H       18.5381027556     1.0958320981     2.3140002575
H       16.4312248803     0.9172089586     7.7920239869
H       14.2614549671     0.9927002298     6.6959393013
H       20.3298347402     2.6865323021     2.7608450304
H       16.1878218842     0.0757388350     5.5375915300
32
# Point 10 Energy = 0.0
C       20.6452936059     3.6602881673     7.5271435595
H       19.3376755409     3.1490832184     6.6722131103
C       19.4405585131     3.0096678318     6.8200640268
H       18.3869561695     2.6811355397     8.0034008328
H       20.7078009400     1.8442597446     5.3021969943
C       19.8065538159     1.6329765637     6.2346394155
H       19.0052881737     1.2009955376     5.7801612573
H       20.1465193159     1.0707373245     6.7981853823
H       21.4635841176     3.9011517181     6.6837578380
H       21.0285711229     3.1603578136     8.1426017256
H       20.3695915020     4.5614739482     7.9530688131
Si       16.4283168260     3.4147865967     4.3843939232
O       16.3099614334     5.0054630276     4.7227927444
O       17.9348220850     3.0794621910     3.8367423735
O       15.3721422104     2.9990909628     3.2031596477
O       16.0992726714     2.5837624614     5.7514836488
Si       16.4982167639     6.6036055837     4.3802867985
Si       13.9545568226     2.5611848960     2.4902202522
Si       18.8344613153     2.5388579685     2.5641171561
Si       15.7416376972     1.1432722189     6.4683799365
H       17.8854971054     6.8633921746     3.8842266212
H       15.5447674463     6.9655305731     3.2756803397
H       16.2657260221     7.4870880118     5.5895056602
H       12.8188744493     3.3088227387     3.0823775285
H       13.9488270571     2.8541264931     1.0233567937
H       18.4390105222     3.3186996854     1.3593035508
H       13.7064255661     1.1009138420     2.6957603491
H       18.5378686885     1.0961158617     2.3135390186
H       16.4309482634     0.9190379136     7.7916009071
H       14.2611779911     0.9940048635     6.6954809490
H       20.3294510712     2.6871231090     2.7598902045
H       16.1876257748     0.0768334195     5.5374340012
32
# Point 11 Energy = 0.0
C       20.6448940911     3.6604309445     7.5269446405
H       19.3757433557     3.1022724798     6.7208858840
C       19.4396789393     3.0159818900     6.8120618834
H       18.3588721245     2.6722383653     8.0380732747
H       20.7190720931     1.8494909783     5.2875589197
C       19.8042815961     1.6334889349     6.2363939002
H       19.0094266691     1.2058212325     5.7843448960
H       20.1362050082     1.0862139601     6.7844087001
H       21.4686598914     3.9033723469     6.6747874443
H       21.0195439390     3.1725544951     8.1270598602
H       20.3714295462     4.5571083093     7.9491803998
Si       16.4278659527     3.4155525130     4.3831764658
O       16.3093423549     5.0063292291     4.7210418743
O       17.9343827558     3.0801850846     3.8355989336
O       15.3716984234     2.9993767916     3.2020716993
O       16.0988388735     2.5849103521     5.7505387364
Si       16.4974768654     6.6043649876     4.3780223764
Si       13.9541602134     2.5611240542     2.4892839609
Si       18.8341048656     2.5392842581     2.5632291647
Si       15.7413418387     1.1446476744     6.4678671188
H       17.8847391974     6.8641146398     3.8818965663
H       15.5440102180     6.9658502273     3.2732802001
H       16.2648873021     7.4882295724     5.5869454935
H       12.8184126336     3.3088533862     3.0812029597
H       13.9483974132     2.8535913042     1.0223249176
H       18.4386065157     3.3186890270     1.3581487405
H       13.7061523618     1.1008964553     2.6952937865
H       18.5376749210     1.0964234012     2.3131032175
H       16.4306551007     0.9208932565     7.7911815107
H       14.2608949291     0.9953117035     6.6950041863
H       20.3290870785     2.6877575203     2.7589720996
H       16.1874435316     0.0779426252     5.5372815485
32
# Point 12 Energy = 0.0
C       20.6444508357     3.6605009375     7.5267207048
H       19.4144157367     3.0553661549     6.7690094445
C       19.4387340504     3.0223362969     6.8041050656
H       18.3312463443     2.6630938545     8.0731023603
H       20.7301171059     1.8548275562     5.2729153205
C       19.8018893926     1.6341017212     6.2382395715
H       19.0134300441     1.2107330909     5.7886646023
H       20.1257109363     1.1017781860     6.7707441772
H       21.4736200639     3.9055335134     6.6657319708
H       21.0104465134     3.1846584287     8.1114922114
H       20.3732936134     4.5526670162     7.9453124859
Si       16.4274017948     3.4163318780     4.3819561778
O       16.3086906445     5.0072095051     4.7192774742
O       17.9339412617     3.0809347521     3.8344751094
O       15.3712592371     2.9996603355     3.2009706819
O       16.0983812125     2.5860754785     5.7495905876
Si       16.4966941884     6.6051380830     4.3757379250
Si       13.9537807267     2.5610442787     2.4883201413
Si       18.8337695454     2.5397405096     2.5623760307
Si       15.7410262288     1.1460406721     6.4673533717
H       17.8839428452     6.8648608217     3.8795638605
H       15.5432219078     6.9661683937     3.2708451647
H       16.2639811505     7.4893894364     5.5843569790
H       12.8179540241     3.3088575810     3.0799835387
H       13.9479996382     2.8530295900     1.0212641030
H       18.4382318904     3.3186977752     1.3570194744
H       13.7059072846     1.1008590666     2.6948042103
H       18.5375211889     1.0967565963     2.3127056976
H       16.4303263535     0.9227794604     7.7907715017
H       14.2605904810     0.9966229855     6.6945071977
H       20.3287399143     2.6884389175     2.7581085551
H       16.1872644450     0.0790691266     5.5371396629
32
# Point 13 Energy = 0.0
C       20.6440326017     3.6605551936     7.5264120049
H       19.4525184300     3.0085743950     6.8176332801
C       19.4378066951     3.0286890396     6.7961314733
H       18.3039382902     2.6537977040     8.1082955271
H       20.7410516022     1.8601707398     5.2582041447
C       19.7994532786     1.6347377051     6.2400830040
H       19.0173673002     1.2156752525     5.7930165696
H       20.1151430341     1.1173540184     6.7570829115
H       21.4785531784     3.9076820308     6.6565454902
H       21.0013781637     3.1967590195     8.0958468178
H       20.3752050153     4.5482133223     7.9413642615
Si       16.4269599033     3.4171115540     4.3807238736
O       16.3080587575     5.0080896679     4.7175016756
O       17.9335217036     3.0816891480     3.8333356651
O       15.3708394046     2.9999426661     3.1998609043
O       16.0979508681     2.5872394635     5.7486306739
Si       16.4959272844     6.6059114330     4.3734420122
Si       13.9534192156     2.5609608128     2.4873519388
Si       18.8334547462     2.5402046517     2.5615049990
Si       15.7407427983     1.1474314113     6.4668278574
H       17.8831605702     6.8656101908     3.8772164891
H       15.5424460597     6.9664850942     3.2684010715
H       16.2630918002     7.4905487473     5.5817576821
H       12.8175137733     3.3088554530     3.0787637259
H       13.9476145831     2.8524648857     1.0201991496
H       18.4378729205     3.3187138692     1.3558736737
H       13.7056837814     1.1008174705     2.6943103128
H       18.5373913717     1.0970970768     2.3122902754
H       16.4300333852     0.9246642048     7.7903478861
H       14.2603190853     0.9979286110     6.6940018799
H       20.3284132970     2.6891322164     2.7572237281
H       16.1871177016     0.0801949512     5.5369844015
32
# Point 14 Energy = 0.0
C       20.6456076459     3.6561125022     7.5305843493
H       19.4153936219     3.0619815862     6.7577138528
C       19.4394917750     3.0290442677     6.7930470459
H       18.2795057761     2.6380620344     8.1484065321
H       20.7484495977     1.8603657022     5.2426559191
C       19.7944896735     1.6300518828     6.2420122934
H       19.0167839769     1.2190026489     5.7974707756
H       20.1012614869     1.1250643732     6.7414395741
H       21.4849281920     3.9062476871     6.6515768451
H       20.9949627273     3.2048775477     8.0846867246
H       20.3781564495     4.5389908114     7.9418551218
Si       16.4301438991     3.4151199568     4.3836570876
O       16.3118261684     5.0060490969     4.7208695070
O       17.9367185200     3.0791896308     3.8366313220
O       15.3741915276     2.9987940425     3.2023127284
O       16.1002475959     2.5849397018     5.7511998289
Si       16.5005555355     6.6038795586     4.3773708022
Si       13.9568140220     2.5606874904     2.4892120188
Si       18.8368656859     2.5377307762     2.5650120894
Si       15.7421585036     1.1450970840     6.4687959060
H       17.8880767028     6.8631026510     3.8817052030
H       15.5476200658     6.9652307514     3.2721059814
H       16.2676997253     7.4882598463     5.5858733009
H       12.8210553747     3.3089147140     3.0804875212
H       13.9516160795     2.8526515772     1.0221471643
H       18.4420573366     3.3167812782     1.3594767857
H       13.7083413279     1.1005911454     2.6956319637
H       18.5402698132     1.0948226639     2.3152352727
H       16.4308911627     0.9215958637     7.7924965502
H       14.2615911025     0.9961836856     6.6954191889
H       20.3318318210     2.6859361554     2.7612924536
H       16.1883777072     0.0779432863     5.5387836501
32
# Point 15 Energy = 0.0
C       20.6452020183     3.6560599240     7.5300950036
H       19.4531081583     3.0153789976     6.8067347140
C       19.4385312848     3.0354366831     6.7850878774
H       18.2532536981     2.6282233586     8.1842372133
H       20.7589636622     1.8658262581     5.2278079487
C       19.7918630537     1.6308189818     6.2439294873
H       19.0205039229     1.2240519075     5.8019824275
H       20.0903870054     1.1408079567     6.7279541499
H       21.4897002588     3.9083040528     6.6420615706
H       20.9858538624     3.2168623347     8.0688836732
H       20.3801981497     4.5344393634     7.9377732895
Si       16.4297230847     3.4159114586     4.3823994974
O       16.3111902489     5.0069409163     4.7190604416
O       17.9363303963     3.0799796867     3.8354805837
O       15.3738041545     2.9990695418     3.2011738855
O       16.0998395181     2.5861147242     5.7502144432
Si       16.4997649231     6.6046657882     4.3750361842
Si       13.9564944196     2.5605749631     2.4882092840
Si       18.8366021990     2.5382417468     2.5641392624
Si       15.7419128044     1.1464956378     6.4682463656
H       17.8872711405     6.8638824279     3.8793294351
H       15.5468243917     6.9655419985     3.2696137548
H       16.2667644022     7.4894340273     5.5832294673
H       12.8206437498     3.3088694818     3.0792252194
H       13.9512758257     2.8520530295     1.0210467147
H       18.4417466482     3.3168334980     1.3583232453
H       13.7081791139     1.1005176140     2.6951070632
H       18.5402178350     1.0952040361     2.3148203617
H       16.4306285417     0.9235026825     7.7920552221
H       14.2613577620     0.9974757733     6.6948781732
H       20.3315523942     2.6867024228     2.7604181016
H       16.1882919719     0.0790807263     5.5386112990
