32
# Point -15 Energy = 0.0
C       20.6798578762     3.6100012587     7.5210285670
H       19.0107309244     3.5774197243     6.1577368734
C       19.4903233967     2.9020471426     6.8748634715
H       18.7460406858     2.6911493170     7.6577856830
H       20.6248666064     1.8075064412     5.3833977912
C       19.8843802870     1.6055929312     6.1643838212
H       19.0316364243     1.1228676765     5.6652047403
H       20.3244811345     0.8835021581     6.8608465694
H       21.4341972042     3.8640094833     6.7681975598
H       21.1570488030     2.9755084974     8.2733731564
H       20.3664071630     4.5376180800     8.0095160512
Si       16.4707819586     3.3744890896     4.3821863523
O       16.3322251560     4.9554684257     4.7919116856
O       18.0215661816     3.0871738206     3.8698157819
O       15.4189752165     2.9969344390     3.1826020072
O       16.0120331585     2.4842449047     5.6728959267
Si       16.3857279656     6.5621942798     4.4031589369
Si       13.9797744676     2.3518934076     2.6551335428
Si       18.7277438239     2.5992303556     2.4320304433
Si       15.9944264071     1.2886659272     6.7872984859
H       17.8435349873     6.8736038391     3.9962392599
H       15.5020002460     6.9288319589     3.3891332824
H       16.2187101219     7.3982832845     5.7139573640
H       12.8684340447     3.1396647154     3.0323474134
H       14.0717452981     2.8107566671     1.0089376399
H       18.4492221525     3.3937816926     1.3746090266
H       13.8604173968     1.0242755501     2.6633151363
H       18.6046041281     1.1710932961     2.2445916080
H       16.1475193968     1.1799480998     7.7875247184
H       14.0424710886     1.3590890956     6.3946136581
H       20.3544818897     2.7668691327     2.7673178845
H       15.8116150085     0.1495873081     5.8412109216
32
# Point -14 Energy = 0.0
C       20.6734304518     3.6131913205     7.5230555935
H       19.0053580396     3.5807973627     6.1586642847
C       19.4831656379     2.9059222648     6.8775609374
H       18.7373190745     2.6972121326     7.6593098330
H       20.6184251584     1.8060330396     5.3901178200
C       19.8757011735     1.6075256684     6.1700443261
H       19.0221227378     1.1256561630     5.6718529441
H       20.3130666668     0.8859951864     6.8688045284
H       21.4290244796     3.8640205235     6.7703441093
H       21.1488523932     2.9795402553     8.2772390698
H       20.3615448458     4.5425611954     8.0092667160
Si       16.4666176323     3.3786491681     4.3810575392
O       16.3303403571     4.9606076140     4.7854684511
O       18.0147751888     3.0867766331     3.8677639205
O       15.4154054043     2.9990012549     3.1817520287
O       16.0144708888     2.4928812323     5.6771109991
Si       16.3955328124     6.5668232710     4.3988389339
Si       13.9740245628     2.3719906843     2.6421612311
Si       18.7354736663     2.5934688878     2.4409474752
Si       15.9973668289     1.2725765218     6.7658117858
H       17.8497072350     6.8722690533     3.9868729572
H       15.5087073883     6.9340669939     3.3777262755
H       16.2238138852     7.4070683991     5.7025243989
H       12.8634070977     3.1614998259     3.0349486832
H       14.0592452396     2.8189094841     1.0072343572
H       18.4515547217     3.3876959308     1.3730563779
H       13.8428134290     1.0347296239     2.6615593233
H       18.5991447543     1.1636222461     2.2507922267
H       16.1813879327     1.1521285715     7.7929564419
H       14.0654084017     1.3194428583     6.4397905042
H       20.3536745151     2.7584676597     2.7676431842
H       15.8570979992     0.1321709739     5.8148881028
32
# Point -13 Energy = 0.0
C       20.6676616854     3.6165429471     7.5248539748
H       19.0004176666     3.5842095909     6.1596439334
C       19.4765803094     2.9098917153     6.8802650003
H       18.7293121899     2.7033886117     7.6609709413
H       20.6123256398     1.8046135021     5.3967284906
C       19.8675101730     1.6095351090     6.1757182488
H       19.0130295272     1.1284752583     5.6786801973
H       20.3022773017     0.8886282837     6.8767374753
H       21.4243708354     3.8641731653     6.7721306379
H       21.1414601465     2.9837956743     8.2808275874
H       20.3573995479     4.5476741729     8.0087880736
Si       16.4625977586     3.3826646579     4.3804155060
O       16.3286243000     4.9655986456     4.7794489140
O       18.0080404049     3.0862542968     3.8659742572
O       15.4117803709     3.0008327808     3.1815967100
O       16.0173167462     2.5014546522     5.6818875740
Si       16.4052395325     6.5712312875     4.3949522064
Si       13.9687535469     2.3913754996     2.6298751924
Si       18.7429165918     2.5876265933     2.4501853231
Si       15.9973589526     1.2567068409     6.7439635012
H       17.8556354560     6.8709190578     3.9777325361
H       15.5151031120     6.9389368900     3.3668926067
H       16.2290051581     7.4156293722     5.6914905891
H       12.8586339169     3.1821204460     3.0380467031
H       14.0472252134     2.8264055070     1.0062992296
H       18.4532868238     3.3813714722     1.3718439179
H       13.8260134344     1.0446252356     2.6608707505
H       18.5934917966     1.1561932419     2.2572308034
H       16.2134625762     1.1244269391     7.7970681364
H       14.0882305978     1.2807051300     6.4805796527
H       20.3525804451     2.7500792155     2.7680903406
H       15.9003388424     0.1172162078     5.7873763490
32
# Point -12 Energy = 0.0
C       20.6625592750     3.6200193136     7.5264190464
H       18.9959254111     3.5876232356     6.1606604851
C       19.4705937694     2.9139120480     6.8829448222
H       18.7220455377     2.7095976006     7.6627286101
H       20.6066281827     1.8032701773     5.4031748084
C       19.8598662727     1.6116058944     6.1813415300
H       19.0044290481     1.1313058480     5.6856044828
H       20.2921841333     0.8913754689     6.8845647493
H       21.4202433942     3.8644675356     6.7735635391
H       21.1348894499     2.9882266220     8.2841196348
H       20.3539555992     4.5529000479     8.0080988042
Si       16.4587512144     3.3864994738     4.3802245184
O       16.3270679720     4.9703909980     4.7738597752
O       18.0013996888     3.0856168925     3.8644133682
O       15.4081440924     3.0024050263     3.1820837513
O       16.0206125904     2.5098844045     5.6871583660
Si       16.4148075059     6.5753840062     4.3915427778
Si       13.9640044826     2.4099897569     2.6182125997
Si       18.7501337932     2.5817735410     2.4596919695
Si       15.9943732590     1.2411782173     6.7218533705
H       17.8612752247     6.8695599999     3.9688803984
H       15.5211412495     6.9434144194     3.3566826473
H       16.2342128046     7.4238908374     5.6809241082
H       12.8541281364     3.2014374660     3.0415853270
H       14.0357318222     2.8332135243     1.0060771291
H       18.4544677201     3.3748985728     1.3709421603
H       13.8100957177     1.0538976389     2.6611582015
H       18.5877404301     1.1488750122     2.2638187917
H       16.2436361356     1.0971365070     7.7999633160
H       14.1105839590     1.2431255170     6.5170864589
H       20.3512515561     2.7417972603     2.7686288592
H       15.9411011718     0.1046291364     5.7591569533
32
# Point -11 Energy = 0.0
C       20.6581240742     3.6235800321     7.5277470761
H       18.9918918655     3.5910034750     6.1616975952
C       19.4652261527     2.9179370385     6.8855684473
H       18.7155372850     2.7157546769     7.6645403574
H       20.6013884708     1.8020232676     5.4094004992
C       19.8528227908     1.6137199638     6.1868479974
H       18.9963883364     1.1341266267     5.6925402600
H       20.2828513682     0.8942068198     6.8922033581
H       21.4166436376     3.8649007552     6.7746510353
H       21.1291495723     2.9927802353     8.2870970366
H       20.3511900900     4.5581783233     8.0072192485
Si       16.4551042075     3.3901185381     4.3804447513
O       16.3256597172     4.9749356148     4.7687051629
O       17.9948890684     3.0848754310     3.8630448093
O       15.4045395113     3.0036964043     3.1831549623
O       16.0243952279     2.5180896292     5.6928511650
Si       16.4241945606     6.5792495179     4.3886541283
Si       13.9598182955     2.4277807446     2.6071041673
Si       18.7571864595     2.5759816733     2.4694127249
Si       15.9884011466     1.2261171024     6.6995824003
H       17.8665815933     6.8682004981     3.9603798347
H       15.5267757202     6.9474764481     3.3471455763
H       16.2393626982     7.4317790980     5.6708934555
H       12.8499018328     3.2193659286     3.0455024630
H       14.0248118696     2.8393085702     1.0065061769
H       18.4551486895     3.3683711086     1.3703193568
H       13.7951360439     1.0624860469     2.6623211667
H       18.5819854918     1.1417376489     2.2704628761
H       16.2718124584     1.0705541902     7.8017596164
H       14.1321475215     1.2069670754     6.5494573493
H       20.3497398045     2.7337165322     2.7692272505
H       15.9791750380     0.0942829849     5.7307230551
32
# Point -10 Energy = 0.0
C       20.6543504582     3.6271818719     7.5288352458
H       18.9883227567     3.5943144133     6.1627381235
C       19.4604914399     2.9219184313     6.8881031916
H       18.7097984096     2.7217733696     7.6663621993
H       20.5966572389     1.8008907478     5.4153485865
C       19.8464269608     1.6158569477     6.1921701327
H       18.9889685793     1.1369144970     5.6993995157
H       20.2743358128     0.8970890419     6.8995689384
H       21.4135677117     3.8654671963     6.7754029457
H       21.1242419699     2.9973998268     8.2897426609
H       20.3490735830     4.5634459406     8.0061711280
Si       16.4516801007     3.3934882512     4.3810329169
O       16.3243855885     4.9791855577     4.7639867393
O       17.9885423985     3.0840417889     3.8618295879
O       15.4010080592     3.0046879758     3.1847471522
O       16.0286961799     2.5259904234     5.6988899221
Si       16.4333576765     6.5827987065     4.3863287569
Si       13.9562333074     2.4447017493     2.5964754294
Si       18.7641349578     2.5703239061     2.4792908292
Si       15.9794555260     1.2116546448     6.6772526774
H       17.8715097842     6.8668515385     3.9522942725
H       15.5319612272     6.9511041417     3.3383288902
H       16.2443789263     7.4392230655     5.6614667412
H       12.8459654449     3.2358259541     3.0497311437
H       14.0145116859     2.8446719097     1.0075187862
H       18.4553823194     3.3618853547     1.3699417748
H       13.7812067452     1.0703342747     2.6642515893
H       18.5763202447     1.1348518008     2.2770660717
H       16.2979041261     1.0449754603     7.8025893951
H       14.1526363919     1.1725036141     6.5778736266
H       20.3480965423     2.7259319250     2.7698532934
H       16.0143784465     0.0860176729     5.7025730958
32
# Point -9 Energy = 0.0
C       20.6512266983     3.6307794446     7.5296816399
H       18.9852191063     3.5975196230     6.1637643408
C       19.4563975480     2.9258066620     6.8905160225
H       18.7048328749     2.7275663463     7.6681492009
H       20.5924797983     1.7998883028     5.4209619901
C       19.8407195482     1.6179945748     6.1972398374
H       18.9822245280     1.1396449905     5.7060928018
H       20.2666864023     0.8999860611     6.9065767135
H       21.4110067340     3.8661587125     6.7758304834
H       21.1201606076     3.0020257636     8.2920405674
H       20.3475708265     4.5686381904     8.0049772614
Si       16.4484992588     3.3965769319     4.3819428574
O       16.3232297020     4.9830965895     4.7597037718
O       17.9823910340     3.0831286323     3.8607266337
O       15.3975892054     3.0053636763     3.1867929791
O       16.0335414914     2.5335088652     5.7051957659
Si       16.4422536757     6.5860055360     4.3846077118
Si       13.9532848239     2.4607126099     2.5862479192
Si       18.7710380361     2.5648732530     2.4892680701
Si       15.9675711276     1.1979260677     6.6549671282
H       17.8760158543     6.8655262830     3.9446865289
H       15.5366539347     6.9542830703     3.3302778747
H       16.2491849699     7.4461550712     5.6527109259
H       12.8423277550     3.2507436269     3.0542004691
H       14.0048765050     2.8492910104     1.0090426444
H       18.4552218042     3.3555387757     1.3697740028
H       13.7683758870     1.0773913710     2.6668355345
H       18.5708351789     1.1282879227     2.2835288473
H       16.3218308932     1.0206896826     7.8026002043
H       14.1718038953     1.1400163136     6.6025454601
H       20.3463718354     2.7185373817     2.7704743474
H       16.0465590600     0.0796406576     5.6752048244
32
# Point -8 Energy = 0.0
C       20.6487352897     3.6343258026     7.5302852671
H       18.9825773663     3.6005826117     6.1647581375
C       19.4529463971     2.9295515077     6.8927739373
H       18.7006377773     2.7330465034     7.6698559951
H       20.5888955697     1.7990292590     5.4261841555
C       19.8357344737     1.6201090461     6.2019891974
H       18.9762039340     1.1422926694     5.7125302457
H       20.2599437379     0.9028595900     6.9131424440
H       21.4089470541     3.8669648034     6.7759461217
H       21.1168922355     3.0065962609     8.2939761858
H       20.3466413998     4.5736895051     8.0036613159
Si       16.4455789005     3.3993551940     4.3831260861
O       16.3221745643     4.9866276511     4.7558531673
O       17.9764635090     3.0821493098     3.8596932668
O       15.3943200320     3.0057105013     3.1892217301
O       16.0389515551     2.5405699535     5.7116879197
Si       16.4508398653     6.5888472177     4.3835301039
Si       13.9510047809     2.4757801858     2.5763402001
Si       18.7779520606     2.5597019700     2.4992854221
Si       15.9528044837     1.1850698202     6.6328292036
H       17.8800572987     6.8642397742     3.9376181068
H       15.5408121013     6.9570031934     3.3230350528
H       16.2537048038     7.4525115061     5.6446910367
H       12.8389959210     3.2640518055     3.0588363756
H       13.9959499115     2.8531594886     1.0110015902
H       18.4547202701     3.3494288371     1.3697792895
H       13.7567065058     1.0836122073     2.6699547156
H       18.5656168721     1.1221155754     2.2897502584
H       16.3435195947     0.9979762409     7.8019548231
H       14.1894427559     1.1097896831     6.6237065012
H       20.3446137940     2.7116248091     2.7710577361
H       16.0755957847     0.0749295167     5.6491097714
32
# Point -7 Energy = 0.0
C       20.6468531997     3.6377729152     7.5306461450
H       18.9803895043     3.6034671792     6.1657012525
C       19.4501339285     2.9331026246     6.8948443541
H       18.6972034354     2.7381279120     7.6714372775
H       20.5859376197     1.7983244814     5.4309597304
C       19.8314984307     1.6221753460     6.2063512549
H       18.9709470044     1.1448314728     5.7186225349
H       20.2541396239     0.9056696310     6.9191833783
H       21.4073704394     3.8678726863     6.7757635610
H       21.1144165849     3.0110480489     8.2955365494
H       20.3462402490     4.5785340936     8.0022476212
Si       16.4429329446     3.4017962258     4.3845322794
O       16.3212013464     4.9897411983     4.7524294811
O       17.9707852205     3.0811176903     3.8586856718
O       15.3912348359     3.0057186172     3.1919600250
O       16.0449409326     2.5471024140     5.7182845129
Si       16.4590745981     6.5913042273     4.3831326330
Si       13.9494214541     2.4898786970     2.5666687356
Si       18.7849302981     2.5548807140     2.5092837148
Si       15.9352335761     1.1732264891     6.6109424932
H       17.8835935671     6.8630085195     3.9311485653
H       15.5443966418     6.9592586996     3.3166396315
H       16.2578638684     7.4582332548     5.6374693924
H       12.8359755461     3.2756908048     3.0635622171
H       13.9877733737     2.8562769998     1.0133163725
H       18.4539301452     3.3436518392     1.3699199337
H       13.7462559324     1.0889579801     2.6734878453
H       18.5607469357     1.1164027647     2.2956290831
H       16.3629060523     0.9771017471     7.8008304696
H       14.2053855834     1.0821069982     6.6416093723
H       20.3428679269     2.7052830103     2.7715712184
H       16.1013998005     0.0716367177     5.6247680529
32
# Point -6 Energy = 0.0
C       20.6455520312     3.6410720117     7.5307654574
H       18.9786430382     3.6061376462     6.1665755364
C       19.4479500780     2.9364099554     6.8966955307
H       18.6945134253     2.7427265933     7.6728482914
H       20.5836322130     1.7977822292     5.4352352945
C       19.8280305119     1.6241674703     6.2102607964
H       18.9664858948     1.1472349845     5.7242818825
H       20.2492966214     0.9083748958     6.9246192083
H       21.4062541831     3.8688672723     6.7752978098
H       21.1127064856     3.0153169029     8.2967105945
H       20.3463180997     4.5831064081     8.0007610641
Si       16.4405718520     3.4038759386     4.3861097352
O       16.3202900947     4.9924033676     4.7494249219
O       17.9653781211     3.0800479250     3.8576593894
O       15.3883647628     3.0053813627     3.1949324590
O       16.0515181770     2.5530393325     5.7249033069
Si       16.4669177277     6.5933601530     4.3834491490
Si       13.9485592337     2.5029898928     2.5571486218
Si       18.7920222572     2.5504776999     2.5192043437
Si       15.9149571772     1.1625374754     6.5894102926
H       17.8865864716     6.8618499465     3.9253349885
H       15.5473715918     6.9610476792     3.3111269759
H       16.2615898801     7.4632658989     5.6311048639
H       12.8332707768     3.2856088958     3.0682991872
H       13.9803858616     2.8586490285     1.0159053088
H       18.4529025798     3.3383017636     1.3701577364
H       13.7370752131     1.0933965727     2.6773118285
H       18.5563010693     1.1112152995     2.3010649704
H       16.3799391360     0.9583184594     7.7994168524
H       14.2195049331     1.0572454667     6.6565220148
H       20.3411765321     2.6995966360     2.7719835586
H       16.1239145689     0.0694968361     5.6026433892
32
# Point -5 Energy = 0.0
C       20.6447981321     3.6441738059     7.5306457820
H       18.9773210381     3.6085589573     6.1673632563
C       19.4463787309     2.9394240101     6.8982970142
H       18.6925445925     2.7467611244     7.6740453161
H       20.5819984142     1.7974079730     5.4389601410
C       19.8253418805     1.6260585732     6.2136551610
H       18.9628442728     1.1494766154     5.7294229881
H       20.2454276625     0.9109331452     6.9293730346
H       21.4055711590     3.8699310672     6.7745653658
H       21.1117279392     3.0193380544     8.2974895194
H       20.3468217723     4.5873414599     7.9992270600
Si       16.4385024724     3.4055729697     4.3878058263
O       16.3194198777     4.9945839625     4.7468293782
O       17.9602604340     3.0789541254     3.8565698409
O       15.3857374794     3.0046951129     3.1980622208
O       16.0586856783     2.5583185966     5.7314623674
Si       16.4743309473     6.5950013664     4.3845102720
Si       13.9484384670     2.5151030088     2.5476942322
Si       18.7992730982     2.5465578519     2.5289900313
Si       15.8920939408     1.1531434603     6.5683351663
H       17.8890004712     6.8607817317     3.9202315583
H       15.5497044550     6.9623716185     3.3065281371
H       16.2648134693     7.4675596897     5.6256521935
H       12.8308844211     3.2937625778     3.0729666447
H       13.9738235414     2.8602865326     1.0186848918
H       18.4516869203     3.3334691255     1.3704545243
H       13.7292086407     1.0969027322     2.6813028482
H       18.5523482451     1.1066161535     2.3059596080
H       16.3945866754     0.9418638178     7.7979128638
H       14.2317131463     1.0354714453     6.6687246215
H       20.3395781398     2.6946451587     2.7722651870
H       16.1431144852     0.0682361761     5.5831783078
32
# Point -4 Energy = 0.0
C       20.6445526996     3.6470286409     7.5302913637
H       18.9764021346     3.6106966807     6.1680474387
C       19.4453977073     2.9420960475     6.8996201167
H       18.6912670964     2.7501531004     7.6749861626
H       20.5810477771     1.7972041962     5.4420870900
C       19.8234355318     1.6278210540     6.2164750629
H       18.9600369977     1.1515297135     5.7339639956
H       20.2425357838     0.9133014717     6.9333723310
H       21.4052898659     3.8710440329     6.7735844641
H       21.1114402128     3.0230465220     8.2978671770
H       20.3476944486     4.5911750237     7.9976715779
Si       16.4367279149     3.4068685420     4.3895674734
O       16.3185688850     4.9962562679     4.7446304872
O       17.9554464072     3.0778499630     3.8553728918
O       15.3833768936     3.0036589988     3.2012717235
O       16.0664395644     2.5628831504     5.7378807236
Si       16.4812780130     6.5962165354     4.3863430858
Si       13.9490753635     2.5262144959     2.5382198443
Si       18.8067231197     2.5431819514     2.5385856351
Si       15.8667813175     1.1451827096     6.5478185517
H       17.8908028369     6.8598210266     3.9158892252
H       15.5513664237     6.9632347237     3.3028694570
H       16.2674686549     7.4710693134     5.6211613902
H       12.8288180782     3.3001166031     3.0774824208
H       13.9681195270     2.8612054171     1.0215704027
H       18.4503302282     3.3292398305     1.3707727412
H       13.7226934017     1.0994580348     2.6853374147
H       18.5489500353     1.1026648253     2.3102179153
H       16.4068424972     0.9279608135     7.7965219428
H       14.2419620603     1.0170360374     6.6785067063
H       20.3381070195     2.6905018840     2.7723889279
H       16.1590021028     0.0675843927     5.5667896192
32
# Point -3 Energy = 0.0
C       20.6447719368     3.6495865973     7.5297083954
H       18.9758605716     3.6125169431     6.1686122330
C       19.4449788269     2.9443781950     6.9006383975
H       18.6906445440     2.7528274937     7.6756306715
H       20.5807841609     1.7971702079     5.4445733029
C       19.8223061922     1.6294266147     6.2186654067
H       18.9580699551     1.1533676267     5.7378274451
H       20.2406140321     0.9154365575     6.9365498875
H       21.4053745119     3.8721834552     6.7723753387
H       21.1117960147     3.0263774112     8.2978404609
H       20.3488759485     4.5945437842     7.9961211818
Si       16.4352474618     3.4077462047     4.3913416565
O       16.3177144962     4.9973967256     4.7428137611
O       17.9509461236     3.0767482142     3.8540254514
O       15.3813029270     3.0022744982     3.2044832829
O       16.0747696907     2.5666810922     5.7440790427
Si       16.4877248666     6.5969960142     4.3889709073
Si       13.9504819574     2.5363275328     2.5286403038
Si       18.8144073279     2.5404057994     2.5479389874
Si       15.8391743683     1.1387892838     6.5279604394
H       17.8919637048     6.8589836152     3.9123554570
H       15.5523324716     6.9636431079     3.3001722656
H       16.2694931798     7.4737534955     5.6176772031
H       12.8270722766     3.3046437658     3.0817631832
H       13.9633036665     2.8614258364     1.0244765860
H       18.4488768365     3.3256940513     1.3710760903
H       13.7175593385     1.1010506466     2.6892934445
H       18.5461600881     1.0994167044     2.3137492526
H       16.4167336282     0.9168187830     7.7954463807
H       14.2502425611     1.0021713357     6.6861638480
H       20.3367927625     2.6872330191     2.7723307559
H       16.1716041715     0.0672873875     5.5538643396
32
# Point -2 Energy = 0.0
C       20.6454073046     3.6517976131     7.5289052647
H       18.9756663357     3.6139863417     6.1690432726
C       19.4450880891     2.9462235512     6.9013281254
H       18.6906342546     2.7547129579     7.6759411977
H       20.5812036968     1.7973020018     5.4463810565
C       19.8219403819     1.6308463235     6.2201760694
H       18.9569400700     1.1549637532     5.7409412008
H       20.2396455756     0.9172949423     6.9388447039
H       21.4057851768     3.8733238588     6.7709604456
H       21.1127418054     3.0292662289     8.2974096395
H       20.3503030680     4.5973854741     7.9946030491
Si       16.4340565387     3.4081914985     4.3930759683
O       16.3168333418     4.9979845216     4.7413627706
O       17.9467653780     3.0756602854     3.8524860941
O       15.3795313457     3.0005449370     3.2076198570
O       16.0836597428     2.5696656612     5.7499803316
Si       16.4936396796     6.5973311662     4.3924131240
Si       13.9526661151     2.5454513633     2.5188717648
Si       18.8223550889     2.5382794233     2.5570017380
Si       15.8094445308     1.1340912327     6.5088591487
H       17.8924560414     6.8582830576     3.9096740379
H       15.5525813341     6.9636038940     3.2984526695
H       16.2708287424     7.4755745067     5.6152386705
H       12.8256466136     3.3073245019     3.0857249067
H       13.9594023420     2.8609713592     1.0273184183
H       18.4473679360     3.3229051502     1.3713302043
H       13.7138288166     1.1016749127     2.6930514121
H       18.5440237474     1.0969224637     2.3164686298
H       16.4243267050     0.9086341915     7.7948810183
H       14.2565838715     0.9910874567     6.6919937833
H       20.3356599422     2.6848968264     2.7720705367
H       16.1809669880     0.0671205437     5.5447562503
32
# Point -1 Energy = 0.0
C       20.6464058917     3.6536116477     7.5278927332
H       18.9757853786     3.6150718777     6.1693280073
C       19.4456859824     2.9475863082     6.9016686952
H       18.6911876701     2.7557421204     7.6758830623
H       20.5822949057     1.7975921818     5.4474784433
C       19.8223166464     1.6320507148     6.2209626191
H       18.9566354945     1.1562916114     5.7432393301
H       20.2396040233     0.9188333264     6.9402028019
H       21.4064780743     3.8744369976     6.7693646066
H       21.1142182613     3.0316492410     8.2965786055
H       20.3519100058     4.5996390447     7.9931449323
Si       16.4331467492     3.4081915974     4.3947191977
O       16.3159013736     4.9980011440     4.7402593726
O       17.9429056233     3.0745957598     3.8507156792
O       15.3780736470     2.9984749571     3.2106058389
O       16.0930874562     2.5717951710     5.7555106609
Si       16.4989928470     6.5972136858     4.3966850841
Si       13.9556315758     2.5536005245     2.5088325117
Si       18.8305898632     2.5368463597     2.5657301697
Si       15.7777783634     1.1312088588     6.4906111920
H       17.8922555465     6.8577298707     3.9078848903
H       15.5520953991     6.9631243044     3.2977214205
H       16.2714211580     7.4764976424     5.6138787304
H       12.8245398910     3.3081463742     3.0892834683
H       13.9564382686     2.8598680577     1.0300119737
H       18.4458411868     3.3209386828     1.3715033080
H       13.7115166779     1.1013308401     2.6964955828
H       18.5425778019     1.0952275066     2.3182978818
H       16.4297328458     0.9035910362     7.7950068624
H       14.2610524460     0.9839703641     6.6962917735
H       20.3347278541     2.6835428861     2.7715927080
H       16.1871516917     0.0669013048     5.5397832165
32
# Point 0 Energy = 0
C       20.6477110000     3.6549790000     7.5266840000
H       18.9761800000     3.6157410000     6.1694560000
C       19.4467280000     2.9484220000     6.9016430000
H       18.6922510000     2.7558520000     7.6754250000
H       20.5840390000     1.7980300000     5.4478400000
C       19.8234060000     1.6330100000     6.2209870000
H       18.9571360000     1.1573250000     5.7446630000
H       20.2404540000     0.9200090000     6.9405780000
H       21.4074060000     3.8754920000     6.7676150000
H       21.1161610000     3.0334640000     8.2953550000
H       20.3536290000     4.6012450000     7.9917750000
Si       16.4325060000     3.4077350000     4.3962220000
O       16.3148940000     4.9974300000     4.7394840000
O       17.9393640000     3.0735620000     3.8486780000
O       15.3769370000     2.9960700000     3.2133680000
O       16.1030250000     2.5730330000     5.7606000000
Si       16.5037570000     6.5966350000     4.4017980000
Si       13.9593780000     2.5607940000     2.4984440000
Si       18.8391290000     2.5361430000     2.5740860000
Si       15.7443760000     1.1302530000     6.4733110000
H       17.8913405600     6.8573308000     3.9070238400
H       15.5508605600     6.9622108000     3.2979838400
H       16.2712205600     7.4764908000     5.6136238400
H       12.8237502400     3.3071035200     3.0923555200
H       13.9544302400     2.8581435200     1.0324755200
H       18.4443303200     3.3198514400     1.3715668800
H       13.7106302400     1.1000235200     2.6995155200
H       18.5418503200     1.0943714400     2.3191668800
H       16.4331100800     0.9018602400     7.7959848800
H       14.2637500800     0.9809802400     6.6993448800
H       20.3340103200     2.6832114400     2.7708868800
H       16.1902300800     0.0665002400     5.5392248800
32
# Point 1 Energy = 0.0
C       20.6492590357     3.6558474663     7.5252961352
H       18.9768066118     3.6159601975     6.1694192260
C       19.4481614952     2.9486856609     6.9012379014
H       18.6937614463     2.7549825107     7.6745390147
H       20.5864069481     1.7985991552     5.4474478559
C       19.8251683881     1.6336922180     6.2202180559
H       18.9584094554     1.1580368809     5.7451603088
H       20.2421466810     0.9207776119     6.9399325579
H       21.4085158535     3.8764521690     6.7657432245
H       21.1184965697     3.0346460598     8.2937518195
H       20.3553875212     4.6021425762     7.9905232145
Si       16.4321173070     3.4068122429     4.3975354296
O       16.3137856799     4.9962570058     4.7390143911
O       17.9361322739     3.0725639911     3.8463393608
O       15.3761235643     2.9933380156     3.2158332592
O       16.1134363859     2.5733482441     5.7651803021
Si       16.5079078198     6.5955866787     4.4077581231
Si       13.9639006473     2.5670578688     2.4876274219
Si       18.8479831280     2.5361981102     2.5820366047
Si       15.7094463221     1.1313249671     6.4570485144
H       17.8896932354     6.8570886367     3.9071226749
H       15.5488679315     6.9608701423     3.2992383995
H       16.2701818802     7.4755249686     5.6144928442
H       12.8232753419     3.3041995095     3.0948558335
H       13.9533924149     2.8558288747     1.0346260382
H       18.4428647538     3.3196918140     1.3714963475
H       13.7111692817     1.0977661129     2.7020042502
H       18.5418586282     1.0943882219     2.3190129645
H       16.4346904690     0.9036329214     7.7979382219
H       14.2648165378     0.9822196985     6.7014536874
H       20.3335151735     2.6839317729     2.7699480300
H       16.1903018178     0.0658496959     5.5433333471
32
# Point 2 Energy = 0.0
C       20.6509837120     3.6561656059     7.5237484906
H       18.9776187605     3.6156964632     6.1692119798
C       19.4499299300     2.9483339525     6.9004439477
H       18.6956523001     2.7530782361     7.6732007751
H       20.5893634111     1.7992804304     5.4462909935
C       19.8275574633     1.6340655197     6.2186314462
H       18.9604165901     1.1584008416     5.7446871273
H       20.2446258227     0.9210960882     6.9382369628
H       21.4097519711     3.8772786033     6.7637830298
H       21.1211478750     3.0351329137     8.2917856181
H       20.3571120775     4.6022728594     7.9894196193
Si       16.4319604097     3.4054147188     4.3986131649
O       16.3125504781     4.9944693062     4.7388273212
O       17.9331982465     3.0716042269     3.8436696830
O       15.3756313738     2.9902870757     3.2179320313
O       16.1242810143     2.5727146922     5.7691882606
Si       16.5114228968     6.5940590947     4.4145677417
Si       13.9691911732     2.5724212673     2.4763083092
Si       18.8571568597     2.5370330271     2.5895556590
Si       15.6732095186     1.1345140001     6.4419109228
H       17.8872978522     6.8570015763     3.9082090933
H       15.5461115007     6.9591070916     3.3014784067
H       16.2682641601     7.4735727956     5.6164979554
H       12.8231125263     3.2994433264     3.0967008132
H       13.9533350666     2.8529555297     1.0363840892
H       18.4414696899     3.3204988965     1.3712711900
H       13.7131266110     1.0945759085     2.7038615903
H       18.5426118273     1.0953059825     2.3177826900
H       16.4347499403     0.9090862906     7.8009595015
H       14.2644250875     0.9877656017     6.7029028420
H       20.3332448447     2.6857237536     2.7687768809
H       16.1874696092     0.0649463238     5.5523272237
32
# Point 3 Energy = 0.0
C       20.6528200572     3.6558861980     7.5220612566
H       18.9785699209     3.6149189440     6.1688309963
C       19.4519767618     2.9473275703     6.8992554819
H       18.6978576477     2.7500908748     7.6713904887
H       20.5928700338     1.8000539224     5.4443651736
C       19.8305246884     1.6341004340     6.2162103092
H       18.9631149697     1.1583925949     5.7432088522
H       20.2478329786     0.9209256303     6.9354706553
H       21.4110592994     3.8779336189     6.7617680993
H       21.1240392839     3.0348682285     8.2894750176
H       20.3587320472     4.6015823086     7.9884925133
Si       16.4320130746     3.4035337531     4.3994140951
O       16.3111626656     4.9920543951     4.7389002509
O       17.9305467585     3.0706823294     3.8406440261
O       15.3754548039     2.9869231455     3.2196020908
O       16.1355167588     2.5711105662     5.7725686337
Si       16.5142810170     6.5920404097     4.4222256044
Si       13.9752377675     2.5769126087     2.4644217991
Si       18.8666489954     2.5386610875     2.5966242428
Si       15.6358995615     1.1398952605     6.4279856573
H       17.8841395991     6.8570624027     3.9103059805
H       15.5425862429     6.9569223237     3.3046930711
H       16.2654304933     7.4706078509     5.6196449658
H       12.8232585416     3.2928461470     3.0978128110
H       13.9542646256     2.8495517492     1.0376792315
H       18.4401657560     3.3223005054     1.3708753298
H       13.7164877877     1.0904706792     2.7049988246
H       18.5441123525     1.0971459566     2.3154345781
H       16.4335839480     0.9183469781     7.8051201503
H       14.2627740104     0.9976980904     6.7039288857
H       20.3331964837     2.6885982186     2.7673806815
H       16.1818216680     0.0638572175     5.5663756059
32
# Point 4 Energy = 0.0
C       20.6547014176     3.6549636211     7.5202567000
H       18.9796113648     3.6135978009     6.1682756043
C       19.4542423948     2.9456296324     6.8976709608
H       18.7003086766     2.7459779883     7.6690926565
H       20.5968826105     1.8008969890     5.4416738631
C       19.8340158835     1.6337681803     6.2129456114
H       18.9664555502     1.1579890318     5.7407000954
H       20.2517031106     0.9202296088     6.9316225004
H       21.4123810422     3.8783777542     6.7597338756
H       21.1270927224     3.0337987454     8.2868421130
H       20.3601769894     4.6000202066     7.9877696477
Si       16.4322499880     3.4011616494     4.3999007879
O       16.3095964102     4.9890010985     4.7392099995
O       17.9281587164     3.0697951511     3.8372420451
O       15.3755839736     2.9832521405     3.2207863100
O       16.1470974543     2.5685195007     5.7752722574
Si       16.5164631259     6.5895174882     4.4307259897
Si       13.9820247567     2.5805625097     2.4519092207
Si       18.8764520660     2.5410874269     2.6032308169
Si       15.5977584547     1.1475310666     6.4153581542
H       17.8802059133     6.8572587538     3.9134312980
H       15.5382899623     6.9543140232     3.3088660290
H       16.2616486357     7.4666056440     5.6239320667
H       12.8237097166     3.2844246407     3.0981177231
H       13.9561828909     2.8456449803     1.0384465720
H       18.4389687335     3.3251138341     1.3702976190
H       13.7212310618     1.0854719211     2.7053369866
H       18.5463540348     1.0999227687     2.3119383710
H       16.4315308841     0.9315220933     7.8104561383
H       14.2600864564     1.0120682946     6.7047437933
H       20.3333615930     2.6925555545     2.7657731179
H       16.1734540089     0.0627219011     5.5856064357
32
# Point 5 Energy = 0.0
C       20.6565599751     3.6533543830     7.5183589967
H       18.9806925291     3.6117046349     6.1675477759
C       19.4566646220     2.9432061969     6.8956930618
H       18.7029341788     2.7407036786     7.6662962847
H       20.6013513856     1.8017844898     5.4382284836
C       19.8379715993     1.6330410742     6.2088364789
H       18.9703829997     1.1571686243     5.7371451993
H       20.2561650365     0.9189740770     6.9266911886
H       21.4136591074     3.8785701355     6.7577172991
H       21.1302282717     3.0318749088     8.2839123491
H       20.3613772108     4.5975392607     7.9872778954
Si       16.4326429232     3.3982919929     4.4000398909
O       16.3078259769     4.9852998921     4.7397328555
O       17.9260112020     3.0689368974     3.8334483300
O       15.3760047714     2.9792801255     3.2214332983
O       16.1589732194     2.5649310376     5.7772565730
Si       16.5179525097     6.5864761749     4.4400584720
Si       13.9895325845     2.5834036095     2.4387188459
Si       18.8865523422     2.5443088908     2.6093715685
Si       15.5590343380     1.1574706075     6.4041114509
H       17.8754866247     6.8575732149     3.9175976744
H       15.5332233472     6.9512780266     3.3139751608
H       16.2568913005     7.4615440734     5.6293494372
H       12.8244619191     3.2742012517     3.0975457700
H       13.9590868214     2.8412616431     1.0386276036
H       18.4378894252     3.3289451810     1.3695321098
H       13.7273272784     1.0796049077     2.7048080357
H       18.5493220948     1.1036443160     2.3072757332
H       16.4289686542     0.9486963121     7.8169652845
H       14.2566075395     1.0308965365     6.7055334350
H       20.3337260384     2.6975855142     2.7639744697
H       16.1624727732     0.0617503311     5.6101043483
32
# Point 6 Energy = 0.0
C       20.6583270943     3.6510175693     7.5163940849
H       18.9817612784     3.6092129097     6.1666521225
C       19.4591789219     2.9400267234     6.8933287228
H       18.7056608645     2.7342391643     7.6629950035
H       20.6062212851     1.8026890226     5.4340485450
C       19.8423273778     1.6318928835     6.2038903886
H       18.9748359277     1.1559117981     5.7325385514
H       20.2611417249     0.9171281829     6.9206854811
H       21.4148344262     3.8784688029     6.7557565963
H       21.1333645550     3.0290513588     8.2807144075
H       20.3622641401     4.5940961191     7.9870429927
Si       16.4331608828     3.3949200508     4.3998023620
O       16.3058258900     4.9809433309     4.7404446106
O       17.9240775893     3.0680993650     3.8292526022
O       15.3766989147     2.9750136693     3.2214977989
O       16.1710906797     2.5603411272     5.7784859346
Si       16.5187349682     6.5829017413     4.4502077014
Si       13.9977378233     2.5854705763     2.4248063340
Si       18.8969299307     2.5483141259     2.6150505813
Si       15.5199795689     1.1697502360     6.3943258375
H       17.8699741262     6.8579836108     3.9228120568
H       15.5273900684     6.9478082082     3.3199924037
H       16.2511363796     7.4554039988     5.6358789087
H       12.8255105013     3.2622046535     3.0960320164
H       13.9629684374     2.8364271850     1.0381707453
H       18.4369336669     3.3337899391     1.3685781770
H       13.7347398057     1.0728988967     2.7033556331
H       18.5529932260     1.1083117997     2.3014406852
H       16.4263111605     0.9699294949     7.8246052144
H       14.2526017086     1.0541703515     6.7064583399
H       20.3342701397     2.7036672045     2.7620116528
H       16.1489975359     0.0612178999     5.6399088679
32
# Point 7 Energy = 0.0
C       20.6599335542     3.6479152742     7.5143895468
H       18.9827640912     3.6060984093     6.1655958730
C       19.4617186412     2.9360645326     6.8905891701
H       18.7084135264     2.7265633538     7.6591871710
H       20.6114320671     1.8035811356     5.4291617410
C       19.8470138964     1.6302991598     6.1981233179
H       18.9797470008     1.1542012948     5.7268848278
H       20.2665504366     0.9146645193     6.9136244144
H       21.4158471919     3.8780310217     6.7538911001
H       21.1364189698     3.0252873703     8.2772801270
H       20.3627705888     4.5896518853     7.9870893279
Si       16.4337702131     3.3910432795     4.3991636158
O       16.3035710875     4.9759266147     4.7413205426
O       17.9223276530     3.0672722597     3.8246498346
O       15.3776440086     2.9704603367     3.2209409603
O       16.1833930970     2.5547526963     5.7789318260
Si       16.5187990283     6.5787795145     4.4611531618
Si       14.0066131788     2.5868002658     2.4101350244
Si       18.9075589041     2.5530837488     2.6202799050
Si       15.4808487034     1.1843941045     6.3860783620
H       17.8636636181     6.8584634676     3.9290753544
H       15.5207969564     6.9438970918     3.3268835275
H       16.2443671788     7.4481700006     5.6434936431
H       12.8268501973     3.2484703867     3.0935167806
H       13.9678147627     2.8311663141     1.0370317287
H       18.4361024274     3.3396327105     1.3674405442
H       13.7434244167     1.0653874700     2.7009357357
H       18.5573356893     1.1139197976     2.2944398967
H       16.4240047073     0.9952545756     7.8332914487
H       14.2483503091     1.0818421768     6.7076560846
H       20.3349687984     2.7107691335     2.7599181907
H       16.1331657002     0.0614580978     5.6750125756
32
# Point 8 Energy = 0.0
C       20.6613096800     3.6440129971     7.5123745197
H       18.9836461806     3.6023397016     6.1643888453
C       19.4642150836     2.9312972392     6.8874899373
H       18.7111150810     2.7176633777     7.6548759679
H       20.6169184130     1.8044295046     5.4236039977
C       19.8519570242     1.6282375235     6.1915598484
H       18.9850429755     1.1520224948     5.7201991633
H       20.2723027485     0.9115593963     6.9055374582
H       21.4166370285     3.8772135725     6.7521611016
H       21.1393077925     3.0205472260     8.2736444560
H       20.3628309088     4.5841726156     7.9874397875
Si       16.4344346913     3.3866618901     4.3981036048
O       16.3010370584     4.9702482419     4.7423353756
O       17.9207276684     3.0664435640     3.8196403066
O       15.3788136052     2.9656292621     3.2197305056
O       16.1958204197     2.5481762257     5.7785730056
Si       16.5181361706     6.5740956396     4.4728689402
Si       14.0161274898     2.5874319675     2.3946761078
Si       18.9184074659     2.5585905724     2.6250795271
Si       15.4418964382     1.2014150852     6.3794421951
H       17.8565533948     6.8589826192     3.9363820975
H       15.5134542242     6.9395366394     3.3346079091
H       16.2365726372     7.4398312748     5.6521578635
H       12.8284749708     3.2330415989     3.0899459716
H       13.9736077979     2.8255033502     1.0351738597
H       18.4353919835     3.3464475256     1.3661292165
H       13.7533291381     1.0571089394     2.6975170310
H       18.5623094324     1.1204563575     2.2862928393
H       16.4225242744     1.0246757813     7.8428955366
H       14.2441491892     1.1138270121     6.7092447930
H       20.3357916630     2.7188493128     2.7577341087
H       16.1151379707     0.0628534914     5.7153594823
32
# Point 9 Energy = 0.0
C       20.6623854185     3.6392800057     7.5103796267
H       18.9843515776     3.5979185875     6.1630434135
C       19.4665975495     2.9257071410     6.8840508747
H       18.7136865415     2.7075350495     7.6500694905
H       20.6226100078     1.8052010811     5.4174194563
C       19.8570778490     1.6256878924     6.1842332108
H       18.9906447071     1.1493636778     5.7125072430
H       20.2783045350     0.9077930271     6.8964646065
H       21.4171431220     3.8759730352     6.7506077160
H       21.1419462124     3.0148005267     8.2698454180
H       20.3623810804     4.5776297890     7.9881156553
Si       16.4351156018     3.3817794160     4.3966068644
O       16.2981999569     4.9639106932     4.7434632534
O       17.9192405199     3.0655999241     3.8142296042
O       15.3801772694     2.9605317348     3.2178408344
O       16.2083092952     2.5406302709     5.7773956090
Si       16.5167410388     6.5688379245     4.4853235508
Si       14.0262457330     2.5874076580     2.3784087217
Si       18.9294381573     2.5647998796     2.6294772484
Si       15.4033756060     1.2208158914     6.3744858734
H       17.8486451356     6.8595079255     3.9447201429
H       15.5053756867     6.9347191512     3.3431183601
H       16.2277474998     7.4303826029     5.6618266861
H       12.8303778164     3.2159697770     3.0852714165
H       13.9803245134     2.8194626130     1.0325682017
H       18.4347941563     3.3541981580     1.3646593274
H       13.7643941005     1.0481067260     2.6930812576
H       18.5678662598     1.1279030969     2.2770317893
H       16.4223693887     1.0581671156     7.8532432867
H       14.2403060894     1.1500004970     6.7113270259
H       20.3367033416     2.7278554307     2.7555057360
H       16.0951048325     0.0658257006     5.7608438587
32
# Point 10 Energy = 0.0
C       20.6630904156     3.6336896738     7.5084369091
H       18.9848232208     3.5928205181     6.1615744741
C       19.4687933911     2.9192815545     6.8802961406
H       18.7160470003     2.6961832263     7.6447808391
H       20.6284316745     1.8058612328     5.4106603624
C       19.8622927506     1.6226326582     6.1761852523
H       18.9964672158     1.1462162123     5.7038453019
H       20.2844560086     0.9033496376     6.8864563736
H       21.4173043572     3.8742660941     6.7492727355
H       21.1442483780     3.0080224542     8.2659240655
H       20.3613587795     4.5700007545     7.9891365554
Si       16.4357718243     3.3764032299     4.3946625497
O       16.2950366968     4.9569210853     4.7446777655
O       17.9178258398     3.0647270337     3.8084285753
O       15.3817006725     2.9551817297     3.2152530968
O       16.2207931018     2.5321418627     5.7753932380
Si       16.5146116009     6.5629967079     4.4984798596
Si       14.0369290503     2.5867721749     2.3613200252
Si       18.9406081221     2.5716697454     2.6335084566
Si       15.3655353308     1.2425903039     6.3712724537
H       17.8399441556     6.8600040774     3.9540704584
H       15.4965789278     6.9294382075     3.3523610673
H       16.2178924148     7.4198253293     5.6724461084
H       12.8325505279     3.1973153559     3.0794512468
H       13.9879368589     2.8130687635     1.0291937363
H       18.4342965946     3.3628385288     1.3630509071
H       13.7765514357     1.0384296223     2.6876234552
H       18.5739500934     1.1362353072     2.2667016770
H       16.4240591876     1.0956709336     7.8641132810
H       14.2371375057     1.1901978984     6.7139932879
H       20.3376636741     2.7377251217     2.7532853977
H       16.0732937927     0.0708249646     5.8113097069
32
# Point 11 Energy = 0.0
C       20.6633541609     3.6272198199     7.5065797379
H       18.9850031031     3.5870349797     6.1599994077
C       19.4707281552     2.9120131012     6.8762541618
H       18.7181137099     2.6836220584     7.6390281968
H       20.6343036332     1.8063739091     5.4033868331
C       19.8675136094     1.6190568270     6.1674663043
H       19.0024198978     1.1425746760     5.6942600205
H       20.2906519233     0.8982175209     6.8755736646
H       21.4170595135     3.8720499057     6.7481984423
H       21.1461275370     3.0001940190     8.2619243895
H       20.3597034790     4.5612691674     7.9905204253
Si       16.4363599718     3.3705449636     4.3922644909
O       16.2915250368     4.9492917435     4.7459520601
O       17.9164402091     3.0638100003     3.8022532483
O       15.3833457389     2.9495963217     3.2119552752
O       16.2332020660     2.5227467353     5.7725670564
Si       16.5117492400     6.5565657032     4.5122951492
Si       14.0481348205     2.5855732372     2.3434053000
Si       18.9518694538     2.5791514194     2.6372157969
Si       15.3286194534     1.2667244066     6.3698586166
H       17.8304595823     6.8604344652     3.9644070132
H       15.4870853714     6.9236895856     3.3622756997
H       16.2070139308     7.4081682821     5.6839531990
H       12.8349834600     3.1771480929     3.0724504067
H       13.9964117924     2.8063470249     1.0250375490
H       18.4338831000     3.3723132084     1.3613285762
H       13.7897252797     1.0281318532     2.6811521901
H       18.5804973667     1.1454220726     2.2553597716
H       16.4281262470     1.1370963996     7.8752359294
H       14.2349647759     1.2342144448     6.7173245321
H       20.3386280880     2.7483863725     2.7511309793
H       16.0499768930     0.0783196830     5.8665509362
32
# Point 12 Energy = 0.0
C       20.6631062591     3.6198530721     7.5048426886
H       18.9848325221     3.5805558496     6.1583380317
C       19.4723258753     2.9038999589     6.8719575541
H       18.7198023327     2.6698751264     7.6328348911
H       20.6401419486     1.8067018738     5.3956664808
C       19.8726482192     1.6149481507     6.1581349327
H       19.0084069584     1.1384369228     5.6838083020
H       20.2967820332     0.8923890718     6.8638874973
H       21.4163475645     3.8692825688     6.7474273613
H       21.1474963483     2.9913023268     8.2578931623
H       20.3573566348     4.5514254343     7.9922835057
Si       16.4368346088     3.3642208037     4.3894112806
O       16.2876436730     4.9410406571     4.7472590643
O       17.9150374519     3.0628336926     3.7957247185
O       15.3850708775     2.9437959458     3.2079422939
O       16.2454635281     2.5124893541     5.7689259039
Si       16.5081587687     6.5495427800     4.5267213514
Si       14.0598168068     2.5838612630     2.3246681060
Si       18.9631696495     2.5871897897     2.6406487355
Si       15.2928653124     1.2931977465     6.3702937527
H       17.8202044374     6.8607620937     3.9756967974
H       15.4769202342     6.9174721010     3.3727957181
H       16.1951243888     7.3954285903     5.6962765201
H       12.8376653165     3.1555471288     3.0642413159
H       14.0057113465     2.7993232307     1.0200950704
H       18.4335339944     3.3825580260     1.3595211743
H       13.8038319396     1.0172728860     2.6736897751
H       18.5874375956     1.1554264248     2.2430751993
H       16.4351088665     1.1823176624     7.8862933283
H       14.2341092915     1.2818072835     6.7213933360
H       20.3395480553     2.7597581032     2.7491053533
H       16.0254777607     0.0887860811     5.9263121575
32
# Point 13 Energy = 0.0
C       20.6622768627     3.6115772866     7.5032613678
H       18.9842524670     3.5733817361     6.1566125393
C       19.4735095551     2.8949460960     6.8674429921
H       18.7210274128     2.6549754797     7.6262294276
H       20.6458592030     1.8068070381     5.3875738855
C       19.8776009541     1.6102972765     6.1482575620
H       19.0143281139     1.1338041186     5.6725569235
H       20.3027318604     0.8858608332     6.8514785619
H       21.4151081100     3.8659237304     6.7470019433
H       21.1482674079     2.9813408970     8.2538797002
H       20.3542619894     4.5404671863     7.9944403388
Si       16.4371485840     3.3574516540     4.3861063953
O       16.2833723585     4.9321917995     4.7485718139
O       17.9135690481     3.0617830732     3.7888690023
O       15.3868313271     2.9378044855     3.2032161623
O       16.2575023987     2.5014227378     5.7644864230
Si       16.5038483713     6.5419306600     4.5417054508
Si       14.0719254025     2.5816889669     2.3051204962
Si       18.9744521913     2.5957239480     2.6438630169
Si       15.2585029299     1.3219843581     6.3726190610
H       17.8091956201     6.8609505322     3.9878999755
H       15.4661123571     6.9107883370     3.3838488989
H       16.1822417149     7.3816323655     5.7093367879
H       12.8405830021     3.1326006941     3.0548046915
H       14.0157927536     2.7920236795     1.0143703769
H       18.4332265377     3.3935007954     1.3576613274
H       13.8187802709     1.0059169697     2.6652724866
H       18.5946941522     1.1662055564     2.2299282933
H       16.4455417132     1.2311716892     7.8969201157
H       14.2348869506     1.3326991111     6.7262637796
H       20.3403716703     2.7717509526     2.7472756703
H       16.0001773093     0.1026979560     5.9902898926
32
# Point 14 Energy = 0.0
C       20.6607972811     3.6023860336     7.5018721924
H       18.9832041567     3.5655163128     6.1548474210
C       19.4742018570     2.8851615052     6.8627510271
H       18.7217030840     2.6389655924     7.6192454874
H       20.6513654046     1.8066509184     5.3791899215
C       19.8822736979     1.6050979394     6.1379079743
H       19.0200795759     1.1286807707     5.6605820618
H       20.3083837819     0.8786335850     6.8384366219
H       21.4132819522     3.8619353390     6.7469641839
H       21.1483540017     2.9703100526     8.2499355453
H       20.3503660080     4.5283997890     7.9970037713
Si       16.4372534902     3.3502631708     4.3823583381
O       16.2786920688     4.9227753130     4.7498638801
O       17.9119846777     3.0606435255     3.7817168568
O       15.3885796308     2.9316491960     3.1977861361
O       16.2692418249     2.4896080928     5.7592731822
Si       16.4988294949     6.5337375167     4.5571900473
Si       14.0844079961     2.5791107521     2.2847832703
Si       18.9856572638     2.6046878688     2.6469200212
Si       15.2257546063     1.3530536138     6.3768666770
H       17.7974538056     6.8609648846     4.0009701724
H       15.4546939371     6.9036452448     3.3953580552
H       16.1683891352     7.3668152289     5.7230477517
H       12.8437215665     3.1084054624     3.0441304944
H       14.0266086562     2.7844748029     1.0078765320
H       18.4329354039     3.4050621613     1.3557849617
H       13.8344722883     0.9941324246     2.6559507552
H       18.6021852484     1.1777111131     2.2160097841
H       16.4599449741     1.2834558471     7.9067054146
H       14.2376021735     1.3865832990     6.7319903606
H       20.3410443501     2.7842682785     2.7457125280
H       15.9745172068     0.1205163651     6.0581339331
32
# Point 15 Energy = 0.0
C       20.6586007497     3.5922791499     7.5007121277
H       18.9816297201     3.5569686520     6.1530693635
C       19.4743259799     2.8745624443     6.8579258514
H       18.7217439983     2.6218972545     7.6119218787
H       20.6565691089     1.8061952206     5.3706009569
C       19.8865670128     1.5993472079     6.1271666916
H       19.0255552934     1.1230747685     5.6479686963
H       20.3136184058     0.8707124897     6.8248597677
H       21.4108118018     3.8572825380     6.7473551927
H       21.1476710651     2.9582173843     8.2461140794
H       20.3456184380     4.5152368866     7.9999849612
Si       16.4371002544     3.3426856868     4.3781807845
O       16.2735852228     4.9128275639     4.7511098647
O       17.9102328920     3.0594011815     3.7743035612
O       15.3902662455     2.9253604821     3.1916688747
O       16.2806040574     2.4771142898     5.7533187721
Si       16.4931167122     6.5249774753     4.5731140487
Si       14.0972094568     2.5761819325     2.2636862314
Si       18.9967226014     2.6140112056     2.6498860308
Si       15.1948348855     1.3863708863     6.3830588373
H       17.7850032812     6.8607727643     4.0148548763
H       15.4427001890     6.8960546081     3.4072419228
H       16.1535948404     7.3510226809     5.7373172570
H       12.8470642629     3.0830655859     3.0322189450
H       14.0381074161     2.7767026754     1.0006359302
H       18.4326332179     3.4171565579     1.3539307720
H       13.8508040122     0.9819907269     2.6457892934
H       18.6098251124     1.1898895785     2.2014198404
H       16.4788123744     1.3389254485     7.9151958523
H       14.2425419417     1.4431301585     6.7386164478
H       20.3415096500     2.7972073627     2.7444890412
H       15.9490004000     0.1426791522     6.1294486091
