32
# Point -15 Energy = 0.0
C       20.5059532649     3.7240496844     7.6997909460
H       18.9199354242     3.6449289215     6.2105525973
C       19.3764316675     2.9752827852     6.9638203425
H       18.7490539636     2.8143320121     7.5923446510
H       20.4625162554     1.8231068974     5.5827589094
C       19.7621986786     1.6876513986     6.2335468352
H       19.1059872709     1.2966920872     5.8711715829
H       20.3775044297     0.6456398285     7.3299287950
H       21.9844553152     4.0708337335     6.1795194286
H       20.8709318509     3.2665912005     8.1946233501
H       20.4870037839     3.7932671745     7.7293748185
Si       16.4080986086     3.4200414709     4.4036208520
O       16.2732900339     5.0080993706     4.7482838631
O       17.9255511919     3.0985478358     3.8779594157
O       15.3735359201     3.0030193176     3.2040942990
O       16.0644672267     2.5799193942     5.7610478670
Si       16.4550297370     6.6093807680     4.4168415084
Si       13.9702413811     2.5586156018     2.4671017786
Si       18.8482943113     2.5706685140     2.6160308614
Si       15.7062346480     1.1329544295     6.4653633927
H       17.8478717962     6.8816576870     3.9434815549
H       15.5160645503     6.9701663422     3.2995736502
H       16.1976721875     7.4848148185     5.6268336451
H       12.8201863892     3.2950124877     3.0454215239
H       13.9850268197     2.8591249208     1.0018323251
H       18.4656918521     3.3540200080     1.4092899092
H       13.7295917864     1.0955656891     2.6613679627
H       18.5658865087     1.1272743513     2.3536319808
H       16.3767224398     0.9068471718     7.7977526854
H       14.2235232676     0.9719550694     6.6688167271
H       20.3389450234     2.7286346785     2.8355133136
H       16.1740830155     0.0746063498     5.5358739876
32
# Point -14 Energy = 0.0
C       20.5154690465     3.7194317100     7.6886139648
H       18.9234545680     3.6427681272     6.2080073972
C       19.3808846775     2.9732801453     6.9598970954
H       18.7449023596     2.8101665951     7.5979672161
H       20.4707318360     1.8210157655     5.5742614875
C       19.7660158319     1.6837078775     6.2329313317
H       19.0959858546     1.2866422667     5.8630336142
H       20.3681730266     0.6632127235     7.3037776948
H       21.9463358988     4.0605682004     6.2199163541
H       20.8882980298     3.2502668430     8.2006315688
H       20.4797196611     3.8488650682     7.7444442145
Si       16.4096251940     3.4191681832     4.4031581579
O       16.2759976336     5.0073340266     4.7477738108
O       17.9264047408     3.0967908464     3.8761127327
O       15.3737096134     3.0025670107     3.2046604161
O       16.0668231375     2.5793827879     5.7610109072
Si       16.4582905509     6.6084823897     4.4159754357
Si       13.9694799708     2.5588362552     2.4690372429
Si       18.8476807770     2.5682754997     2.6133680347
Si       15.7084662609     1.1326880696     6.4658229868
H       17.8508322916     6.8799530824     3.9412750717
H       15.5184678665     6.9696477684     3.2995529697
H       16.2025442593     7.4841908446     5.6261118065
H       12.8203681834     3.2959191949     3.0483569597
H       13.9830479500     2.8591718376     1.0037211683
H       18.4643618556     3.3516956908     1.4069026929
H       13.7282250391     1.0959386475     2.6636972988
H       18.5642432251     1.1250028632     2.3514025084
H       16.3800887771     0.9063716406     7.7976062403
H       14.2258629144     0.9725146631     6.6706909173
H       20.3386191899     2.7254596998     2.8314325752
H       16.1748703787     0.0739856757     5.5360134870
32
# Point -13 Energy = 0.0
C       20.5249757748     3.7148139112     7.6773862380
H       18.9270063872     3.6406373691     6.2054356954
C       19.3853710625     2.9713065669     6.9559428828
H       18.7408018469     2.8060362223     7.6035772849
H       20.4789344450     1.8189855962     5.5656932540
C       19.7698714794     1.6798071759     6.2322838998
H       19.0859958330     1.2767007332     5.8548519145
H       20.3588732807     0.6808867913     7.2776502465
H       21.9081700302     4.0499071239     6.2601589333
H       20.9055180222     3.2340423626     8.2067455635
H       20.4721960158     3.9042351898     7.7598384016
Si       16.4111659802     3.4183021613     4.4026915606
O       16.2787135468     5.0065756189     4.7472550219
O       17.9272681069     3.0950481403     3.8742512379
O       15.3738910496     3.0021135175     3.2052337222
O       16.0692097799     2.5788552978     5.7609746260
Si       16.4615476588     6.6075906113     4.4150937450
Si       13.9687242903     2.5590464504     2.4709937065
Si       18.8470683554     2.5658987401     2.6106857856
Si       15.7107430720     1.1324311224     6.4662907451
H       17.8537819249     6.8782613370     3.9390409313
H       15.5208571916     6.9691277768     3.2995241748
H       16.2074181498     7.4835748814     5.6253722640
H       12.8205577834     3.2968104737     3.0513197535
H       13.9810608474     2.8592046189     1.0056311739
H       18.4630188821     3.3493822677     1.4044975509
H       13.7268741429     1.0963007735     2.6660545847
H       18.5626073562     1.1227458681     2.3491613103
H       16.3835119620     0.9059126122     7.7974620020
H       14.2282521366     0.9730762120     6.6725858995
H       20.3382936505     2.7223095875     2.8273193441
H       16.1757005552     0.0733748890     5.5361619060
32
# Point -12 Energy = 0.0
C       20.5344729580     3.7101962985     7.6661081847
H       18.9305906632     3.6385365091     6.2028376939
C       19.3898904576     2.9693619730     6.9519580251
H       18.7367522119     2.8019411155     7.6091753525
H       20.4871231441     1.8170159730     5.5570546630
C       19.7737651506     1.6759490299     6.2316049981
H       19.0760169444     1.2668672714     5.8466270487
H       20.3496039175     0.6986620500     7.2515478300
H       21.8699563903     4.0388495814     6.3002440108
H       20.9225917463     3.2179203734     8.2129650575
H       20.4644386711     3.9593780008     7.7755545427
Si       16.4127209477     3.4174433803     4.4022211305
O       16.2814379394     5.0058242050     4.7467273175
O       17.9281412517     3.0933193926     3.8723751956
O       15.3740802716     3.0016587846     3.2058142845
O       16.0716269101     2.5783371420     5.7609391522
Si       16.4648014671     6.6067054273     4.4141960504
Si       13.9679744057     2.5592462264     2.4729711934
Si       18.8464570329     2.5635375870     2.6079845664
Si       15.7130645880     1.1321839507     6.4667669569
H       17.8567211601     6.8765821754     3.9367788436
H       15.5232330901     6.9686063368     3.2994867705
H       16.2122942823     7.4829671448     5.6246144536
H       12.8207553207     3.2976866206     3.0543097066
H       13.9790657445     2.8592230884     1.0075623585
H       18.4616631321     3.3470789749     1.4020748173
H       13.7255389543     1.0966521586     2.6684400293
H       18.5609787214     1.1205027092     2.3469090284
H       16.3869913466     0.9054705460     7.7973203204
H       14.2306904224     0.9736403230     6.6745018496
H       20.3379683729     2.7191835104     2.8231741776
H       16.1765729832     0.0727741400     5.5363197503
32
# Point -11 Energy = 0.0
C       20.5439611665     3.7055799261     7.6547786207
H       18.9342078472     3.6364661159     6.2002124590
C       19.3944433898     2.9674471652     6.9479417239
H       18.7327543365     2.7978825322     7.6147610335
H       20.4952975115     1.8151070586     5.5483449926
C       19.7776970991     1.6721339117     6.2308941474
H       19.0660495384     1.2571422851     5.8383589685
H       20.3403646658     0.7165394422     7.2254709187
H       21.8316946055     4.0273959536     6.3401667386
H       20.9395198321     3.2019037541     8.2192877298
H       20.4564438393     4.0142826879     7.7916080279
Si       16.4142902485     3.4165920587     4.4017465584
O       16.2841712045     5.0050801580     4.7461898213
O       17.9290241654     3.0916044404     3.8704841402
O       15.3742771706     3.0012027116     3.2064021752
O       16.0740748598     2.5778290761     5.7609045148
Si       16.4680524741     6.6058270774     4.4132808609
Si       13.9672300406     2.5594353793     2.4749702257
Si       18.8458464811     2.5611912957     2.6052639630
Si       15.7154311274     1.1319476032     6.4672522327
H       17.8596504096     6.8749154946     3.9344869651
H       15.5255958974     6.9680833936     3.2994393414
H       16.2171734893     7.4823683587     5.6238365796
H       12.8209607303     3.2985477909     3.0573272741
H       13.9770621123     2.8592265023     1.0095151696
H       18.4602941337     3.3447846747     1.3996338949
H       13.7242190807     1.0969926901     2.6708547334
H       18.5593567904     1.1182725696     2.3446458399
H       16.3905274731     0.9050468986     7.7971817263
H       14.2331781375     0.9742083001     6.6764397138
H       20.3376430639     2.7160806237     2.8189963139
H       16.1774876782     0.0721840702     5.5364879550
32
# Point -10 Energy = 0.0
C       20.5534406086     3.7009655070     7.6433968593
H       18.9378581777     3.6344265439     6.1975593986
C       19.3990300942     2.9655626746     6.9438935223
H       18.7288087701     2.7938614218     7.6203342303
H       20.5034569385     1.8132587988     5.5395638953
C       19.7816673376     1.6683620667     6.2301511708
H       19.0560937408     1.2475259882     5.8300478588
H       20.3311548951     0.7345196003     7.1994202817
H       21.7933838906     4.0155466363     6.3799227797
H       20.9563025698     3.1859953225     8.2257119678
H       20.4482112681     4.0689416775     7.8080086286
Si       16.4158739750     3.4157483362     4.4012676422
O       16.2869136644     5.0043437532     4.7456418448
O       17.9299168191     3.0899030524     3.8685778283
O       15.3744816788     3.0007452043     3.2069974593
O       16.0765537716     2.5773317022     5.7608707694
Si       16.4713011557     6.6049557198     4.4123469835
Si       13.9664910196     2.5596137741     2.4769911688
Si       18.8452364567     2.5588591150     2.6025238351
Si       15.7178427405     1.1317229397     6.4677470932
H       17.8625701069     6.8732611186     3.9321638893
H       15.5279460301     6.9675588886     3.2993807093
H       16.2220564859     7.4817790969     5.6230371719
H       12.8211740070     3.2993941896     3.0603726954
H       13.9750496547     2.8592142710     1.0114899180
H       18.4589116154     3.3424982988     1.3971744732
H       13.7229141956     1.0973223162     2.6732995337
H       18.5577411235     1.1160546456     2.3423720864
H       16.3941204954     0.9046428505     7.7970467054
H       14.2357153606     0.9747812663     6.6784002082
H       20.3373174965     2.7130000428     2.8147854060
H       16.1784444559     0.0716051808     5.5366673452
32
# Point -9 Energy = 0.0
C       20.5629108048     3.6963529752     7.6319633311
H       18.9415414349     3.6324176415     6.1948787307
C       19.4036501928     2.9637083991     6.9398137552
H       18.7249152568     2.7898780963     7.6258954481
H       20.5116004377     1.8114707056     5.5307118353
C       19.7856753535     1.6646332120     6.2293765340
H       19.0461492388     1.2380181253     5.8216943197
H       20.3219733171     0.7526024415     7.1733972346
H       21.7550233683     4.0033011934     6.4195094901
H       20.9729399821     3.1701977037     8.2322375301
H       20.4397465029     4.1233554327     7.8247526753
Si       16.4174721043     3.4149121765     4.4007844631
O       16.2896654867     5.0036150353     4.7450832127
O       17.9308191672     3.0882148820     3.8666565402
O       15.3746938376     3.0002862011     3.2076002156
O       16.0790633955     2.5768452340     5.7608380568
Si       16.4745479248     6.6040913315     4.4113940303
Si       13.9657574097     2.5597814486     2.4790340583
Si       18.8446269359     2.5565403667     2.5997646565
Si       15.7202989240     1.1315103248     6.4682518438
H       17.8654807208     6.8716187444     3.9298093266
H       15.5302840627     6.9670327759     3.2993103752
H       16.2269437042     7.4811995613     5.6222156590
H       12.8213952875     3.3002261196     3.0634457775
H       13.9730286071     2.8591862130     1.0134866322
H       18.4575157722     3.3402190512     1.3946969052
H       13.7216241523     1.0976411320     2.6757746562
H       18.5561315265     1.1138482541     2.3400884367
H       16.3977697524     0.9042588630     7.7969156244
H       14.2383015726     0.9753598402     6.6803835222
H       20.3369916256     2.7099408979     2.8105420344
H       16.1794427408     0.0710376205     5.5368584490
32
# Point -8 Energy = 0.0
C       20.5723717656     3.6917427839     7.6204776213
H       18.9452577349     3.6304396119     6.1921700450
C       19.4083037461     2.9618846778     6.9357021463
H       18.7210741313     2.7859333335     7.6314447314
H       20.5197272673     1.8097425360     5.5217886640
C       19.7897209910     1.6609474255     6.2285702131
H       19.0362160007     1.2286187486     5.8132986554
H       20.3128190981     0.7707883338     7.1474026417
H       21.7166121643     3.9906606830     6.4589230739
H       20.9894322443     3.1545136257     8.2388631705
H       20.4310514607     4.1775182920     7.8418468942
Si       16.4190846841     3.4140836594     4.4002968707
O       16.2924269553     5.0028942092     4.7445133332
O       17.9317311561     3.0865396315     3.8647201473
O       15.3749135867     2.9998256038     3.2082104972
O       16.0816037534     2.5763701757     5.7608064403
Si       16.4777932574     6.6032340065     4.4104209653
Si       13.9650290727     2.5599383108     2.4810991656
Si       18.8440177025     2.5542342604     2.5969864292
Si       15.7227995532     1.1313105047     6.4687669485
H       17.8683827107     6.8699881250     3.9274221036
H       15.5326104706     6.9665049838     3.2992272842
H       16.2318358140     7.4806302257     5.6213707436
H       12.8216245875     3.3010438276     3.0665466343
H       13.9709987849     2.8591418289     1.0155055398
H       18.4561064283     3.3379458687     1.3922010300
H       13.7203486318     1.0979491277     2.6782807849
H       18.5545275791     1.1116525666     2.3377953147
H       16.4014751560     0.9038959489     7.7967889374
H       14.2409366662     0.9759450483     6.6823902384
H       20.3366652423     2.7069022341     2.8062660716
H       16.1804822027     0.0704818008     5.5370620234
32
# Point -7 Energy = 0.0
C       20.5818234059     3.6871352781     7.6089394572
H       18.9490071259     3.6284925981     6.1894330344
C       19.4129907251     2.9600917721     6.9315585202
H       18.7172856061     2.7820278693     7.6369822016
H       20.5278366180     1.8080739827     5.5127943367
C       19.7938040113     1.6573047232     6.2277322659
H       19.0262939186     1.2193278548     5.8048612304
H       20.3036913118     0.7890775462     7.1214374248
H       21.6781494907     3.9776260703     6.4981600775
H       21.0057795199     3.1389458527     8.2455878461
H       20.4221289290     4.2314255875     7.8592962103
Si       16.4207117399     3.4132628396     4.3998047474
O       16.2951983237     5.0021814469     4.7439316724
O       17.9326527223     3.0848769865     3.8627685877
O       15.3751408749     2.9993633132     3.2088283557
O       16.0841748099     2.5759069818     5.7607759913
Si       16.4810376074     6.6023838109     4.4094268452
Si       13.9643058993     2.5600842828     2.4831867164
Si       18.8434085622     2.5519400116     2.5941892367
Si       15.7253444288     1.1311241633     6.4692928435
H       17.8712765253     6.8683689927     3.9250011813
H       15.5349257368     6.9659754349     3.2991304567
H       16.2367334326     7.4800715126     5.6205012298
H       12.8218619379     3.3018475645     3.0696753169
H       13.9689600701     2.8590806612     1.0175468287
H       18.4546834620     3.3356777172     1.3896867726
H       13.7190873389     1.0982463056     2.6808185246
H       18.5529288895     1.1094667671     2.3354931918
H       16.4052365084     0.9035550334     7.7966670834
H       14.2436204549     0.9765378530     6.6844208696
H       20.3363381530     2.7038830971     2.8019575129
H       16.1815624600     0.0699380889     5.5372787905
32
# Point -6 Energy = 0.0
C       20.5912656131     3.6825307675     7.5973485805
H       18.9527896392     3.6265767309     6.1866673953
C       19.4177110758     2.9583299257     6.9273827062
H       18.7135498671     2.7781624435     7.6425079852
H       20.5359276521     1.8064647036     5.5037288187
C       19.7979241470     1.6537051062     6.2268627555
H       19.0163828521     1.2101454236     5.7963824218
H       20.2945890055     0.8074703087     7.0955024936
H       21.6396345745     3.9641985986     6.5372171793
H       21.0219819521     3.1234971677     8.2524105577
H       20.4129821620     4.2850727204     7.8771054606
Si       16.4223532842     3.4124497619     4.3993079694
O       16.2979798333     5.0014769102     4.7433376886
O       17.9335837894     3.0832266183     3.8608017998
O       15.3753756422     2.9988992225     3.2094538337
O       16.0867765109     2.5754560987     5.7607467739
Si       16.4842814207     6.6015407994     4.4084107177
Si       13.9635877742     2.5602192834     2.4852969225
Si       18.8427993108     2.5496568191     2.5913731677
Si       15.7279333281     1.1309519792     6.4698299568
H       17.8741626059     6.8667610639     3.9225455169
H       15.5372303406     6.9654440417     3.2990189004
H       16.2416371661     7.4795238337     5.6196059106
H       12.8221073632     3.3026375811     3.0728318570
H       13.9669123441     2.8590022480     1.0196106734
H       18.4532467467     3.3334135455     1.3871540615
H       13.7178399697     1.0985326662     2.6833884669
H       18.5513350551     1.1072900239     2.3331825450
H       16.4090535831     0.9032370351     7.7965504960
H       14.2463527291     0.9771392156     6.6864759153
H       20.3360101529     2.7008825110     2.7976163645
H       16.1826831089     0.0694068452     5.5375094679
32
# Point -5 Energy = 0.0
C       20.6006982475     3.6779295244     7.5857047481
H       18.9566052901     3.6246921271     6.1838728282
C       19.4224647210     2.9565993621     6.9231745385
H       18.7098670742     2.7743377968     7.6480222139
H       20.5439995055     1.8049143205     5.4945920848
C       19.8020811040     1.6501485590     6.2259617500
H       19.0064826293     1.2010714166     5.7878626192
H       20.2855112023     0.8259668103     7.0695987444
H       21.6010666531     3.9503798082     6.5760911980
H       21.0380396678     3.1081703715     8.2593303491
H       20.4036148474     4.3384551639     7.8952793728
Si       16.4240093175     3.4116444607     4.3988064079
O       16.3007717152     5.0007807502     4.7427308332
O       17.9345242697     3.0815881837     3.8588197232
O       15.3756178210     2.9984332179     3.2100869654
O       16.0894087849     2.5750179642     5.7607188452
Si       16.4875251357     6.6007050139     4.4073716246
Si       13.9628745771     2.5603432285     2.4874299823
Si       18.8421897354     2.5473838646     2.5885383161
Si       15.7305660065     1.1307946238     6.4703787086
H       17.8770413882     6.8651640385     3.9200540675
H       15.5395247595     6.9649107070     3.2988916143
H       16.2465476109     7.4789875886     5.6186835710
H       12.8223608829     3.3034141278     3.0760162683
H       13.9648554887     2.8589061246     1.0216972357
H       18.4517961530     3.3311522865     1.3846028299
H       13.7166062125     1.0988082086     2.6859911892
H       18.5497456631     1.1051214906     2.3308638563
H       16.4129261266     0.9029428634     7.7964396022
H       14.2491332573     0.9777500943     6.6885558608
H       20.3356810267     2.6978994793     2.7932426436
H       16.1838437253     0.0688884226     5.5377547676
32
# Point -4 Energy = 0.0
C       20.6101211425     3.6733317827     7.5740077331
H       18.9604540779     3.6228388888     6.1810490388
C       19.4272515604     2.9549002840     6.9189338565
H       18.7062373609     2.7705546701     7.6535250244
H       20.5520512878     1.8034224191     5.4853841197
C       19.8062745608     1.6466350488     6.2250293224
H       18.9965930475     1.1921057764     5.7793022226
H       20.2764569024     0.8445671990     7.0437270591
H       21.5624449737     3.9361715413     6.6147791013
H       21.0539527794     3.0929682838     8.2663463064
H       20.3940311015     4.3915684700     7.9138225578
Si       16.4256798284     3.4108469597     4.3982999289
O       16.3035741893     5.0000931061     4.7421105526
O       17.9354740638     3.0799613256     3.8568222986
O       15.3758673358     2.9979651786     3.2107277760
O       16.0920715427     2.5745930054     5.7606922551
Si       16.4907691830     6.5998764838     4.4063086033
Si       13.9621661828     2.5604560313     2.4895860802
Si       18.8415796148     2.5451203149     2.5856847813
Si       15.7332421978     1.1306527595     6.4709395096
H       17.8799133005     6.8635776002     3.9175257914
H       15.5418094678     6.9643753235     3.2987475894
H       16.2514653524     7.4784631633     5.6177329901
H       12.8226225114     3.3041774547     3.0792285455
H       13.9627893865     2.8587918239     1.0238066645
H       18.4503315485     3.3288928590     1.3820330151
H       13.7153857484     1.0990729302     2.6886272537
H       18.5481602922     1.1029603067     2.3285376115
H       16.4168538582     0.9026734166     7.7963348219
H       14.2519617865     0.9783714423     6.6906611763
H       20.3353505496     2.6949329860     2.7888363787
H       16.1850438649     0.0683831646     5.5380153943
32
# Point -3 Energy = 0.0
C       20.6195341037     3.6687377368     7.5622573263
H       18.9643359857     3.6210171026     6.1781957375
C       19.4320714698     2.9532328721     6.9146605049
H       18.7026608343     2.7668138028     7.6590165582
H       20.5600820831     1.8019885488     5.4761049175
C       19.8105041694     1.6431645248     6.2240655496
H       18.9867138737     1.1832484272     5.7707016415
H       20.2674250846     0.8632715812     7.0178883037
H       21.5237687938     3.9215759465     6.6532780168
H       21.0697213858     3.0778937440     8.2734575572
H       20.3842354637     4.4444082766     7.9327395050
Si       16.4273647934     3.4100572710     4.3977883932
O       16.3063874638     4.9994141047     4.7414762883
O       17.9364330609     3.0783456727     3.8548094677
O       15.3761241039     2.9974949761     3.2113762820
O       16.0947646776     2.5741816380     5.7606670455
Si       16.4940139840     6.5990552248     4.4052206886
Si       13.9614624623     2.5605576016     2.4917653858
Si       18.8409687200     2.5428653221     2.5828126679
Si       15.7359616149     1.1305270378     6.4715127597
H       17.8827787633     6.8620014164     3.9149596507
H       15.5440849355     6.9638377737     3.2985858117
H       16.2563909636     7.4779509289     5.6167529436
H       12.8228922584     3.3049278097     3.0824686641
H       13.9607139216     2.8586588774     1.0259390947
H       18.4488527983     3.3266341690     1.3794445594
H       13.7141782527     1.0993268269     2.6912972057
H       18.5465785127     1.1008055997     2.3262042998
H       16.4208364709     0.9024295790     7.7962365659
H       14.2548380427     0.9790042049     6.6927923146
H       20.3350184872     2.6919819970     2.7843976092
H       16.1862830645     0.0678914050     5.5382920437
32
# Point -2 Energy = 0.0
C       20.6289369092     3.6641475410     7.5504533365
H       18.9682509803     3.6192268388     6.1753126406
C       19.4369243018     2.9515972841     6.9103543336
H       18.6991375744     2.7631159312     7.6644969607
H       20.5680909511     1.8006122230     5.4667544815
C       19.8147695557     1.6397369181     6.2230705118
H       18.9768448454     1.1744992738     5.7620612932
H       20.2584147089     0.8820800216     6.9920833275
H       21.4850373800     3.9065954825     6.6915852409
H       21.0853455740     3.0629496120     8.2806632697
H       20.3742328899     4.4969703124     7.9520345777
Si       16.4290641774     3.4092753952     4.3972716567
O       16.3092117349     4.9987438599     4.7408274779
O       17.9374011395     3.0767408401     3.8527811734
O       15.3763880356     2.9970224747     3.2120324905
O       16.0974880660     2.5737842646     5.7606432503
Si       16.4972599501     6.5982412390     4.4041069146
Si       13.9607632824     2.5606478462     2.4939680538
Si       18.8403568148     2.5406180255     2.5799220852
Si       15.7387239501     1.1304180977     6.4720988470
H       17.8856381882     6.8604351388     3.9123546128
H       15.5463516277     6.9632979298     3.2984052631
H       16.2613250035     7.4774512409     5.6157422059
H       12.8231701283     3.3056654387     3.0857365805
H       13.9586289797     2.8585068155     1.0280946474
H       18.4473597655     3.3243751124     1.3768374101
H       13.7129833952     1.0995698920     2.6940015724
H       18.5449998881     1.0986564858     2.3238644121
H       16.4248736317     0.9022122191     7.7961452354
H       14.2577617313     0.9796493179     6.6949497106
H       20.3346845962     2.6890454618     2.7799263861
H       16.1875608431     0.0674134660     5.5385854005
32
# Point -1 Energy = 0.0
C       20.6383293089     3.6595613091     7.5385955910
H       18.9721990119     3.6174681513     6.1723994699
C       19.4418098859     2.9499936543     6.9060151981
H       18.6956676347     2.7594617880     7.6699663813
H       20.5760769274     1.7992929200     5.4573328238
C       19.8190703200     1.6363521411     6.2220442923
H       18.9669856717     1.1658582023     5.7533816011
H       20.2494247173     0.9009925441     6.9663129615
H       21.4462500083     3.8912329184     6.7296982470
H       21.1008254204     3.0481387689     8.2879626508
H       20.3640287444     4.5492504008     7.9717120139
Si       16.4307779332     3.4085013205     4.3967495702
O       16.3120471859     4.9980824719     4.7401635563
O       17.9383781670     3.0751464298     3.8507373597
O       15.3766590342     2.9965475308     3.2126963990
O       16.1002415671     2.5734012741     5.7606208946
Si       16.5005074815     6.5974345140     4.4029663160
Si       13.9600685065     2.5607266682     2.4961942228
Si       18.8397436560     2.5383775528     2.5770131472
Si       15.7415288760     1.1303265643     6.4726981467
H       17.8884919765     6.8588784033     3.9097096526
H       15.5486100030     6.9627556536     3.2982049237
H       16.2662680157     7.4769644374     5.6146995515
H       12.8234561213     3.3063905840     3.0890322314
H       13.9565344486     2.8583351681     1.0302734289
H       18.4458523112     3.3221145758     1.3742115193
H       13.7118008415     1.0998021163     2.6967408614
H       18.5434239758     1.0965120713     2.3215184404
H       16.4289649824     0.9020221873     7.7960612199
H       14.2607325383     0.9803077045     6.6971337793
H       20.3343486250     2.6861223157     2.7754227710
H       16.1888767026     0.0669496579     5.5388961374
32
# Point 0 Energy = 0
C       20.6477110000     3.6549790000     7.5266840000
H       18.9761800000     3.6157410000     6.1694560000
C       19.4467280000     2.9484220000     6.9016430000
H       18.6922510000     2.7558520000     7.6754250000
H       20.5840390000     1.7980300000     5.4478400000
C       19.8234060000     1.6330100000     6.2209870000
H       18.9571360000     1.1573250000     5.7446630000
H       20.2404540000     0.9200090000     6.9405780000
H       21.4074060000     3.8754920000     6.7676150000
H       21.1161610000     3.0334640000     8.2953550000
H       20.3536290000     4.6012450000     7.9917750000
Si       16.4325060000     3.4077350000     4.3962220000
O       16.3148940000     4.9974300000     4.7394840000
O       17.9393640000     3.0735620000     3.8486780000
O       15.3769370000     2.9960700000     3.2133680000
O       16.1030250000     2.5730330000     5.7606000000
Si       16.5037570000     6.5966350000     4.4017980000
Si       13.9593780000     2.5607940000     2.4984440000
Si       18.8391290000     2.5361430000     2.5740860000
Si       15.7443760000     1.1302530000     6.4733110000
H       17.8913405600     6.8573308000     3.9070238400
H       15.5508605600     6.9622108000     3.2979838400
H       16.2712205600     7.4764908000     5.6136238400
H       12.8237502400     3.3071035200     3.0923555200
H       13.9544302400     2.8581435200     1.0324755200
H       18.4443303200     3.3198514400     1.3715668800
H       13.7106302400     1.1000235200     2.6995155200
H       18.5418503200     1.0943714400     2.3191668800
H       16.4331100800     0.9018602400     7.7959848800
H       14.2637500800     0.9809802400     6.6993448800
H       20.3340103200     2.6832114400     2.7708868800
H       16.1902300800     0.0665002400     5.5392248800
32
# Point 1 Energy = 0.0
C       20.6570817348     3.6504007447     7.5147183331
H       18.9801938913     3.6140454717     6.1664818988
C       19.4516784765     2.9468824935     6.8972375443
H       18.6888877316     2.7522873783     7.6808729239
H       20.5919762105     1.7968229837     5.4382759992
C       19.8277762173     1.6297104471     6.2198986920
H       18.9472955352     1.1488996096     5.7359059155
H       20.2315015475     0.9391294507     6.9148792390
H       21.3685047578     3.8593756068     6.8053331787
H       21.1313522827     3.0189283142     8.3028395645
H       20.3430392730     4.6529494860     8.0122283873
Si       16.4342483152     3.4069764205     4.3956887656
O       16.3177523357     4.9967865441     4.7387881932
O       17.9403584865     3.0719871526     3.8466030013
O       15.3772218164     2.9955897198     3.2140472736
O       16.1058382262     2.5726798443     5.7605805708
Si       16.5070088657     6.5958426792     4.4006009303
Si       13.9586916063     2.5608497118     2.5007175229
Si       18.8385125768     2.5339134854     2.5711407230
Si       15.7472650142     1.1301980510     6.4739377804
H       17.8941842920     6.8557919600     3.9042960668
H       15.5531037071     6.9616632081     3.2977409247
H       16.2761831431     7.4760306726     5.6125137642
H       12.8240524649     3.3078044564     3.0957063796
H       13.9523162078     2.8579313518     1.0347010242
H       18.4427936113     3.3175845663     1.3689034045
H       13.7094712494     1.1002340640     2.7023260741
H       18.5402784608     1.0922336869     2.3168102082
H       16.4373085972     0.9017272671     7.7959166000
H       14.2668140672     0.9816678650     6.7015834379
H       20.3336694008     2.6803117696     2.7663187277
H       16.1916204971     0.0660655372     5.5395723106
32
# Point 2 Energy = 0.0
C       20.6664411952     3.6458264017     7.5026984972
H       18.9842405921     3.6123814784     6.1634769285
C       19.4566610749     2.9453750936     6.8927987172
H       18.6855777887     2.7487685241     7.6863103126
H       20.5998875323     1.7956711891     5.4286408810
C       19.8321804994     1.6264532374     6.2187794682
H       18.9374638917     1.1405817932     5.7271107852
H       20.2225662696     0.9583536481     6.8892174100
H       21.3295457428     3.8428883796     6.8428512579
H       21.1463992425     3.0045345018     8.3104157262
H       20.3322659295     4.7043603194     8.0330751460
Si       16.4360048036     3.4062255105     4.3951497214
O       16.3206223680     4.9961521361     4.7380756060
O       17.9413614652     3.0704214141     3.8445123251
O       15.3775133684     2.9951065340     3.2147341996
O       16.1086810480     2.5723421128     5.7605626117
Si       16.5102634979     6.5950574723     4.3993742141
Si       13.9580091748     2.5608937377     2.5030148847
Si       18.8378941211     2.5316880738     2.5681774500
Si       15.7501955047     1.1301622530     6.4745788061
H       17.8970236010     6.8542614368     3.9015254051
H       15.5553399426     6.9611127146     3.2974752266
H       16.2811563265     7.4755843023     5.6113681852
H       12.8243627875     3.3084936733     3.0990847011
H       13.9501922482     2.8576982564     1.0369500109
H       18.4412420510     3.3153128115     1.3662210779
H       13.7083234974     1.1004337727     2.7051729512
H       18.5387079154     1.0900978694     2.3144489027
H       16.4415600685     0.9016239875     7.7958567151
H       14.2699240962     0.9823714366     6.7038497874
H       20.3333255911     2.6774221437     2.7617184190
H       16.1930473644     0.0656457846     5.5399390292
32
# Point 3 Energy = 0.0
C       20.6757890444     3.6412560361     7.4906243479
H       18.9883200036     3.6107490794     6.1604407981
C       19.4616755645     2.9438999272     6.8883263631
H       18.6823211599     2.7452962396     7.6917373065
H       20.6077719447     1.7945740443     5.4189346652
C       19.8366183925     1.6232382942     6.2176294017
H       18.9276407114     1.1323714440     5.7182780449
H       20.2136470989     0.9776815905     6.8635932918
H       21.2905281962     3.8260335480     6.8801671540
H       21.1613019016     2.9902856473     8.3180827923
H       20.3213155702     4.7554732964     8.0543197247
Si       16.4377753786     3.4054822306     4.3946046844
O       16.3235042172     4.9955268436     4.7373456333
O       17.9423727689     3.0688643711     3.8424058980
O       15.3778115371     2.9946202642     3.2154287359
O       16.1115532875     2.5720201669     5.7605461099
Si       16.5135212144     6.5942793317     4.3981168446
Si       13.9573305619     2.5609259358     2.5053361743
Si       18.8372733694     2.5294658853     2.5651962906
Si       15.7531671216     1.1301462048     6.4752344128
H       17.8998588023     6.8527388405     3.8987108018
H       15.5575696483     6.9605591371     3.2971856771
H       16.2861405512     7.4751519881     5.6101858289
H       12.8246811890     3.3091713574     3.1024903572
H       13.9480582487     2.8574437176     1.0392225395
H       18.4396754793     3.3130350493     1.3635198452
H       13.7071866609     1.1006225939     2.7080566101
H       18.5371382430     1.0879630880     2.3120834528
H       16.4458641049     0.9015512321     7.7958055797
H       14.2730798349     0.9830918417     6.7061442906
H       20.3329786114     2.6745415009     2.7570860243
H       16.1945101817     0.0652412723     5.5403256782
32
# Point 4 Energy = 0.0
C       20.6851248966     3.6366895542     7.4784958170
H       18.9924319983     3.6091482364     6.1573732636
C       19.4667216664     2.9424569998     6.8838203656
H       18.6791177691     2.7418712159     7.6971540691
H       20.6156283819     1.7935308585     5.4091574053
C       19.8410893829     1.6200654311     6.2164485822
H       18.9178255782     1.1242683542     5.7094081302
H       20.2047429233     0.9971130999     6.8380076124
H       21.2514514027     3.8088154502     6.9172793176
H       21.1760602924     2.9761847370     8.3258401437
H       20.3101953796     4.8062847772     8.0759656400
Si       16.4395599399     3.4047465044     4.3940534841
O       16.3263980025     4.9949106910     4.7365977114
O       17.9433922189     3.0673155663     3.8402836707
O       15.3781161993     2.9941307299     3.2161308328
O       16.1144547278     2.5717143088     5.7605310449
Si       16.5167823523     6.5935081697     4.3968278894
Si       13.9566556234     2.5609461930     2.5076814473
Si       18.8366500561     2.5272460104     2.5621973795
Si       15.7561794535     1.1301504376     6.4759048967
H       17.9026902389     6.8512237350     3.8958512996
H       15.5597932424     6.9600022853     3.2968712776
H       16.2911362725     7.4747339684     5.6089655092
H       12.8250076514     3.3098377257     3.1059231881
H       13.9459141169     2.8571672753     1.0415186422
H       18.4380937565     3.3107501510     1.3607996868
H       13.7060603992     1.1008005039     2.7109774456
H       18.5355689885     1.0858284226     2.3097143418
H       16.4502202375     0.9015097307     7.7957635115
H       14.2762808851     0.9838299118     6.7084672488
H       20.3326281791     2.6716687290     2.7524216598
H       16.1960083867     0.0648522360     5.5407328455
32
# Point 5 Energy = 0.0
C       20.6944483373     3.6321268204     7.4663128591
H       18.9965764319     3.6075788920     6.1542740881
C       19.4717990794     2.9410462899     6.8792806137
H       18.6759675127     2.7384941323     7.7025607651
H       20.6234557599     1.7925409090     5.3993091619
C       19.8455929350     1.6169344418     6.2152370979
H       18.9080180529     1.1162722971     5.7005014741
H       20.1958526239     1.0166479593     6.8124610761
H       21.2123146551     3.7912387414     6.9541864263
H       21.1906744454     2.9622347789     8.3336871895
H       20.2989128945     4.8567912426     8.0980162682
Si       16.4413583759     3.4040182413     4.3934959453
O       16.3293038278     4.9943036856     4.7358312784
O       17.9444196276     3.0657745315     3.8381455947
O       15.3784272268     2.9936377429     3.2168404294
O       16.1173851371     2.5714248199     5.7605173850
Si       16.5200472318     6.5927438827     4.3955064265
Si       13.9559842147     2.5609543916     2.5100507401
Si       18.8360239122     2.5250275361     2.5591808542
Si       15.7592320730     1.1301754588     6.4765905337
H       17.9055182381     6.8497156706     3.8929459597
H       15.5620111307     6.9594419583     3.2965310381
H       16.2961439228     7.4743304584     5.6077060528
H       12.8253421526     3.3104929868     3.1093830126
H       13.9437597651     2.8568684730     1.0438383340
H       18.4364967435     3.3084569902     1.3580605885
H       13.7049443725     1.1009674744     2.7139358251
H       18.5339996971     1.0836929519     2.3073420477
H       16.4546279761     0.9015001826     7.7957308101
H       14.2795268331     0.9845864535     6.7108189357
H       20.3322740064     2.6688027119     2.7477254521
H       16.1975414070     0.0644788932     5.5411610964
32
# Point 6 Energy = 0.0
C       20.7037589240     3.6275676565     7.4540754528
H       19.0007531436     3.6060409689     6.1511430427
C       19.4769074803     2.9396677480     6.8747070021
H       18.6728702601     2.7351656543     7.7079575599
H       20.6312529767     1.7916034420     5.3893900028
C       19.8501284914     1.6138450991     6.2139950356
H       18.8982176742     1.1083830275     5.6915585045
H       20.1869750769     1.0362859130     6.7869543628
H       21.1731172536     3.7733083970     6.9908873938
H       21.2051443916     2.9484388015     8.3416233650
H       20.2874759931     4.9069892996     8.1204748407
Si       16.4431705637     3.4032973365     4.3929318878
O       16.3322217814     4.9937058174     4.7350457755
O       17.9454547984     3.0642407889     3.8359916222
O       15.3787444863     2.9931411071     3.2175574535
O       16.1203442682     2.5711519598     5.7605050873
Si       16.5233161561     6.5919863506     4.3941515465
Si       13.9553161904     2.5609504099     2.5124440696
Si       18.8353946659     2.5228095479     2.5561468549
Si       15.7623245375     1.1302217506     6.4772915792
H       17.9083431110     6.8482141846     3.8899938640
H       15.5642237064     6.9588779440     3.2961639791
H       16.3011639103     7.4739416490     5.6064063023
H       12.8256846671     3.3111373406     3.1128696284
H       13.9415951108     2.8565468582     1.0461816129
H       18.4348843020     3.3061544450     1.3553025422
H       13.7038382425     1.1011234727     2.7169320874
H       18.5324299151     1.0815557552     2.3049670426
H       16.4590868102     0.9015232550     7.7957077553
H       14.2828172499     0.9853622461     6.7131995965
H       20.3319158009     2.6659423308     2.7429975379
H       16.1991086605     0.0641214427     5.5416109723
32
# Point 7 Energy = 0.0
C       20.7130561859     3.6230118423     7.4417836012
H       19.0049619565     3.6045343699     6.1479799065
C       19.4820465242     2.9383212960     6.8700994313
H       18.6698258530     2.7318864329     7.7133446191
H       20.6390189141     1.7907176728     5.3794000025
C       19.8546954739     1.6107971549     6.2127224800
H       18.8884239599     1.1006002815     5.6825796436
H       20.1781091548     1.0560266681     6.7614881271
H       21.1338585061     3.7550297117     7.0273813765
H       21.2194701634     2.9347998532     8.3496481298
H       20.2758928818     4.9568756834     8.1433444430
Si       16.4449963698     3.4025836704     4.3923611270
O       16.3351519356     4.9931170585     4.7342406479
O       17.9464975263     3.0627138508     3.8338217063
O       15.3790678402     2.9926406186     3.2182818219
O       16.1233318592     2.5708959652     5.7604940972
Si       16.5265894102     6.5912354364     4.3927623544
Si       13.9546514055     2.5609341220     2.5148614325
Si       18.8347620434     2.5205911305     2.5530955242
Si       15.7654563901     1.1302897684     6.4780082662
H       17.9111651514     6.8467188017     3.8869941167
H       15.5664313486     6.9583100198     3.2957691337
H       16.3061966185     7.4735677061     5.6050651178
H       12.8260351652     3.3117709775     3.1163828118
H       13.9394200771     2.8562019828     1.0485484587
H       18.4332562954     3.3038413996     1.3525255450
H       13.7027416736     1.1012684610     2.7199665412
H       18.5308591913     1.0794159134     2.3025897912
H       16.4635962092     0.9015795807     7.7956946060
H       14.2861516922     0.9861580395     6.7156094465
H       20.3315532665     2.6630864670     2.7382380644
H       16.2007095571     0.0637800634     5.5420829888
32
# Point 8 Energy = 0.0
C       20.7223396247     3.6184591154     7.4294373326
H       19.0092026772     3.6030589773     6.1447844669
C       19.4872158448     2.9370068274     6.8654578074
H       18.6668341063     2.7286571027     7.7187221083
H       20.6467524382     1.7898827878     5.3693392421
C       19.8592932838     1.6077903406     6.2114195127
H       18.8786364078     1.0929237769     5.6735653054
H       20.1692537292     1.0758698947     6.7360629982
H       21.0945377280     3.7364082957     7.0636677804
H       21.2336517962     2.9213210017     8.3577609647
H       20.2641720832     5.0064472606     8.1666280136
Si       16.4468356499     3.4018771089     4.3917834738
O       16.3380943469     4.9925373627     4.7334153455
O       17.9475475985     3.0611932205     3.8316358008
O       15.3793971468     2.9921360655     3.2190134396
O       16.1263476341     2.5706570491     5.7604843483
Si       16.5298672604     6.5904909866     4.3913379709
Si       13.9539897155     2.5609053972     2.5173028047
Si       18.8341257693     2.5183713698     2.5500270072
Si       15.7686271604     1.1303799398     6.4787408049
H       17.9139846353     6.8452290351     3.8839458464
H       15.5686344220     6.9577379521     3.2953455491
H       16.3112424041     7.4732087700     5.6036813792
H       12.8263936142     3.3123940774     3.1199223173
H       13.9372345936     2.8558334044     1.0509388334
H       18.4316125887     3.3015167464     1.3497296002
H       13.7016543339     1.1014023967     2.7230394642
H       18.5292870776     1.0772725111     2.3002107501
H       16.4681556236     0.9016697568     7.7956915994
H       14.2895297027     0.9869745525     6.7180486697
H       20.3311861038     2.6602340028     2.7334471886
H       16.2023434995     0.0634549138     5.5425776344
32
# Point 9 Energy = 0.0
C       20.7316087140     3.6139091726     7.4170367009
H       19.0134750962     3.6016146536     6.1415565199
C       19.4924150548     2.9357242068     6.8607820423
H       18.6638948078     2.7254782819     7.7240901925
H       20.6544524007     1.7890979455     5.3592078091
C       19.8639213033     1.6048243670     6.2100862123
H       18.8688544974     1.0853532141     5.6645158949
H       20.1604076716     1.0958152278     6.7106795795
H       21.0551542421     3.7174500697     7.0997462656
H       21.2476893298     2.9080053330     8.3659613698
H       20.2523224219     5.0557010310     8.1903283442
Si       16.4486882492     3.4011775031     4.3911987345
O       16.3410490549     4.9919666654     4.7325693236
O       17.9486047944     3.0596783934     3.8294338602
O       15.3797322605     2.9916272283     3.2197521998
O       16.1293913026     2.5704353998     5.7604757618
Si       16.5331499530     6.5897528308     4.3898775340
Si       13.9533309771     2.5608641004     2.5197681410
Si       18.8334855676     2.5161493545     2.5469414507
Si       15.7718363649     1.1304926629     6.4794893814
H       17.9168018200     6.8437443864     3.8808482074
H       15.5708332753     6.9571614967     3.2948922880
H       16.3163015966     7.4728649543     5.6022539878
H       12.8267599778     3.3130068092     3.1234878779
H       13.9350385964     2.8554406857     1.0533526801
H       18.4299530496     3.2991793879     1.3469147167
H       13.7005758960     1.1015252314     2.7261511021
H       18.5277131312     1.0751246376     2.2978303669
H       16.4727644858     0.9017943428     7.7956989501
H       14.2929508116     0.9878124705     6.7205174182
H       20.3308140108     2.6573838245     2.7286250779
H       16.2040098851     0.0631461315     5.5430953690
32
# Point 10 Energy = 0.0
C       20.7408629002     3.6093616710     7.4045817870
H       19.0177789882     3.6002012416     6.1382958706
C       19.4976437460     2.9344732712     6.8560720542
H       18.6610077181     2.7223505711     7.7294490358
H       20.6621176406     1.7883622784     5.3490057980
C       19.8685788960     1.6018989254     6.2087226540
H       18.8590776909     1.0778882770     5.6554318069
H       20.1515698560     1.1158622691     6.6853384485
H       21.0157073770     3.6981612475     7.1356167457
H       21.2615828083     2.8948559518     8.3742488627
H       20.2403530109     5.1046341302     8.2144480795
Si       16.4505540029     3.4004846893     4.3906067112
O       16.3440160823     4.9914048836     4.7317020438
O       17.9496688866     3.0581688575     3.8272158399
O       15.3800730328     2.9911138800     3.2204979839
O       16.1324625613     2.5702311809     5.7604682465
Si       16.5364377137     6.5890207819     4.3883802001
Si       13.9526750490     2.5608100916     2.5222573747
Si       18.8328411627     2.5139241778     2.5438390036
Si       15.7750835088     1.1306283060     6.4802541573
H       17.9196169429     6.8422643473     3.8777003815
H       15.5730282408     6.9565803989     3.2944084302
H       16.3213744963     7.4725363460     5.6007818680
H       12.8271342172     3.3136093294     3.1270792042
H       13.9328320293     2.8550233956     1.0557899234
H       18.4282775490     3.2968282391     1.3440809098
H       13.6995060384     1.1016369109     2.7293016670
H       18.5261369151     1.0729713892     2.2954490798
H       16.4774222108     0.9019538598     7.7957168489
H       14.2964145371     0.9886724444     6.7230158109
H       20.3304366843     2.6545348245     2.7237719096
H       16.2057081067     0.0628538322     5.5436366229
32
# Point 11 Energy = 0.0
C       20.7501016261     3.6048160750     7.3920726531
H       19.0221141247     3.5988184597     6.1350023009
C       19.5029014944     2.9332537078     6.8513277255
H       18.6581725774     2.7192744414     7.7347987637
H       20.6697469517     1.7876747608     5.3387332487
C       19.8732653777     1.5990135634     6.2073288522
H       18.8493053894     1.0705285344     5.6463133704
H       20.1427391239     1.1360104464     6.6600400863
H       20.9761967063     3.6785501605     7.1712801841
H       21.2753323978     2.8818758697     8.3826229114
H       20.2282732443     5.1532436565     8.2389896964
Si       16.4524327310     3.3997984560     4.3900071876
O       16.3469954671     4.9908518814     4.7308129755
O       17.9507396240     3.0566640330     3.8249816672
O       15.3804192888     2.9905957862     3.2212506519
O       16.1355610808     2.5700444919     5.7604616797
Si       16.5397308113     6.5882946013     4.3868451592
Si       13.9520217537     2.5607432633     2.5247704150
Si       18.8321922409     2.5116948694     2.5407197759
Si       15.7783680472     1.1307871691     6.4810352395
H       17.9224302871     6.8407883385     3.8745015844
H       15.5752196971     6.9559943891     3.2938930983
H       16.3264614666     7.4722229637     5.5992639924
H       12.8275162731     3.3142018388     3.1306959981
H       13.9306148007     2.8545811602     1.0582504690
H       18.4265859303     3.2944621788     1.3412281700
H       13.6984443777     1.1017374160     2.7324913241
H       18.5245579275     1.0708118100     2.2930672653
H       16.4821281643     0.9021487252     7.7957454261
H       14.2999203464     0.9895550819     6.7255439143
H       20.3300537857     2.6516857990     2.7188878201
H       16.2074374851     0.0625780716     5.5442017538
32
# Point 12 Energy = 0.0
C       20.7593241852     3.6002727124     7.3795096198
H       19.0264801957     3.5974666215     6.1316757652
C       19.5081878436     2.9320658914     6.8465491654
H       18.6553890817     2.7162510111     7.7401397024
H       20.6773393064     1.7870351170     5.3283905408
C       19.8779802280     1.5961685339     6.2059051303
H       18.8395372408     1.0632741235     5.6371612062
H       20.1339145114     1.1562600478     6.6347854191
H       20.9366203653     3.6586149508     7.2067331801
H       21.2889376351     2.8690687932     8.3910833358
H       20.2160927496     5.2015276048     8.2639559858
Si       16.4543242751     3.3991187713     4.3894000141
O       16.3499870487     4.9903077043     4.7299015701
O       17.9518168453     3.0551636841     3.8227314221
O       15.3807709820     2.9900726989     3.2220101034
O       16.1386865995     2.5698756386     5.7604560316
Si       16.5430291253     6.5875742375     4.3852715126
Si       13.9513711303     2.5606632788     2.5273071679
Si       18.8315387055     2.5094608539     2.5375840986
Si       15.7816896566     1.1309697496     6.4818328836
H       17.9252417358     6.8393161201     3.8712509933
H       15.5774076366     6.9554032084     3.2933452645
H       16.3315623138     7.4719250443     5.5976991896
H       12.8279061799     3.3147841938     3.1343378691
H       13.9283870635     2.8541133021     1.0607342052
H       18.4248782072     3.2920803696     1.3383566526
H       13.6973909260     1.1018264774     2.7357202967
H       18.5229760807     1.0686452885     2.2906855797
H       16.4868819023     0.9023797079     7.7957850025
H       14.3034679363     0.9904610113     6.7281018828
H       20.3296651657     2.6488361389     2.7139732278
H       16.2091977413     0.0623191132     5.5447913413
32
# Point 13 Energy = 0.0
C       20.7685299760     3.5957308341     7.3668928069
H       19.0308769468     3.5961453134     6.1283160677
C       19.5135023244     2.9309093432     6.8417362632
H       18.6526569068     2.7132806014     7.7454719631
H       20.6848934534     1.7864421647     5.3179777063
C       19.8827226996     1.5933632376     6.2044514703
H       18.8297725832     1.0561244859     5.6279755853
H       20.1250948653     1.1766102443     6.6095747551
H       20.8969781045     3.6383659498     7.2419777747
H       21.3023987482     2.8564376273     8.3996296151
H       20.2038214359     5.2494834490     8.2893487903
Si       16.4562284347     3.3984453660     4.3887849693
O       16.3529908563     4.9897721487     4.7289673359
O       17.9529002799     3.0536671724     3.8204650304
O       15.3811279224     2.9895443733     3.2227761726
O       16.1418387482     2.5697246282     5.7604511467
Si       16.5463329338     6.5868593896     4.3836585368
Si       13.9507229881     2.5605700580     2.5298674926
Si       18.8308802283     2.5072211297     2.5344320729
Si       15.7850477332     1.1311762404     6.4826471192
H       17.9280515877     6.8378470489     3.8679479300
H       15.5795924595     6.9548065679     3.2927641405
H       16.3366774093     7.4716425107     5.5960865411
H       12.8283038675     3.3153566175     3.1380044804
H       13.9261487272     2.8536195170     1.0632409970
H       18.4231542259     3.2896816978     1.3354663590
H       13.6963452710     1.1019041021     2.7389886559
H       18.5213908469     1.0664708502     2.2883043470
H       16.4916827185     0.9026470719     7.7958356296
H       14.3070567119     0.9913907440     6.7306896883
H       20.3292704712     2.6459845862     2.7090282772
H       16.2109881344     0.0620769288     5.5454056396
32
# Point 14 Energy = 0.0
C       20.7777185212     3.5911886567     7.3542220260
H       19.0353041893     3.5948534209     6.1249227802
C       19.5188444783     2.9297827635     6.8368886036
H       18.6499757542     2.7103627816     7.7507953788
H       20.6924079207     1.7858938448     5.3074943356
C       19.8874918427     1.5905962539     6.2029674339
H       18.8200104488     1.0490784307     5.6187563708
H       20.1162787826     1.1970593800     6.5844080016
H       20.8572713473     3.6178256614     7.2770218626
H       21.3157168759     2.8439846577     8.4082607559
H       20.1914693914     5.2971074306     8.3151699386
Si       16.4581449583     3.3977777363     4.3881617140
O       16.3560070959     4.9892447641     4.7280097835
O       17.9539895324     3.0521734666     3.8181822012
O       15.3814897575     2.9890105578     3.2235486012
O       16.1450170673     2.5695911764     5.7604467075
Si       16.5496428846     6.5861495079     4.3820056160
Si       13.9500768825     2.5604637550     2.5324511966
Si       18.8302162199     2.5049742785     2.5312635011
Si       15.7884414293     1.1314065393     6.4834777279
H       17.9308605185     6.8363800858     3.8645917735
H       15.5817749298     6.9542041371     3.2921491213
H       16.3418076718     7.4713749767     5.5944253102
H       12.8287091422     3.3159196724     3.1416955536
H       13.9238994125     2.8530998439     1.0657706806
H       18.4214136138     3.2872647731     1.3325570692
H       13.6953065649     1.1019705509     2.7422963283
H       18.5198012344     1.0642871634     2.2859235042
H       16.4965296981     0.9029505974     7.7958970587
H       14.3106858282     0.9923446754     6.7333071181
H       20.3288691141     2.6431292534     2.7040527493
H       16.2128074915     0.0618512066     5.5460445567
32
# Point 15 Energy = 0.0
C       20.7868865778     3.5866660961     7.3415046132
H       19.0397603334     3.5936047394     6.1215010766
C       19.5242135867     2.9287021564     6.8320128337
H       18.6473445033     2.7075129439     7.7561159799
H       20.6998865033     1.7854068680     5.2969500902
C       19.8922912132     1.5878837213     6.2014618745
H       18.8102567820     1.0421479585     5.6095122140
H       20.1074693100     1.2176265653     6.5592975889
H       20.8174552999     3.5967553112     7.3117403627
H       21.3288710324     2.8317227965     8.4169862360
H       20.1790505015     5.3444272745     8.3414179433
Si       16.4600748564     3.3971201863     4.3875326570
O       16.3590320332     4.9887300513     4.7270289304
O       17.9550871991     3.0506901003     3.8158876451
O       15.3818600244     2.9884710106     3.2243291239
O       16.1482232020     2.5694806867     5.7604458790
Si       16.5529512930     6.5854491180     4.3803107449
Si       13.9494383761     2.5603392945     2.5350589281
Si       18.8295522800     2.5027283803     2.5280849612
Si       15.7918754627     1.1316661177     6.4843294649
H       17.9336607433     6.8349227476     3.8611818357
H       15.5839476783     6.9535962904     3.2914965533
H       16.3469415635     7.4711281163     5.5927119476
H       12.8291248070     3.3164661171     3.1454093013
H       13.9216456295     2.8525470630     1.0683235039
H       18.4196612723     3.2848348757     1.3296337990
H       13.6942841067     1.1020203660     2.7456457198
H       18.5182170739     1.0621011323     2.2835513092
H       16.5014266040     0.9032995204     7.7959751764
H       14.3143601205     0.9933246468     6.7359573449
H       20.3284660763     2.6402825045     2.6990548174
H       16.2146645543     0.0616472432     5.5467149039
