32
# Point -15 Energy = 0.0
C       20.6546710419     3.6605749213     7.5519514381
H       18.9286764353     3.5539565630     6.1364173527
C       19.4188384307     2.9213117616     6.8820781225
H       18.6556331877     2.6821248304     7.6352397031
H       20.5595594041     1.8263735823     5.4551339074
C       19.8062212872     1.6544513690     6.2334528925
H       18.9313971529     1.1978316759     5.7493779058
H       20.2182444879     0.9287692233     6.9422551141
H       21.4129438905     3.8852442996     6.7914767252
H       21.1334433009     3.0395833275     8.3159586641
H       20.3671015185     4.6103082031     8.0124513257
Si       16.3939557298     3.2381462590     4.3293363107
O       16.3573029859     5.4458173903     4.7213969903
O       17.8483065151     3.0985051005     3.8759963683
O       15.6255789776     3.0438861445     3.4382984196
O       16.1379951834     2.6535126717     5.6415787264
Si       16.5126208344     6.5154451365     4.4307161611
Si       13.8876289644     2.4804958030     2.4771224609
Si       18.8307751873     2.5137721275     2.5441248422
Si       15.7431167525     1.0915876150     6.4558679325
H       17.9063109503     6.8766668112     3.9083389932
H       15.5684408368     6.9833619376     3.3169129193
H       16.3022925226     7.4928500024     5.6256963180
H       12.8241994100     3.2481036829     3.1086156660
H       13.9542839841     2.7996534296     1.0519343143
H       18.4290770688     3.3061535024     1.3565063017
H       13.7218885862     1.0487414878     2.7235745942
H       18.5137139483     1.0851995242     2.3147516595
H       16.4471204500     0.8866222264     7.7611062503
H       14.2724908071     0.9752104430     6.6765764340
H       20.3137907392     2.6662822777     2.7607264219
H       16.1903600283     0.0627586698     5.5021941244
32
# Point -14 Energy = 0.0
C       20.6547662322     3.6602754965     7.5496195449
H       18.9321310914     3.5575462481     6.1382545419
C       19.4212196571     2.9228490348     6.8831577740
H       18.6586382529     2.6868922481     7.6378849461
H       20.5617583331     1.8239487364     5.4546150745
C       19.8080522840     1.6526114420     6.2327365440
H       18.9337938173     1.1944405604     5.7494203756
H       20.2205890349     0.9280372884     6.9424356445
H       21.4130088720     3.8845269621     6.7890715005
H       21.1330249295     3.0395303085     8.3140621646
H       20.3667098977     4.6098881645     8.0101698169
Si       16.3965170558     3.2480354096     4.3337844597
O       16.3519445880     5.4144905638     4.7237168817
O       17.8555200433     3.0962129318     3.8749987864
O       15.6094067820     3.0423610672     3.4216722084
O       16.1352521355     2.6479812317     5.6509490533
Si       16.5103810108     6.5189734739     4.4279488552
Si       13.8920532478     2.4884433332     2.4775938924
Si       18.8324928022     2.5153978809     2.5465941797
Si       15.7428218982     1.0940486901     6.4586294532
H       17.9040675085     6.8736364648     3.9080135249
H       15.5658476527     6.9799766060     3.3143081500
H       16.2979306995     7.4901064152     5.6239711000
H       12.8238857945     3.2548075173     3.1068078963
H       13.9540005228     2.8064966705     1.0496343551
H       18.4308347082     3.3073412609     1.3582093008
H       13.7203764492     1.0545459728     2.7206188938
H       18.5172919352     1.0858540118     2.3152019235
H       16.4453892853     0.8880770184     7.7653655380
H       14.2714548785     0.9752354358     6.6792112109
H       20.3162702752     2.6680713704     2.7617749710
H       16.1905489249     0.0626621840     5.5067327982
32
# Point -13 Energy = 0.0
C       20.6548024030     3.6599612272     7.5473580088
H       18.9355496854     3.5612117497     6.1401380377
C       19.4235386076     2.9244243577     6.8842606745
H       18.6615825607     2.6916842624     7.6405332806
H       20.5638710026     1.8215939962     5.4540833066
C       19.8097881884     1.6508264245     6.2319946993
H       18.9360902602     1.1911458518     5.7494139072
H       20.2228192880     0.9273236672     6.9425613509
H       21.4130247937     3.8838120420     6.7867518753
H       21.1325298442     3.0394225969     8.3122140789
H       20.3662739572     4.6094388816     8.0079970086
Si       16.3990626754     3.2581309852     4.3382534275
O       16.3469326195     5.3833606969     4.7258959509
O       17.8625665113     3.0940114587     3.8739043279
O       15.5931797773     3.0406145937     3.4052469150
O       16.1325476075     2.6424712170     5.6601470879
Si       16.5083601620     6.5227692460     4.4253070661
Si       13.8965432072     2.4960178555     2.4781661476
Si       18.8340473036     2.5170102902     2.5490212110
Si       15.7425602717     1.0965224039     6.4611932242
H       17.9019842333     6.8708561204     3.9077272830
H       15.5634418137     6.9768657044     3.3118980787
H       16.2938757920     7.4876006912     5.6223801871
H       12.8236255727     3.2611242178     3.1050559256
H       13.9537834455     2.8129122229     1.0474412934
H       18.4324926109     3.3085015755     1.3598397485
H       13.7189803402     1.0600142655     2.7178270844
H       18.5206359081     1.0865104167     2.3156447550
H       16.4437514590     0.8894645831     7.7693786070
H       14.2704635975     0.9753104380     6.6817192538
H       20.3185891312     2.6697770697     2.7628035847
H       16.1906859696     0.0626108905     5.5110079723
32
# Point -12 Energy = 0.0
C       20.6547745213     3.6596325010     7.5451722622
H       18.9389309652     3.5649531179     6.1420693126
C       19.4257921505     2.9260376641     6.8853889200
H       18.6644612389     2.6964999065     7.6431850723
H       20.5658979920     1.8193106272     5.4535425228
C       19.8114276546     1.6490969963     6.2312292917
H       18.9382863639     1.1879481961     5.7493577263
H       20.2249322854     0.9266285646     6.9426349364
H       21.4129885122     3.8831005636     6.7845253208
H       21.1319511875     3.0392602198     8.3104207158
H       20.3657872498     4.6089604177     8.0059381247
Si       16.4015964563     3.2684331710     4.3427387144
O       16.3422712132     5.3524306831     4.7279304800
O       17.8694467795     3.0919011356     3.8727079151
O       15.5768972308     3.0386423133     3.3890295336
O       16.1298869184     2.6369838870     5.6691653193
Si       16.5065621267     6.5268340525     4.4227897661
Si       13.9010953488     2.5032185243     2.4788471680
Si       18.8354379136     2.5186080733     2.5513999005
Si       15.7423376557     1.0990102636     6.4635521164
H       17.9000653096     6.8683266657     3.9074792095
H       15.5612268735     6.9740322667     3.3096824418
H       16.2901326652     7.4853336157     5.6209233466
H       12.8234154629     3.2670506299     3.1033700175
H       13.9536270468     2.8188994924     1.0453631358
H       18.4340494934     3.3096318121     1.3613909742
H       13.7176986945     1.0651439666     2.7152065899
H       18.5237432279     1.0871669978     2.3160766891
H       16.4422132087     0.8907863408     7.7731382229
H       14.2695225942     0.9754363407     6.6840934583
H       20.3207470240     2.6713965447     2.7638043893
H       16.1907772350     0.0626064482     5.5150117662
32
# Point -11 Energy = 0.0
C       20.6546775913     3.6592899070     7.5430676713
H       18.9422736973     3.5687703731     6.1440498167
C       19.4279772270     2.9276889490     6.8865446066
H       18.6672694802     2.7013382575     7.6458407056
H       20.5678400850     1.8170999737     5.4529967134
C       19.8129695480     1.6474239029     6.2304423235
H       18.9403822624     1.1848482052     5.7492511540
H       20.2269253180     0.9259523326     6.9426592238
H       21.4128969118     3.8823937668     6.7823992380
H       21.1312821768     3.0390434946     8.3086883502
H       20.3652432788     4.6084530356     8.0039982548
Si       16.4041223030     3.2789417953     4.3472358140
O       16.3379643198     5.3217030816     4.7298165598
O       17.8761617162     3.0898822028     3.8714045270
O       15.5605584343     3.0364400058     3.3730272222
O       16.1272752151     2.6315202616     5.6779961883
Si       16.5049907662     6.5311691155     4.4203958243
Si       13.9057062229     2.5100449599     2.4796449775
Si       18.8366638974     2.5201899188     2.5537242437
Si       15.7421595574     1.1015135838     6.4656989878
H       17.8983149189     6.8660486126     3.9072681745
H       15.5592064275     6.9714789392     3.3076608340
H       16.2867061583     7.4833055974     5.6196001975
H       12.8232522780     3.2725839672     3.1017607372
H       13.9535256043     2.8244586274     1.0434080632
H       18.4355040166     3.3107292999     1.3628563837
H       13.7165299083     1.0699331098     2.7127646528
H       18.5266114099     1.0878219632     2.3164942335
H       16.4407803263     0.8920435862     7.7766372136
H       14.2686372169     0.9756138300     6.6863265354
H       20.3227436857     2.6729270489     2.7647695238
H       16.1908286406     0.0626502951     5.5187364084
32
# Point -10 Energy = 0.0
C       20.6545066701     3.6589342392     7.5410495166
H       18.9455766715     3.5726635040     6.1460809713
C       19.4300908634     2.9293782707     6.8877298227
H       18.6700025587     2.7061984412     7.6485005810
H       20.5696982744     1.8149634547     5.4524499295
C       19.8144129566     1.6458079546     6.2296358609
H       18.9423783516     1.1818464541     5.7490936110
H       20.2287959463     0.9252954729     6.9426371494
H       21.4127469152     3.8816931069     6.7803809326
H       21.1305161255     3.0387730351     8.3070232019
H       20.3646355156     4.6079172018     8.0021823339
Si       16.4066441480     3.2896563198     4.3517402243
O       16.3340156947     5.2911801061     4.7315500974
O       17.8827121952     3.0879546851     3.8699892147
O       15.5441627023     3.0340036601     3.3572472926
O       16.1247174529     2.6260811169     5.6866321003
Si       16.5036499544     6.5357752672     4.4181240126
Si       13.9103724294     2.5164972513     2.4805676632
Si       18.8377245667     2.5217544887     2.5559882886
Si       15.7420311860     1.1040334839     6.4676266978
H       17.8967372291     6.8640220861     3.9070929847
H       15.5573841057     6.9692079657     3.3058327117
H       16.2836010698     7.4815166577     5.6184102135
H       12.8231329306     3.2777218221     3.1002389281
H       13.9534733933     2.8295905264     1.0415844128
H       18.4368547920     3.3117913353     1.3642294793
H       13.7154723405     1.0743801694     2.7105083131
H       18.5292381327     1.0884734742     2.3168938855
H       16.4394581298     0.8932374861     7.7798684852
H       14.2678125066     0.9758433909     6.6884110213
H       20.3245788649     2.6743659280     2.7656911682
H       16.1908459265     0.0627436436     5.5221742543
32
# Point -9 Energy = 0.0
C       20.6542568842     3.6585664984     7.5391229738
H       18.9488387062     3.5766324674     6.1481641613
C       19.4321301834     2.9311057514     6.8889466405
H       18.6726558466     2.7110796375     7.6511651116
H       20.5714737675     1.8129025600     5.4519062724
C       19.8157572010     1.6442500245     6.2288120286
H       18.9442752967     1.1789434774     5.7488846199
H       20.2305420163     0.9246586382     6.9425717564
H       21.4125354935     3.8810002545     6.7784775905
H       21.1296464666     3.0384497569     8.3054314147
H       20.3639574179     4.6073535905     8.0004951215
Si       16.4091659410     3.3005758313     4.3562474587
O       16.3304288853     5.2608636141     4.7331268248
O       17.8890990940     3.0861183916     3.8684571187
O       15.5277093701     3.0313294926     3.3416971975
O       16.1222183771     2.6206669833     5.6950654373
Si       16.5025435655     6.5406529388     4.4159730128
Si       13.9150906249     2.5225759574     2.4816233558
Si       18.8386192842     2.5233004212     2.5581861575
Si       15.7419574295     1.1065708873     6.4693281216
H       17.8953363831     6.8622468157     3.9069523923
H       15.5557635641     6.9672211730     3.3041973965
H       16.2808221426     7.4799664210     5.6173527268
H       12.8230544368     3.2824621743     3.0988156850
H       13.9534647031     2.8342968422     1.0399006570
H       18.4381003883     3.3128151856     1.3655038822
H       13.7145243137     1.0784840675     2.7084443870
H       18.5316212490     1.0891196509     2.3172721497
H       16.4382514365     0.8943690797     7.7828250379
H       14.2670531741     0.9761253136     6.6903392897
H       20.3262523292     2.6757106270     2.7665615744
H       16.1908346279     0.0628874751     5.5253178055
32
# Point -8 Energy = 0.0
C       20.6539234454     3.6581878923     7.5372930945
H       18.9520586527     3.5806771865     6.1503007285
C       19.4340924197     2.9328715784     6.8901971077
H       18.6752248308     2.7159810840     7.6538347197
H       20.5731679887     1.8109188442     5.4513698820
C       19.8170018441     1.6427510458     6.2279730038
H       18.9460740401     1.1761397656     5.7486238086
H       20.2321616748     0.9240426327     6.9424661877
H       21.4122596767     3.8803170924     6.7766962522
H       21.1286667740     3.0380748799     8.3039190351
H       20.3632024493     4.6067630848     7.9989411809
Si       16.4116916392     3.3116990355     4.3607530571
O       16.3272072174     5.2307550993     4.7345423090
O       17.8953232912     3.0843729167     3.8668034861
O       15.5111977928     3.0284139651     3.3263845175
O       16.1197825053     2.6152781447     5.7032885723
Si       16.5016754622     6.5458021519     4.4139414232
Si       13.9198575281     2.5282821066     2.4828202078
Si       18.8393474669     2.5248263336     2.5603120699
Si       15.7419428351     1.1091265220     6.4707961657
H       17.8941164865     6.8607221286     3.9068451044
H       15.5543484745     6.9655199591     3.3027540802
H       16.2783740464     7.4786541067     5.6164269324
H       12.8230139210     3.2868033988     3.0975023246
H       13.9534938526     2.8385799828     1.0383653810
H       18.4392393383     3.3137980929     1.3666733541
H       13.7136841169     1.0822441784     2.7065794459
H       18.5337587951     1.0897585768     2.3176255569
H       16.4371645384     0.8954392790     7.7854999830
H       14.2663635778     0.9764596994     6.6921035643
H       20.3277638669     2.6769586979     2.7673730964
H       16.1908000513     0.0630825375     5.5281597279
32
# Point -7 Energy = 0.0
C       20.6535016675     3.6577998349     7.5355647864
H       18.9552354007     3.5847975501     6.1524919639
C       19.4359749255     2.9346760038     6.8914832391
H       18.6777051300     2.7209020806     7.6565098330
H       20.5747825818     1.8090139208     5.4508449247
C       19.8181466991     1.6413120084     6.2271210099
H       18.9477758064     1.1734357614     5.7483109118
H       20.2336533820     0.9234484109     6.9423236772
H       21.4119165638     3.8796457116     6.7750437879
H       21.1275707858     3.0376499295     8.3024919904
H       20.3623640986     4.6061467777     7.9975248594
Si       16.4142251953     3.3230242525     4.3652525982
O       16.3243537815     5.2008556844     4.7357919620
O       17.9013856646     3.0827176425     3.8650236878
O       15.4946273438     3.0252538018     3.3113169446
O       16.1174141097     2.6099146394     5.7112938830
Si       16.5010494816     6.5512225110     4.4120277659
Si       13.9246699265     2.5336171948     2.4841663718
Si       18.8399085912     2.5263308261     2.5623603661
Si       15.7419915895     1.1117009215     6.4720237837
H       17.8930815944     6.8594469452     3.9067697927
H       15.5531425141     6.9641052823     3.3015018288
H       16.2762613607     7.4775785239     5.6156318925
H       12.8230086187     3.2907442716     3.0963103545
H       13.9535552061     2.8424431089     1.0369872587
H       18.4402701470     3.3147372782     1.3677318195
H       13.7129500075     1.0856603319     2.7049197962
H       18.5356490000     1.0903883048     2.3179506843
H       16.4362011820     0.8964488701     7.7878865593
H       14.2657477036     0.9768464685     6.6936959343
H       20.3291132897     2.6781078069     2.7681182225
H       16.1907472514     0.0633293439     5.5306928700
32
# Point -6 Energy = 0.0
C       20.6529869826     3.6574039437     7.5339427945
H       18.9583678829     3.5889934109     6.1547391011
C       19.4377751859     2.9365193439     6.8928070073
H       18.6800925104     2.7258419925     7.6591908808
H       20.5763194111     1.8071894553     5.4503355812
C       19.8191918361     1.6399339549     6.2262583093
H       18.9493821063     1.1708318564     5.7479457733
H       20.2350159243     0.9228770755     6.9421475407
H       21.4115033335     3.8789884059     6.7735268727
H       21.1263524258     3.0371767352     8.3011560674
H       20.3614359005     4.6055059713     7.9962502685
Si       16.4167705471     3.3345494147     4.3697417108
O       16.3218714191     5.1711661173     4.7368710524
O       17.9072870896     3.0811517425     3.8631132369
O       15.4779974145     3.0218460060     3.2965022663
O       16.1151172013     2.6045762627     5.7190737672
Si       16.5006694211     6.5569131985     4.4102304951
Si       13.9295246822     2.5385831806     2.4856699770
Si       18.8403021961     2.5278124852     2.5643255303
Si       15.7421075032     1.1142944281     6.4730039932
H       17.8922356972     6.8584197770     3.9067251035
H       15.5521493539     6.9629776528     3.3004395885
H       16.2744885551     7.4767380668     5.6149665423
H       12.8230358805     3.2942839750     3.0952514393
H       13.9536431899     2.8458901271     1.0357750275
H       18.4411912998     3.3156299461     1.3686733877
H       13.7123202143     1.0887328138     2.7034714594
H       18.5372902944     1.0910068626     2.3182441763
H       16.4353645496     0.8973985161     7.7899781498
H       14.2652091469     0.9772853686     6.6951083714
H       20.3303004351     2.6791557411     2.7687896067
H       16.1906810100     0.0636281719     5.5329102816
32
# Point -5 Energy = 0.0
C       20.6523749573     3.6570020353     7.5324316823
H       18.9614550795     3.5932645850     6.1570433095
C       19.4394908286     2.9384019783     6.8941703346
H       18.6823829020     2.7308002528     7.6618782900
H       20.5777805601     1.8054471572     5.4498460334
C       19.8201375880     1.6386179757     6.2253871964
H       18.9508947390     1.1683283867     5.7475283463
H       20.2362484235     0.9223298739     6.9419411664
H       21.4110172535     3.8783476642     6.7721519621
H       21.1250058249     3.0366574273     8.2999168906
H       20.3604114561     4.6048421738     7.9951212656
Si       16.4193316058     3.3462720665     4.3742160860
O       16.3197627086     5.1416867688     4.7377747171
O       17.9130284374     3.0796741858     3.8610678063
O       15.4613074136     3.0181878756     3.2819483462
O       16.1128955140     2.5992625712     5.7266206584
Si       16.5005390234     6.5628729724     4.4085480045
Si       13.9344187379     2.5431824791     2.4873391063
Si       18.8405278878     2.5292698876     2.5662022145
Si       15.7422939950     1.1169071967     6.4737298916
H       17.8915827057     6.8576387271     3.9067096685
H       15.5513726456     6.9621371265     3.2995661912
H       16.2730599706     7.4761307137     5.6144296950
H       12.8230931752     3.2974221002     3.0943373649
H       13.9537523082     2.8489256800     1.0347374613
H       18.4420012709     3.3164732882     1.3694923749
H       13.7117929407     1.0914623656     2.7022401529
H       18.5386813191     1.0916122584     2.3185027655
H       16.4346572450     0.8982887605     7.7917682988
H       14.2647510971     0.9777759848     6.6963327472
H       20.3313251694     2.6801004149     2.7693801008
H       16.1906058162     0.0639790661     5.5348052306
32
# Point -4 Energy = 0.0
C       20.6516613081     3.6565961206     7.5310358140
H       18.9644960228     3.5976108504     6.1594056875
C       19.4411196337     2.9403243475     6.8955750843
H       18.6845724134     2.7357763655     7.6645724807
H       20.5791683297     1.8037887719     5.4493804524
C       19.8209845541     1.6373652039     6.2245099903
H       18.9523157929     1.1659256296     5.7470586948
H       20.2373503455     0.9218081936     6.9417080044
H       21.4104556909     3.8777261621     6.7709252690
H       21.1235253423     3.0360944317     8.2987799020
H       20.3592844537     4.6041570964     7.9941414358
Si       16.4219122443     3.3581893669     4.3786714885
O       16.3180299526     5.1124176321     4.7384979737
O       17.9186105734     3.0782837438     3.8588832460
O       15.4445567675     3.0142770177     3.2676631047
O       16.1107524914     2.5939728885     5.7339270413
Si       16.5006619608     6.5691001651     4.4069786365
Si       13.9393491233     2.5474179535     2.4891817715
Si       18.8405853436     2.5307016042     2.5679852613
Si       15.7425540810     1.1195391997     6.4741946739
H       17.8911264360     6.8571014929     3.9067221153
H       15.5508160092     6.9615833006     3.2988803607
H       16.2719797993     7.4757540268     5.6140200487
H       12.8231780923     3.3001586488     3.0935800010
H       13.9538771589     2.8515551320     1.0338833431
H       18.4426985321     3.3172644886     1.3701833252
H       13.7113663691     1.0938501807     2.7012312728
H       18.5398209319     1.0922024875     2.3187232946
H       16.4340812828     0.8991200315     7.7932507275
H       14.2643763240     0.9783177493     6.6973608533
H       20.3321873903     2.6809398763     2.7698827851
H       16.1905258491     0.0643818404     5.5363712200
32
# Point -3 Energy = 0.0
C       20.6508419165     3.6561883970     7.5297593368
H       18.9674898014     3.6020319457     6.1618272565
C       19.4426595430     2.9422869509     6.8970230525
H       18.6866573464     2.7407699063     7.6672738627
H       20.5804852346     1.8022160717     5.4489429845
C       19.8217336022     1.6361768091     6.2236290269
H       18.9536476440     1.1636237998     5.7465369933
H       20.2383215064     0.9213135560     6.9414515566
H       21.4098161209     3.8771267515     6.7698527404
H       21.1219055847     3.0354904617     8.2977503399
H       20.3580486901     4.6034526468     7.9933140757
Si       16.4245162857     3.3702980933     4.3831037685
O       16.3166751642     5.0833583251     4.7390357340
O       17.9240343562     3.0769789969     3.8565556010
O       15.4277449209     3.0101113617     3.2536544978
O       16.1086912740     2.5887063129     5.7409854681
Si       16.5010418189     6.5755926853     4.4055206903
Si       13.9443129600     2.5512929049     2.4912058897
Si       18.8404743151     2.5321062048     2.5696697268
Si       15.7428903644     1.1221902340     6.4743916490
H       17.8908705931     6.8568053719     3.9067610778
H       15.5504830187     6.9613153120     3.2983807192
H       16.2712520635     7.4756051551     5.6137361923
H       12.8232883451     3.3024940320     3.0929912628
H       13.9540124496     2.8537845512     1.0332214360
H       18.4432815618     3.3180007278     1.3707410311
H       13.7110386641     1.0958978995     2.7004498770
H       18.5407082142     1.0927755377     2.3189027379
H       16.4336380809     0.8998926479     7.7944193503
H       14.2640871675     0.9789099536     6.6981844218
H       20.3328870299     2.6816723122     2.7702909991
H       16.1904449621     0.0648360836     5.5376020039
32
# Point -2 Energy = 0.0
C       20.6499128436     3.6557812399     7.5286061651
H       18.9704355640     3.6065275697     6.1643089549
C       19.4441086684     2.9442903438     6.8985159601
H       18.6886342092     2.7457805246     7.6699828307
H       20.5817339980     1.8007308464     5.4485377395
C       19.8223858695     1.6350539910     6.2227466513
H       18.9548929526     1.1614230455     5.7459635263
H       20.2391620761     0.9208476099     6.9411753648
H       21.4090961358     3.8765524485     6.7689400368
H       21.1201414251     3.0348485090     8.2968332206
H       20.3566980905     4.6027309235     7.9926421783
Si       16.4271474920     3.3825946488     4.3875088727
O       16.3157000551     5.0545080952     4.7393828172
O       17.9293006367     3.0757583432     3.8540811271
O       15.4108713378     3.0056891708     3.2399304952
O       16.1067146883     2.5834617267     5.7477885748
Si       16.5016820804     6.5823480226     4.4041724306
Si       13.9493074680     2.5548110591     2.4934192584
Si       18.8401946325     2.5334822619     2.5712509022
Si       15.7433050290     1.1248599283     6.4743142561
H       17.8908187556     6.8567472699     3.9068252074
H       15.5503771876     6.9613318378     3.2980657947
H       16.2708805957     7.4756808392     5.6135766133
H       12.8234217723     3.3044290682     3.0925830705
H       13.9541530134     2.8556206874     1.0327604550
H       18.4437488532     3.3186791873     1.3711605537
H       13.7108079782     1.0976076018     2.6999006707
H       18.5413424766     1.0933293961     2.3190382230
H       16.4333284578     0.9006068251     7.7952682897
H       14.2638855297     0.9795517598     6.6987951468
H       20.3334240572     2.6822960535     2.7705983702
H       16.1903666702     0.0653411655     5.5384916021
32
# Point -1 Energy = 0.0
C       20.6488703434     3.6553771933     7.5275799654
H       18.9733325231     3.6110973800     6.1668516328
C       19.4454652994     2.9463351332     6.9000554452
H       18.6904997286     2.7508079430     7.6726997608
H       20.5829175452     1.7993348932     5.4481687774
C       19.8229427613     1.6339979724     6.2218652103
H       18.9560546586     1.1593234458     5.7453386877
H       20.2398725803     0.9204121228     6.9408830005
H       21.4082934530     3.8760064207     6.7681925121
H       21.1182280198     3.0341718310     8.2960333195
H       20.3552267291     4.6019942064     7.9921284196
Si       16.4298095524     3.3950750715     4.3918828551
O       16.3151060243     5.0258658257     4.7395339640
O       17.9344102573     3.0746200082     3.8514563073
O       15.3939355030     3.0010090521     3.2264990574
O       16.1048252382     2.5782378067     5.7543290970
Si       16.5025861087     6.5893632531     4.4029320973
Si       13.9543299708     2.5579765529     2.4958295325
Si       18.8397462068     2.5348283556     2.5727243346
Si       15.7437998353     1.1275477521     6.4739560818
H       17.8909743585     6.8569237115     3.9069131836
H       15.5505019550     6.9616310985     3.2979340278
H       16.2708690174     7.4759774186     5.6135397044
H       12.8235763409     3.3059649785     3.0923673096
H       13.9542938230     2.8570709467     1.0325090378
H       18.4440989237     3.3192970540     1.3714372401
H       13.7106724561     1.0989817976     2.6995879933
H       18.5417232626     1.0938620548     2.3191270515
H       16.4331526334     0.9012626818     7.7957918906
H       14.2637728704     0.9802422140     6.6991847077
H       20.3337984815     2.6828095795     2.7707988413
H       16.1902941389     0.0658962451     5.5390343135
32
# Point 0 Energy = 0
C       20.6477110000     3.6549790000     7.5266840000
H       18.9761800000     3.6157410000     6.1694560000
C       19.4467280000     2.9484220000     6.9016430000
H       18.6922510000     2.7558520000     7.6754250000
H       20.5840390000     1.7980300000     5.4478400000
C       19.8234060000     1.6330100000     6.2209870000
H       18.9571360000     1.1573250000     5.7446630000
H       20.2404540000     0.9200090000     6.9405780000
H       21.4074060000     3.8754920000     6.7676150000
H       21.1161610000     3.0334640000     8.2953550000
H       20.3536290000     4.6012450000     7.9917750000
Si       16.4325060000     3.4077350000     4.3962220000
O       16.3148940000     4.9974300000     4.7394840000
O       17.9393640000     3.0735620000     3.8486780000
O       15.3769370000     2.9960700000     3.2133680000
O       16.1030250000     2.5730330000     5.7606000000
Si       16.5037570000     6.5966350000     4.4017980000
Si       13.9593780000     2.5607940000     2.4984440000
Si       18.8391290000     2.5361430000     2.5740860000
Si       15.7443760000     1.1302530000     6.4733110000
H       17.8913405600     6.8573308000     3.9070238400
H       15.5508605600     6.9622108000     3.2979838400
H       16.2712205600     7.4764908000     5.6136238400
H       12.8237502400     3.3071035200     3.0923555200
H       13.9544302400     2.8581435200     1.0324755200
H       18.4443303200     3.3198514400     1.3715668800
H       13.7106302400     1.1000235200     2.6995155200
H       18.5418503200     1.0943714400     2.3191668800
H       16.4331100800     0.9018602400     7.7959848800
H       14.2637500800     0.9809802400     6.6993448800
H       20.3340103200     2.6832114400     2.7708868800
H       16.1902300800     0.0665002400     5.5392248800
32
# Point 1 Energy = 0.0
C       20.6464316983     3.6545885477     7.5259214708
H       18.9789774768     3.6204580355     6.1721228685
C       19.4478953198     2.9505513160     6.9032800514
H       18.6938850671     2.7609123801     7.6781588482
H       20.5851010086     1.7968174756     5.4475549956
C       19.8237768271     1.6320909923     6.2201140075
H       18.9581395437     1.1554277722     5.7439366653
H       20.2409066164     0.9196395587     6.9402634439
H       21.4064320300     3.8750115105     6.7672122736
H       21.1139361200     3.0327274404     8.2948024147
H       20.3518999519     4.6004849773     7.9915842222
Si       16.4352403179     3.4205712707     4.4005228352
O       16.3150646670     4.9692003056     4.7392276540
O       17.9441624865     3.0725831509     3.8457433426
O       15.3598758148     2.9908711284     3.2005456584
O       16.1013158354     2.5678466569     5.7665942274
Si       16.5051976735     6.6041610422     4.4007684375
Si       13.9644500093     2.5632666242     2.5012704324
Si       18.8383426034     2.5374252142     2.5753321857
Si       15.7450346378     1.1329756353     6.4723724520
H       17.8919203109     6.8579656952     3.9071559732
H       15.5514560966     6.9630694530     3.2982135007
H       16.2719381514     7.4772181696     5.6138272407
H       12.8239419201     3.3078446747     3.0925589577
H       13.9545585946     2.8588441356     1.0326685333
H       18.4444412612     3.3203398544     1.3715455030
H       13.7106813170     1.1007343875     2.6996883759
H       18.5417227091     1.0948560226     2.3191558957
H       16.4332000139     0.9023999361     7.7958415621
H       14.2638179437     0.9817651875     6.6992667907
H       20.3340592419     2.6835004079     2.7708571284
H       16.1901773344     0.0671530412     5.5390574116
32
# Point 2 Energy = 0.0
C       20.6450297047     3.6542079034     7.5252950972
H       18.9817245569     3.6252480594     6.1748528823
C       19.4489661075     2.9527235243     6.9049678455
H       18.6953993965     2.7659889024     7.6809015669
H       20.5861063600     1.7956985822     5.4473171318
C       19.8240567711     1.6312418750     6.2192481368
H       18.9590681005     1.1536317426     5.7431600164
H       20.2412311511     0.9193052351     6.9399423347
H       21.4053700332     3.8745674004     6.7669884789
H       21.1115496780     3.0319648689     8.2943792163
H       20.3500350400     4.5997160264     7.9915578382
Si       16.4380157841     3.4335803560     4.4047821851
O       16.3156181410     4.9411760584     4.7387598767
O       17.9488062337     3.0716820763     3.8426499128
O       15.3427521694     2.9854118853     3.1880401062
O       16.0996991697     2.5626779300     5.7723050161
Si       16.5069106793     6.6119387308     4.3998418473
Si       13.9695447702     2.5653981271     2.5043161052
Si       18.8373866035     2.5386739139     2.5764596793
Si       15.7457763262     1.1357154896     6.4711342552
H       17.8927161882     6.8588251548     3.9073086124
H       15.5522913569     6.9642050623     3.2986213288
H       16.2730242212     7.4781563014     5.6141481752
H       12.8241501679     3.3081889955     3.0929883426
H       13.9546757943     2.8591792985     1.0330962673
H       18.4444299549     3.3207596857     1.3713696416
H       13.7108257470     1.1011165484     2.7001108818
H       18.5413396175     1.0953141743     2.3190927327
H       16.4334209312     0.9028821615     7.7953567038
H       14.2639766864     0.9825963289     6.6989417715
H       20.3339448731     2.6836752688     2.7707048255
H       16.1901382849     0.0678543324     5.5385265475
32
# Point 3 Energy = 0.0
C       20.6435019144     3.6538400687     7.5248076775
H       18.9844206470     3.6301105435     6.1776465773
C       19.4499392272     2.9549393460     6.9067077201
H       18.6967914217     2.7710815080     7.6836534339
H       20.5870586224     1.7946750347     5.4471303121
C       19.8242481093     1.6304638657     6.2183917370
H       18.9599255216     1.1519366988     5.7423338255
H       20.2414292789     0.9190081093     6.9396183337
H       21.4042181345     3.8741632121     6.7669479151
H       21.1089977625     3.0311803212     8.2940893282
H       20.3480288490     4.5989409412     7.9916974095
Si       16.4408358110     3.4467570841     4.4089964493
O       16.3165547083     4.9133549068     4.7380750498
O       17.9532960896     3.0708565178     3.8393949974
O       15.3255656896     2.9796921245     3.1758591850
O       16.0981763860     2.5575249042     5.7777254521
Si       16.5088989423     6.6199637174     4.3990163303
Si       13.9746600002     2.5671939631     2.5075882079
Si       18.8362612327     2.5398878750     2.5774649351
Si       15.7466014291     1.1384715938     6.4695905407
H       17.8937310745     6.8599044400     3.9074804687
H       15.5533694865     6.9656142387     3.2992054322
H       16.2744816213     7.4793001363     5.6145846540
H       12.8243734373     3.3081389775     3.0936554599
H       13.9547772351     2.8591584360     1.0337670873
H       18.4442949951     3.3211083100     1.3710356764
H       13.7110618072     1.1011738998     2.7007862863
H       18.5407014840     1.0957440878     2.3189752990
H       16.4337711157     0.9033068063     7.7945254132
H       14.2642263052     0.9834724541     6.6983615753
H       20.3336673887     2.6837352281     2.7704250276
H       16.1901148720     0.0686026495     5.5376275624
32
# Point 4 Energy = 0.0
C       20.6418455761     3.6534881986     7.5244615789
H       18.9870652667     3.6350449235     6.1805043378
C       19.4508138246     2.9571995580     6.9085008499
H       18.6980589620     2.7761902486     7.6864146847
H       20.5879615291     1.7937485043     5.4469982536
C       19.8243534142     1.6297581790     6.2175470872
H       18.9607159240     1.1503423395     5.7414589859
H       20.2415031085     0.9187503619     6.9392950358
H       21.4029746811     3.8738025981     6.7670943258
H       21.1062769635     3.0303780894     8.2939362253
H       20.3458763293     4.5981626991     7.9920040021
Si       16.4437036261     3.4600959352     4.4131622764
O       16.3178741653     4.8857341418     4.7371676816
O       17.9576328519     3.0701040428     3.8359762869
O       15.3083160989     2.9737121021     3.1640105123
O       16.0967484391     2.5523854847     5.7828488949
Si       16.5111650721     6.6282312433     4.3982900853
Si       13.9797936284     2.5686599981     2.5110934980
Si       18.8349667905     2.5410658240     2.5783448781
Si       15.7475097922     1.1412428437     6.4677357695
H       17.8949675280     6.8611984512     3.9076704366
H       15.5546933860     6.9672931120     3.2999639261
H       16.2763127554     7.4806442240     5.6151346956
H       12.8246104020     3.3076976185     3.0945716314
H       13.9548587166     2.8587916337     1.0346889718
H       18.4440350399     3.3213830462     1.3705404642
H       13.7113877827     1.1009108111     2.7017171683
H       18.5398089646     1.0961439126     2.3188019045
H       16.4342481617     0.9036736930     7.7933432093
H       14.2645662525     0.9843922819     6.6975181316
H       20.3332269898     2.6836795722     2.7700133747
H       16.1901085775     0.0693963279     5.5363561959
32
# Point 5 Energy = 0.0
C       20.6400581845     3.6531555435     7.5242588621
H       18.9896580098     3.6400505915     6.1834264393
C       19.4515892439     2.9595049630     6.9103482951
H       18.6992000996     2.7813152427     7.6891855163
H       20.5888189550     1.7929206119     5.4469245634
C       19.8243754904     1.6291260094     6.2167164289
H       18.9614436455     1.1488482787     5.7405364894
H       20.2414550748     0.9185342333     6.9389760052
H       21.4016381745     3.8734892741     6.7674310695
H       21.1033842180     3.0295626390     8.2939230657
H       20.3435726758     4.5973843940     7.9924783197
Si       16.4466223269     3.4735911087     4.4172764705
O       16.3195759551     4.8583107614     4.7360322830
O       17.9618173110     3.0694221120     3.8323917647
O       15.2910031579     2.9674724373     3.1525015588
O       16.0954159476     2.5472574527     5.7876688904
Si       16.5137114706     6.6367362077     4.3976613385
Si       13.9849437129     2.5698024004     2.5148384640
Si       18.8335036674     2.5422065193     2.5790967751
Si       15.7485008674     1.1440280400     6.4655646321
H       17.8964278785     6.8627018058     3.9078774963
H       15.5562658007     6.9692374120     3.3008948870
H       16.2785197113     7.4821827843     5.6157962739
H       12.8248598732     3.3068682657     3.0957479163
H       13.9549162491     2.8580894372     1.0358696638
H       18.4436488108     3.3215812418     1.3698812214
H       13.7118019797     1.1003319994     2.7029056968
H       18.5386629506     1.0965118357     2.3185711300
H       16.4348491439     0.9039825965     7.7918058959
H       14.2649955653     0.9853544954     6.6964034951
H       20.3326239307     2.6835077466     2.7694659336
H       16.1901205178     0.0702335590     5.5347085181
32
# Point 6 Energy = 0.0
C       20.6381374854     3.6528454329     7.5242012778
H       18.9921985456     3.6451268962     6.1864130471
C       19.4522650273     2.9618563828     6.9122509971
H       18.7002131818     2.7864566732     7.6919660852
H       20.5896349018     1.7921929187     5.4469127306
C       19.8243173629     1.6285685232     6.2159019601
H       18.9621132291     1.1474540447     5.7395674228
H       20.2412879261     0.9183620108     6.9386647655
H       21.4002072735     3.8732270005     6.7679611124
H       21.1003168155     3.0287385872     8.2940526832
H       20.3411133412     4.5966092215     7.9931207027
Si       16.4495948732     3.4872365449     4.4213359979
O       16.3216591651     4.8310814901     4.7346633816
O       17.9658502510     3.0688080935     3.8286397142
O       15.2736266683     2.9609741086     3.1413396253
O       16.0941791974     2.5421384837     5.7921791833
Si       16.5165403186     6.6454731881     4.3971283519
Si       13.9901084446     2.5706276153     2.5188293087
Si       18.8318723446     2.5433087544     2.5797182433
Si       15.7495737268     1.1468259023     6.4630720591
H       17.8981142152     6.8644088630     3.9081007235
H       15.5580893084     6.9714424872     3.3019963608
H       16.2811042457     7.4839097274     5.6165673267
H       12.8251208006     3.3056545994     3.0971950736
H       13.9549460633     2.8570628064     1.0373166466
H       18.4431350978     3.3217002769     1.3690555300
H       13.7123027328     1.0994425084     2.7043536320
H       18.5372645642     1.0968460862     2.3182818398
H       16.4355706429     0.9042332545     7.7899095670
H       14.2655128799     0.9863577562     6.6950098687
H       20.3318585196     2.6832193554     2.7687792090
H       16.1901514498     0.0711124063     5.5326809323
32
# Point 7 Energy = 0.0
C       20.6360814793     3.6525612586     7.5242902629
H       18.9946866183     3.6502731435     6.1894642159
C       19.4528409139     2.9642546532     6.9142097766
H       18.7010968221     2.7916147839     7.6947565051
H       20.5904134827     1.7915669161     5.4469661185
C       19.8241822638     1.6280868509     6.2151058300
H       18.9627294053     1.1461590789     5.7385529640
H       20.2410047092     0.9182360153     6.9383647905
H       21.3986807952     3.8730195638     6.7686870247
H       21.0970724004     3.0279106805     8.2943275815
H       20.3384940477     4.5958404631     7.9939311297
Si       16.4526240799     3.5010259486     4.4253379919
O       16.3241225272     4.8040428003     4.7330555338
O       17.9697324506     3.0682592767     3.8247187241
O       15.2561864773     2.9542184485     3.1305318198
O       16.0930381483     2.5370261661     5.7963737287
Si       16.5196535635     6.6544364617     4.3966894318
Si       13.9952861500     2.5711423394     2.5230719334
Si       18.8300733933     2.5443713622     2.5802072571
Si       15.7507270790     1.1496350831     6.4602532301
H       17.9000283752     6.8663137503     3.9083392971
H       15.5601663085     6.9739033255     3.3032663714
H       16.2840677708     7.4858186752     5.6174457647
H       12.8253922723     3.3040606141     3.0989235277
H       13.9549446188     2.8557230685     1.0390371222
H       18.4424927632     3.3217375673     1.3680613427
H       13.7128884113     1.0982476854     2.7060623286
H       18.5356151522     1.0971449407     2.3179331926
H       16.4364087737     0.9044253773     7.7876506106
H       14.2661164484     0.9874007196     6.6933296256
H       20.3309311198     2.6828141591     2.7679501513
H       16.1902017785     0.0720308225     5.5302701753
32
# Point 8 Energy = 0.0
C       20.6338884235     3.6523064585     7.5245269411
H       18.9971220473     3.6554885970     6.1925798894
C       19.4533168362     2.9667006171     6.9162253317
H       18.7018498997     2.7967898761     7.6975568451
H       20.5911589060     1.7910440164     5.4470879586
C       19.8239736173     1.6276820790     6.2143301342
H       18.9632970739     1.1449627355     5.7374943781
H       20.2406087521     0.9181585885     6.9380794954
H       21.3970577159     3.8728707582     6.7696109781
H       21.0936489720     3.0270837717     8.2947499316
H       20.3357107974     4.5950814700     7.9949092201
Si       16.4557126104     3.5149528132     4.4292797564
O       16.3269644193     4.7771909349     4.7312033379
O       17.9734646845     3.0677728872     3.8206276916
O       15.2386824821     2.9472071348     3.1200850367
O       16.0919924420     2.5319180202     5.8002467018
Si       16.5230529087     6.6636200286     4.3963429371
Si       14.0004752938     2.5713534927     2.5275719247
Si       18.8281074734     2.5453932187     2.5805621517
Si       15.7519592873     1.1524541832     6.4571035812
H       17.9021719341     6.8684103912     3.9085925070
H       15.5624990115     6.9766145765     3.3047029288
H       16.2874113426     7.4879029844     5.6184294806
H       12.8256735151     3.3020905981     3.1009433355
H       13.9549086119     2.8540818685     1.0410379917
H       18.4417207449     3.3216905679     1.3668969845
H       13.7135574266     1.0967531578     2.7080327420
H       18.5337162790     1.0974067275     2.3175246493
H       16.4373592161     0.9045586587     7.7850257106
H       14.2668041577     0.9884820487     6.6913553311
H       20.3298421504     2.6822920726     2.7669761605
H       16.1902715672     0.0729866666     5.5274733159
32
# Point 9 Energy = 0.0
C       20.6315568321     3.6520844990     7.5249121231
H       18.9995047253     3.6607724788     6.1957599016
C       19.4536929164     2.9691951188     6.9182982372
H       18.7024715564     2.8019823040     7.7003671287
H       20.5918754581     1.7906255442     5.4472813449
C       19.8236950241     1.6273552430     6.2135769101
H       18.9638212839     1.1438642812     5.7363930137
H       20.2401036458     0.9181320795     6.9378122296
H       21.3953371707     3.8727843670     6.7707347465
H       21.0900448831     3.0262627969     8.2953215700
H       20.3327598807     4.5943356472     7.9960542392
Si       16.4588629716     3.5290104455     4.4331587692
O       16.3301828686     4.7505219309     4.7291014456
O       17.9770477248     3.0673461004     3.8163658238
O       15.2211146348     2.9399421806     3.1100059358
O       16.0910414117     2.5268115176     5.8037925070
Si       16.5267398044     6.6730176353     4.3960872865
Si       14.0056744820     2.5712681917     2.5323345430
Si       18.8259753313     2.5463732466     2.5807816255
Si       15.7532683897     1.1552817660     6.4536188113
H       17.9045461977     6.8706925335     3.9088597613
H       15.5650894302     6.9795705750     3.3063040371
H       16.2911356509     7.4901557695     5.6195163578
H       12.8259638939     3.2997491126     3.1032641562
H       13.9548349810     2.8521511199     1.0433258377
H       18.4408180588     3.3215567764     1.3655611529
H       13.7143082387     1.0949648087     2.7102654366
H       18.5315697175     1.0976298308     2.3170559797
H       16.4384172488     0.9046327857     7.7820318468
H       14.2675735510     0.9896004291     6.6890797623
H       20.3285920865     2.6816531620     2.7658550874
H       16.1903605495     0.0739777226     5.5242877516
32
# Point 10 Energy = 0.0
C       20.6290854751     3.6518988590     7.5254463103
H       19.0018346177     3.6661239703     6.1990039775
C       19.4539694612     2.9717389981     6.9204289446
H       18.7029611929     2.8071924710     7.7031873327
H       20.5925674867     1.7903127277     5.4475492297
C       19.8233502447     1.6271073203     6.2128481337
H       18.9643072138     1.1428628964     5.7352502979
H       20.2394932242     0.9181588320     6.9375662690
H       21.3935184514     3.8727641446     6.7720597086
H       21.0862588359     3.0254527517     8.2960439994
H       20.3296378822     4.5936064367     7.9973651058
Si       16.4620775093     3.5431919916     4.4369726830
O       16.3337755574     4.7240316434     4.7267445724
O       17.9804823424     3.0669760561     3.8119326377
O       15.2034829476     2.9324259225     3.1003009244
O       16.0901840939     2.5217041004     5.8070057854
Si       16.5307154393     6.6826227998     4.3959209667
Si       14.0108824627     2.5708937211     2.5373647132
Si       18.8236777975     2.5473104181     2.5808647385
Si       15.7546521211     1.1581163722     6.4497948862
H       17.9071521956     6.8731537786     3.9091405928
H       15.5679393727     6.9827653673     3.3080677025
H       16.2952410123     7.4925699282     5.6207042788
H       12.8262629114     3.2970409687     3.1058952244
H       13.9547209119     2.8499429536     1.0459069095
H       18.4397837999     3.3213337352     1.3640529158
H       13.7151393630     1.0928887514     2.7127605965
H       18.5291774395     1.0978126948     2.3165272663
H       16.4395777847     0.9046474490     7.7786662933
H       14.2684218505     0.9907545825     6.6864959275
H       20.3271814586     2.6808976406     2.7645852322
H       16.1904681427     0.0750017171     5.5207112038
32
# Point 11 Energy = 0.0
C       20.6264733753     3.6517530125     7.5261296989
H       19.0041117600     3.6715422134     6.2023117356
C       19.4541469553     2.9743330839     6.9226177826
H       18.7033184627     2.8124208251     7.7060173867
H       20.5932393830     1.7901066919     5.4478944203
C       19.8229431819     1.6269392240     6.2121457159
H       18.9647601506     1.1419576750     5.7340677328
H       20.2387815424     0.9182411714     6.9373448101
H       21.3916010048     3.8728137991     6.7735868528
H       21.0822898755     3.0246586685     8.2969183914
H       20.3263416861     4.5928973016     7.9988404000
Si       16.4653584046     3.5574904629     4.4407193267
O       16.3377398301     4.6977157708     4.7241275079
O       17.9837693085     3.0666598715     3.8073279574
O       15.1857874973     2.9246610055     3.0909761394
O       16.0894192417     2.5165932003     5.8098814208
Si       16.5349807348     6.6924288368     4.3958425382
Si       14.0160981284     2.5702375053     2.5426670175
Si       18.8212157835     2.5482037583     2.5808109101
Si       15.7561079362     1.1609565351     6.4456280417
H       17.9099906763     6.8757876107     3.9094346640
H       15.5710504361     6.9861927366     3.3099919409
H       16.2997273645     7.4951381659     5.6219911337
H       12.8265702079     3.2939712032     3.1088453255
H       13.9545638412     2.8474696675     1.0487871102
H       18.4386171431     3.3210190351     1.3623717070
H       13.7160493778     1.0905313040     2.7155180383
H       18.5265416054     1.0979538275     2.3159389059
H       16.4408354074     0.9046023532     7.7749266155
H       14.2693459821     0.9919432805     6.6835970831
H       20.3256108526     2.6800258649     2.7631653385
H       16.1905934632     0.0760563382     5.5167417106
32
# Point 12 Energy = 0.0
C       20.6237198038     3.6516504133     7.5269621866
H       19.0063362550     3.6770263119     6.2056826897
C       19.4542260537     2.9769781891     6.9248649585
H       18.7035432654     2.8176678541     7.7088571724
H       20.5938955642     1.7900084512     5.4483195768
C       19.8224778625     1.6268517961     6.2114715009
H       18.9651854684     1.1411476267     5.7328468904
H       20.2379728550     0.9183813927     6.9371509646
H       21.3895844285     3.8729369752     6.7753167837
H       21.0781373823     3.0238855932     8.2979455912
H       20.3228684782     4.5922117100     8.0004783743
Si       16.4687076711     3.5718987620     4.4443967043
O       16.3420727026     4.6715698800     4.7212451245
O       17.9869093963     3.0663946550     3.8025519107
O       15.1680284307     2.9166503673     3.0820374322
O       16.0887453388     2.5114762576     5.8124145444
Si       16.5395363398     6.7024288829     4.3958506430
Si       14.0213205165     2.5693070802     2.5482456904
Si       18.8185902787     2.5490523476     2.5806199136
Si       15.7576330339     1.1638007946     6.4411147854
H       17.9130621039     6.8785874265     3.9097417724
H       15.5744240019     6.9898462314     3.3120747851
H       16.3045942632     7.4978530214     5.6233748286
H       12.8268855598     3.2905450549     3.1121227747
H       13.9543614587     2.8447436756     1.0519719870
H       18.4373173425     3.3206103175     1.3605173204
H       13.7170369303     1.0878989626     2.7185372254
H       18.5236645517     1.0980518038     2.3152916093
H       16.4421844098     0.9044972261     7.7708106647
H       14.2703426015     0.9931653574     6.6803767504
H       20.3238809085     2.6790383288     2.7615945858
H       16.1907353426     0.0771392535     5.5123776187
32
# Point 13 Energy = 0.0
C       20.6208242749     3.6515944789     7.5279433801
H       19.0085082708     3.6825753325     6.2091162526
C       19.4542075738     2.9796751047     6.9271705607
H       18.7036357377     2.8229340813     7.7117065245
H       20.5945404562     1.7900189036     5.4488272109
C       19.8219584187     1.6268458026     6.2108272636
H       18.9655886073     1.1404316780     5.7315894084
H       20.2370715923     0.9185817486     6.9369877547
H       21.3874684666     3.8731372379     6.7772497314
H       21.0738010616     3.0231385630     8.2991261235
H       20.3192157474     4.5915531192     8.0022769648
Si       16.4721271536     3.5864097083     4.4480029936
O       16.3467708728     4.6455894317     4.7180923857
O       17.9899033829     3.0661775183     3.7976049227
O       15.1502059698     2.9083972206     3.0734903549
O       16.0881606153     2.5063507396     5.8146005381
Si       16.5443826287     6.7126159231     4.3959440097
Si       14.0265488104     2.5681100655     2.5541046160
Si       18.8158023459     2.5498553242     2.5802918684
Si       15.7592243825     1.1666477116     6.4362518964
H       17.9163666573     6.8815465646     3.9100618541
H       15.5780612336     6.9937191928     3.3143142920
H       16.3098408812     7.5007068923     5.6248532935
H       12.8272088790     3.2867679386     3.1157353993
H       13.9541117082     2.8417774579     1.0554667235
H       18.4358837303     3.3201052769     1.3584899013
H       13.7181007438     1.0849983763     2.7218172844
H       18.5205487795     1.0981052683     2.3145863979
H       16.4436188328     0.9043318289     7.7663165717
H       14.2714081205     0.9944197228     6.6768287292
H       20.3219923194     2.6779356589     2.7598725788
H       16.1908923453     0.0782481284     5.5076175737
32
# Point 14 Energy = 0.0
C       20.6177865383     3.6515885757     7.5290726042
H       19.0106280363     3.6881883070     6.2126117388
C       19.4540924861     2.9824245944     6.9295345608
H       18.7035962435     2.8282200605     7.7145652302
H       20.5951784761     1.7901388256     5.4494196854
C       19.8213890692     1.6269219285     6.2102147085
H       18.9659750518     1.1398086746     5.7302969853
H       20.2360823368     0.9188444387     6.9368581096
H       21.3852530050     3.8734180575     6.7793855613
H       21.0692809319     3.0224225852     8.3004602002
H       20.3153812840     4.5909249610     8.0042338047
Si       16.4756185270     3.6010160639     4.4515365437
O       16.3518307332     4.6197698056     4.7146643527
O       17.9927520502     3.0660055888     3.7924877094
O       15.1323204161     2.8999050335     3.0653401486
O       16.0876630646     2.5012141582     5.8164350367
Si       16.5495196991     6.7229828156     4.3961214597
Si       14.0317823394     2.5666541365     2.5602473267
Si       18.8128531172     2.5506118863     2.5798272312
Si       15.7608787452     1.1694958821     6.4310364240
H       17.9199042304     6.8846583341     3.9103949875
H       15.5819630750     6.9978047838     3.3167085490
H       16.3154660096     7.5036920611     5.6264244897
H       12.8275402118     3.2826454196     3.1196905239
H       13.9538127874     2.8385835114     1.0592761346
H       18.4343157148     3.3195016632     1.3562899373
H       13.7192396235     1.0818363198     2.7253570234
H       18.5171969406     1.0981129388     2.3138245997
H       16.4451325047     0.9041059645     7.7614427394
H       14.2725387350     0.9957053730     6.6729471115
H       20.3199458296     2.6767186078     2.7579993337
H       16.1910627866     0.0793806435     5.5024605088
32
# Point 15 Energy = 0.0
C       20.6146065709     3.6516360048     7.5303489121
H       19.0126958379     3.6938642332     6.2161683689
C       19.4538819039     2.9852273902     6.9319568177
H       18.7034253632     2.8335263713     7.7174330305
H       20.5958140155     1.7903688673     5.4500992155
C       19.8207741000     1.6270807731     6.2096354693
H       18.9663503093     1.1392773839     5.7289713762
H       20.2350097990     0.9191715983     6.9367648619
H       21.3829380646     3.8737827954     6.7817237869
H       21.0645773122     3.0217426160     8.3019477300
H       20.3113631778     4.5903306266     8.0063462381
Si       16.4791832961     3.6157105584     4.4549958714
O       16.3572483844     4.5941063254     4.7109561903
O       17.9954561876     3.0658760202     3.7872012677
O       15.1143721563     2.8911775085     3.0575917334
O       16.0872504603     2.4960640873     5.8179139283
Si       16.5549473731     6.7335223174     4.3963819121
Si       14.0370205788     2.5649469975     2.5666770048
Si       18.8097437897     2.5513212937     2.5792267845
Si       15.7625927059     1.1723439498     6.4254656853
H       17.9236744344     6.8879160430     3.9107413950
H       15.5861302507     7.0020960178     3.3192556803
H       16.3214680618     7.5068007201     5.6280864170
H       12.8278797374     3.2781831876     3.1239949591
H       13.9534631465     2.8351743023     1.0634046643
H       18.4326127774     3.3187972838     1.3539182465
H       13.7204524635     1.0784196689     2.7291549509
H       18.5136118245     1.0980736079     2.3130078412
H       16.4467190804     0.9038194871     7.7561878332
H       14.2737304529     0.9970214027     6.6687262919
H       20.3177422326     2.6753880482     2.7559752626
H       16.1912447515     0.0805345123     5.4969056331
