32
# Point -15 Energy = 0.0
C       20.6510825531     3.6345908849     7.5085847117
H       18.9804256271     3.5966647598     6.1497643404
C       19.4448400515     2.9369362501     6.8876678332
H       18.6866051157     2.7550856534     7.6597413760
H       20.5652058339     1.7871690439     5.4294198964
C       19.8139853682     1.6184937568     6.2127076835
H       18.9414121772     1.1543965731     5.7404763689
H       20.2480319182     0.9075208033     6.9252448677
H       21.4090891183     3.8508876556     6.7457879078
H       21.1224244784     3.0128843161     8.2760053709
H       20.3658209664     4.5843081651     7.9726154750
Si       16.4472326089     3.3960418860     4.4136217877
O       16.2886127115     5.1501022483     4.8396110572
O       18.1447186848     3.0398471375     3.8503043557
O       15.3059791081     2.9948658337     3.0262840414
O       16.0675987262     2.5820382667     5.9946071024
Si       16.3976338202     6.8884780761     4.4510245898
Si       13.7435677641     2.4278350711     2.2920907374
Si       19.1460749032     2.5244251131     2.4618142512
Si       15.6864157905     0.9779438154     6.6844284086
H       17.8644039777     6.8019786801     3.9240155850
H       15.5493393290     6.9633379638     3.3325755625
H       16.2616311596     7.4816598997     5.5810128265
H       12.8703965595     3.2972058337     3.0738080270
H       13.9600172033     2.8189568060     1.0531883115
H       18.4472133984     3.3094946163     1.4047611205
H       13.7373980727     1.1200235795     2.6914015743
H       18.5235023380     1.1233090165     2.3572215482
H       16.4127644003     0.9241099928     7.7848227719
H       14.2849203875     1.0236523828     6.7222163001
H       20.3188811872     2.6669352479     2.7402964343
H       16.1807552615     0.1221226709     5.5400431353
32
# Point -14 Energy = 0.0
C       20.6506918922     3.6365779964     7.5102951425
H       18.9801114618     3.5982942702     6.1514197476
C       19.4449868680     2.9381211621     6.8889692243
H       18.6869610474     2.7553884261     7.6610816897
H       20.5668401279     1.7885653544     5.4310827634
C       19.8149451371     1.6199694059     6.2136220044
H       18.9429204360     1.1549456988     5.7410202828
H       20.2479319532     0.9089232782     6.9266616078
H       21.4088422586     3.8533218867     6.7478237056
H       21.1218869044     3.0149502628     8.2778248948
H       20.3646196898     4.5859990860     7.9744007529
Si       16.4464116038     3.3967535663     4.4125694816
O       16.2903126086     5.1399362141     4.8328273874
O       18.1312885267     3.0422815516     3.8503023018
O       15.3107668187     2.9943058429     3.0389323820
O       16.0700198592     2.5804142549     5.9789006944
Si       16.4051858744     6.8691623480     4.4476460822
Si       13.7572832436     2.4376159402     2.3059798911
Si       19.1260698315     2.5252091481     2.4695080553
Si       15.6902102670     0.9870926160     6.6705733118
H       17.8688073233     6.8083556291     3.9210973548
H       15.5499776459     6.9629679640     3.3276950709
H       16.2637098588     7.4809868495     5.5846773079
H       12.8643173029     3.2992097460     3.0768337545
H       13.9590050755     2.8240734774     1.0505138685
H       18.4462265828     3.3103917807     1.4003942832
H       13.7336149047     1.1173802761     2.6928581861
H       18.5248597005     1.1188904465     2.3523703401
H       16.4152019749     0.9214536839     7.7862996420
H       14.2818320117     1.0186940858     6.7194168014
H       20.3205637764     2.6681356453     2.7437886768
H       16.1815780330     0.1149341060     5.5397786703
32
# Point -13 Energy = 0.0
C       20.6503339804     3.6384731819     7.5119398823
H       18.9798093413     3.5998702003     6.1530343463
C       19.4451390861     2.9392441881     6.8902258999
H       18.6873293402     2.7556541038     7.6623889479
H       20.5684265889     1.7898626851     5.4326913450
C       19.8158646484     1.6213701633     6.2144932268
H       18.9443697688     1.1554421393     5.7415363325
H       20.2477816855     0.9102418819     6.9280304488
H       21.4086227545     3.8556397183     6.7497818984
H       21.1213761045     3.0169150979     8.2795749061
H       20.3634839106     4.5876076906     7.9761193135
Si       16.4455739129     3.3974722424     4.4115127167
O       16.2920323906     5.1297668385     4.8260688825
O       18.1178259104     3.0446808279     3.8502920590
O       15.3155517485     2.9938338574     3.0515686742
O       16.0724457860     2.5789365801     5.9632181343
Si       16.4126828972     6.8498237191     4.4442945033
Si       13.7711172491     2.4472617799     2.3198474098
Si       19.1060019421     2.5259810010     2.4771784038
Si       15.6940240098     0.9963872678     6.6566968777
H       17.8727883729     6.8144383459     3.9184431011
H       15.5505644670     6.9626829850     3.3231765712
H       16.2655884422     7.4803936978     5.5881292519
H       12.8585887520     3.3009561900     3.0795071002
H       13.9580007287     2.8288274661     1.0480248567
H       18.4453933878     3.3112195668     1.3962992075
H       13.7300161926     1.1149648644     2.6941436239
H       18.5262517087     1.1148394334     2.3478051704
H       16.4174828283     0.9189479020     7.7876758352
H       14.2790008626     1.0140130177     6.7168057198
H       20.3221575225     2.6693137897     2.7470644990
H       16.1823542791     0.1082395767     5.5395962142
32
# Point -12 Energy = 0.0
C       20.6500056336     3.6402763046     7.5135147806
H       18.9795159061     3.6013925365     6.1546041673
C       19.4452933127     2.9403052416     6.8914338377
H       18.6877065990     2.7558826624     7.6636592159
H       20.5699615951     1.7910607171     5.4342414491
C       19.8167403259     1.6226958309     6.2153172702
H       18.9457564159     1.1558857188     5.7420205283
H       20.2475775710     0.9114764842     6.9293473205
H       21.4084274082     3.8578409288     6.7516582394
H       21.1208889319     3.0187786680     8.2812512186
H       20.3624105584     4.5891339392     7.9777670617
Si       16.4447157863     3.3981981027     4.4104478328
O       16.2937672856     5.1195941413     4.8193319390
O       18.1043271830     3.0470461195     3.8502703205
O       15.3203297278     2.9934502066     3.0641892945
O       16.0748714826     2.5776051259     5.9475565651
Si       16.4201200497     6.8304623836     4.4409650543
Si       13.7850612902     2.4567727631     2.3336940458
Si       19.0858674593     2.5267422005     2.4848218610
Si       15.6978529948     1.0058273480     6.6427963839
H       17.8763550427     6.8201958622     3.9160529453
H       15.5510874682     6.9624677435     3.3190236464
H       16.2672602307     7.4798657600     5.5913691283
H       12.8532486623     3.3024680442     3.0818602319
H       13.9570451845     2.8332224833     1.0457281668
H       18.4447027845     3.3119888863     1.3924853872
H       13.7266480199     1.1127714379     2.6952751503
H       18.5276635299     1.1111525754     2.3435411108
H       16.4196069803     0.9166028673     7.7889495281
H       14.2764208344     1.0096214600     6.7143823434
H       20.3236560956     2.6704724043     2.7501286236
H       16.1830882502     0.1020450521     5.5394807119
32
# Point -11 Energy = 0.0
C       20.6497042549     3.6419875261     7.5150168705
H       18.9792285969     3.6028615723     6.1561261683
C       19.4454468813     2.9413045145     6.8925899631
H       18.6880900509     2.7560742527     7.6648893765
H       20.5714425357     1.7921595910     5.4357299169
C       19.8175694981     1.6239465661     6.2160909598
H       18.9470776236     1.1562766046     5.7424696183
H       20.2473169022     0.9126272819     6.9306090696
H       21.4082537098     3.8599256978     6.7534497976
H       21.1204227459     3.0205410873     8.2828508540
H       20.3613970250     4.5905780358     7.9793411131
Si       16.4438345577     3.3989316314     4.4093716967
O       16.2955134513     5.1094183971     4.8126135950
O       18.0907898819     3.0493790140     3.8502345462
O       15.3250979353     2.9931555642     3.0767909182
O       16.0772928326     2.5764199152     5.9319135254
Si       16.4274934024     6.8110788347     4.4376537547
Si       13.7991083894     2.4661495048     2.3475205139
Si       19.0656640498     2.5274948768     2.4924358748
Si       15.7016940619     1.0154124944     6.6288693063
H       17.8795172874     6.8256014845     3.9139262447
H       15.5515371699     6.9623096699     3.3152389342
H       16.2687209562     7.4793915544     5.5943973299
H       12.8483244746     3.3037651477     3.0839211049
H       13.9561693162     2.8372607810     1.0436263334
H       18.4441448874     3.3127100244     1.3889617868
H       13.7235455281     1.1107913573     2.6962660611
H       18.5290817234     1.1078266567     2.3395914030
H       16.4215747084     0.9144259197     7.7901195215
H       14.2740865435     1.0055286826     6.7121458916
H       20.3250552926     2.6716137767     2.7529848739
H       16.1837843257     0.0963539822     5.5394184362
32
# Point -10 Energy = 0.0
C       20.6494277139     3.6436072615     7.5164442204
H       18.9789455143     3.6042778417     6.1575981106
C       19.4455977231     2.9422424213     6.8936920266
H       18.6884774287     2.7562291512     7.6660770207
H       20.5728676657     1.7931598367     5.4371544992
C       19.8183502645     1.6251228190     6.2168119149
H       18.9483315059     1.1566152350     5.7428809952
H       20.2469976868     0.9136947452     6.9318133510
H       21.4080997047     3.8618945537     6.7551547968
H       21.1199753031     3.0222027034     8.2843718947
H       20.3604410470     4.5919403875     7.9808396381
Si       16.4429284805     3.3996735139     4.4082816161
O       16.2972678141     5.0992400471     4.8059114230
O       18.0772125644     3.0516814367     3.8501828535
O       15.3298547112     2.9929508292     3.0893704541
O       16.0797064912     2.5753810377     5.9162868808
Si       16.4347997636     6.7916737713     4.4343573087
Si       13.8132528589     2.4753929438     2.3613274968
Si       19.0453906315     2.5282416486     2.5000186561
Si       15.7055447891     1.0251423395     6.6149132772
H       17.8822866118     6.8306323324     3.9120616089
H       15.5519066083     6.9621983917     3.3118242358
H       16.2699684478     7.4789623459     5.5972140903
H       12.8438351816     3.3048643946     3.0857138303
H       13.9553952586     2.8409434760     1.0417187770
H       18.4437106746     3.3133926519     1.3857369590
H       13.7207346429     1.1090143078     2.6971263888
H       18.5304939328     1.1048587117     2.3359676127
H       16.4233865038     0.9124219534     7.7911850304
H       14.2719933490     1.0017414010     6.7100953840
H       20.3263527371     2.6727397464     2.7556361924
H       16.1844469891     0.0911677635     5.5393968160
32
# Point -9 Energy = 0.0
C       20.6491742324     3.6451361387     7.5177957935
H       18.9786652835     3.6056420631     6.1590184448
C       19.4457442453     2.9431195505     6.8947384901
H       18.6888668608     2.7563477205     7.6672203478
H       20.5742359596     1.7940623100     5.4385137382
C       19.8190813632     1.6262252772     6.2174784439
H       18.9495169049     1.1569022599     5.7432526104
H       20.2466185263     0.9146795708     6.9329585224
H       21.4079638668     3.8637483255     6.7567724602
H       21.1195446570     3.0237640649     8.2858133420
H       20.3595405993     4.5932215688     7.9822617150
Si       16.4419965673     3.4004245611     4.4071752682
O       16.2990279202     5.0890596302     4.7992234408
O       18.0635946375     3.0539555656     3.8501139154
O       15.3345993655     2.9928370323     3.1019249997
O       16.0821097590     2.5744885951     5.9006747690
Si       16.4420365237     6.7722480252     4.4310729958
Si       13.8274900978     2.4845042421     2.3751156350
Si       19.0250471767     2.5289855192     2.5075690626
Si       15.7094033751     1.0350164636     6.6009260588
H       17.8846756534     6.8352689555     3.9104569063
H       15.5521910050     6.9621252734     3.3087806070
H       16.2710023342     7.4785717296     5.5998194280
H       12.8397930225     3.3057799464     3.0872591351
H       13.9547378812     2.8442708583     1.0400028302
H       18.4433916982     3.3140458527     1.3828191049
H       13.7182337647     1.1074290953     2.6978635684
H       18.5318885912     1.1022460297     2.3326797315
H       16.4250430265     0.9105938029     7.7921455210
H       14.2701373303     0.9982641754     6.7082295497
H       20.3275475814     2.6738516876     2.7580846355
H       16.1850807898     0.0864861087     5.5394042888
32
# Point -8 Energy = 0.0
C       20.6489422857     3.6465749624     7.5190713176
H       18.9783869332     3.6069550920     6.1603862076
C       19.4458852203     2.9439366252     6.8957284229
H       18.6892567736     2.7564303772     7.6683180755
H       20.5755469780     1.7948681381     5.4398068567
C       19.8197620489     1.6272548193     6.2180894475
H       18.9506332613     1.1571384901     5.7435828953
H       20.2461785049     0.9155826408     6.9340435468
H       21.4078449878     3.8654880985     6.7583028667
H       21.1191290691     3.0252258927     8.2871749845
H       20.3586938040     4.5944222900     7.9836071951
Si       16.4410384424     3.4011856483     4.4060506376
O       16.3007918029     5.0788777288     4.7925480340
O       18.0499362007     3.0562037591     3.8500268696
O       15.3393320029     2.9928152607     3.1144518028
O       16.0845004665     2.5737426615     5.8850755533
Si       16.4492015186     6.7528025035     4.4277985761
Si       13.8418164035     2.4934847071     2.3888855224
Si       19.0046345298     2.5297297862     2.5150864929
Si       15.7132685281     1.0450343616     6.5869055202
H       17.8866978216     6.8394949703     3.9091092799
H       15.5523874492     6.9620830213     3.3061084414
H       16.2718237680     7.4782152613     5.6022131092
H       12.8362049766     3.3065235120     3.0885748570
H       13.9542061787     2.8472426631     1.0384745548
H       18.4431798254     3.3146781552     1.3802161088
H       13.7160553206     1.1060242317     2.6984830345
H       18.5332546528     1.0999861460     2.3297362640
H       16.4265450621     0.9089425810     7.7930005859
H       14.2685152428     0.9950997604     6.7065467666
H       20.3286402361     2.6749504947     2.7603313657
H       16.1856903038     0.0823073600     5.5394301672
32
# Point -7 Energy = 0.0
C       20.6487305198     3.6479246834     7.5202711724
H       18.9781097943     3.6082178829     6.1617009331
C       19.4460196941     2.9446944696     6.8966614114
H       18.6896458092     2.7564775673     7.6693693613
H       20.5768007515     1.7955786712     5.4410336623
C       19.8203919878     1.6282124752     6.2186443342
H       18.9516805015     1.1573248565     5.7438706930
H       20.2456770918     0.9164049876     6.9350679074
H       21.4077420844     3.8671151756     6.7597468254
H       21.1187269365     3.0265890538     8.2884572843
H       20.3578988570     4.5955433709     7.9848765859
Si       16.4400542161     3.4019576693     4.4049059645
O       16.3025578717     5.0686949282     4.7858838915
O       18.0362379108     3.0584284979     3.8499212404
O       15.3440533709     2.9928866017     3.1269482312
O       16.0868768754     2.5731432538     5.8694877838
Si       16.4562929195     6.7333381450     4.4245322101
Si       13.8562288084     2.5023357353     2.4026377044
Si       18.9841542487     2.5304779659     2.5225707953
Si       15.7171393696     1.0551954204     6.5728496207
H       17.8883669964     6.8432967256     3.9080151700
H       15.5524946082     6.9620653528     3.3038075436
H       16.2724351793     7.4778901357     5.6043946277
H       12.8330740200     3.3071046504     3.0896764193
H       13.9538045045     2.8498582960     1.0371293622
H       18.4430670180     3.3152975665     1.3779355521
H       13.7142071134     1.1047883434     2.6989887291
H       18.5345813601     1.0980768223     2.3271443035
H       16.4278934837     0.9074679689     7.7937498511
H       14.2671244638     0.9922494057     6.7050450224
H       20.3296321337     2.6760365704     2.7623766454
H       16.1862801000     0.0786287508     5.5394645211
32
# Point -6 Energy = 0.0
C       20.6485376859     3.6491863728     7.5213962945
H       18.9778334167     3.6094314596     6.1629625785
C       19.4461469101     2.9453939827     6.8975374838
H       18.6900327593     2.7564897477     7.6703737383
H       20.5779976831     1.7961954437     5.4421944659
C       19.8209711698     1.6290993945     6.2191429493
H       18.9526589432     1.1574623776     5.7441152013
H       20.2451140607     0.9171477654     6.9360315357
H       21.4076543234     3.8686310432     6.7611057701
H       21.1183367336     3.0278545397     8.2896612793
H       20.3571539713     4.5965857192     7.9860709530
Si       16.4390443809     3.4027415024     4.4037397027
O       16.3043248246     5.0585117876     4.7792299527
O       18.0225008703     3.0606323378     3.8497968733
O       15.3487647324     2.9930521026     3.1394117492
O       16.0892375964     2.5726903135     5.8539101675
Si       16.4633091449     6.7138558893     4.4212723939
Si       13.8707249431     2.5110587740     2.4163726787
Si       18.9636084719     2.5312337311     2.5300221920
Si       15.7210153531     1.0654989070     6.5587563968
H       17.8896972808     6.8466629997     3.9071703467
H       15.5525124692     6.9620667267     3.3018771962
H       16.2728400602     7.4775949119     5.6063631969
H       12.8304001460     3.3075310671     3.0905772594
H       13.9535336209     2.8521170131     1.0359624679
H       18.4430451556     3.3159116089     1.3759847116
H       13.7126934465     1.1037104419     2.6993835138
H       18.5358580506     1.0965160205     2.3249095965
H       16.4290892205     0.9061684643     7.7943929086
H       14.2659629343     0.9897131123     6.7037218945
H       20.3305255284     2.6771098193     2.7642198357
H       16.1868547122     0.0754466228     5.5394980756
32
# Point -5 Energy = 0.0
C       20.6483625907     3.6503612003     7.5224480992
H       18.9775575054     3.6105968920     6.1641714631
C       19.4462662508     2.9460361183     6.8983570484
H       18.6904165134     2.7564673726     7.6713310622
H       20.5791384707     1.7967201411     5.4432900147
C       19.8214998378     1.6299168209     6.2195855162
H       18.9535692175     1.1575521351     5.7443159258
H       20.2444894231     0.9178122262     6.9369347516
H       21.4075809655     3.8700373435     6.7623816717
H       21.1179569676     3.0290234466     8.2907885043
H       20.3564573351     4.5975503119     7.9871918401
Si       16.4380097286     3.4035379875     4.4025504861
O       16.3060915786     5.0483288219     4.7725853667
O       18.0087265367     3.0628178751     3.8496538831
O       15.3534677634     2.9933127430     3.1518399001
O       16.0915815244     2.5723836962     5.8383415446
Si       16.4702487961     6.6943566559     4.4180179071
Si       13.8853029244     2.5196552971     2.4300908981
Si       18.9429998098     2.5320008625     2.5374412161
Si       15.7248961975     1.0759439624     6.5446239531
H       17.8907028042     6.8495847304     3.9065699484
H       15.5524421157     6.9620821267     3.3003162191
H       16.2730427813     7.4773292799     5.6081177530
H       12.8281811760     3.3078088870     3.0912892002
H       13.9533915659     2.8540180588     1.0349692115
H       18.4431058978     3.3165273562     1.3743705444
H       13.7115160368     1.1027800905     2.6996694967
H       18.5370740028     1.0953018715     2.3230365968
H       16.4301332330     0.9050415902     7.7949292709
H       14.2650291022     0.9874898495     6.7025745433
H       20.3313233270     2.6781696442     2.7658593990
H       16.1874186200     0.0727566050     5.5395221245
32
# Point -4 Energy = 0.0
C       20.6482040585     3.6514504168     7.5234284176
H       18.9772818704     3.6117152791     6.1653282205
C       19.4463771917     2.9466218691     6.8991208437
H       18.6907960192     2.7564108845     7.6722414696
H       20.5802240441     1.7971545748     5.4443214373
C       19.8219784313     1.6306660721     6.2199725895
H       18.9544122074     1.1575952548     5.7444726417
H       20.2438033755     0.9183997018     6.9377782150
H       21.4075213214     3.8713358504     6.7635769680
H       21.1175861458     3.0300969599     8.2918409263
H       20.3558070822     4.5984381816     7.9882412044
Si       16.4369512852     3.4043479113     4.4013371033
O       16.3078572195     5.0381464894     4.7659494601
O       17.9949166509     3.0649877196     3.8494926112
O       15.3581644705     2.9936694179     3.1642302937
O       16.0939077877     2.5722231663     5.8227808707
Si       16.4771106097     6.6748413306     4.4147677732
Si       13.8999612664     2.5281267927     2.4437927729
Si       18.9223312581     2.5327832099     2.5448286614
Si       15.7287818337     1.0865296023     6.5304504564
H       17.8913975664     6.8520547752     3.9062085254
H       15.5522855339     6.9621068930     3.2991230218
H       16.2730484350     7.4770938647     5.6096569654
H       12.8264133898     3.3079428991     3.0918227625
H       13.9533743546     2.8555607688     1.0341452734
H       18.4432405852     3.3171514677     1.3730996619
H       13.7106747397     1.1019874967     2.6998482827
H       18.5382183190     1.0944326385     2.3215285121
H       16.4310264950     0.9040840699     7.7953583409
H       14.2643218685     0.9855777356     6.7015997143
H       20.3320289491     2.6792149452     2.7672929064
H       16.1879762348     0.0705537610     5.5395284569
32
# Point -3 Energy = 0.0
C       20.6480609049     3.6524553404     7.5243394460
H       18.9770063897     3.6127877369     6.1664337602
C       19.4464792679     2.9471522551     6.8998298993
H       18.6911702539     2.7563207080     7.6731053441
H       20.5812555163     1.7975006605     5.4452901999
C       19.8224075425     1.6313485250     6.2203050162
H       18.9551889980     1.1575928937     5.7445853644
H       20.2430562586     0.9189115882     6.9385628868
H       21.4074747207     3.8725284501     6.7646945067
H       21.1172227518     3.0310763405     8.2928208918
H       20.3552012727     4.5992504044     7.9892213645
Si       16.4358702604     3.4051719982     4.4000984781
O       16.3096209632     5.0279651872     4.7593217130
O       17.9810731818     3.0671444750     3.8493135923
O       15.3628571260     2.9941229279     3.1765805976
O       16.0962157082     2.5722083977     5.8072272045
Si       16.4838934239     6.6553107586     4.4115212287
Si       13.9146988092     2.5364747576     2.4574786755
Si       18.9016061282     2.5335846620     2.5521855417
Si       15.7326723626     1.0972547209     6.5162341322
H       17.8917953174     6.8540677010     3.9060800877
H       15.5520454482     6.9621365923     3.2982956509
H       16.2728627041     7.4768900613     5.6109792521
H       12.8250920087     3.3079367693     3.0921874233
H       13.9534765364     2.8567446442     1.0334868125
H       18.4434401731     3.3177902199     1.3721782950
H       13.7101681132     1.1013235526     2.6999211633
H       18.5392798427     1.0939066785     2.3203873411
H       16.4317699788     0.9032919728     7.7956793940
H       14.2638405370     0.9839741887     6.7007937496
H       20.3326462095     2.6802441228     2.7685170501
H       16.1885318906     0.0688327084     5.5395092967
32
# Point -2 Energy = 0.0
C       20.6479319181     3.6533773453     7.5251837053
H       18.9767309824     3.6138153895     6.1674892368
C       19.4465720484     2.9476283153     6.9004855039
H       18.6915382024     2.7561972460     7.6739232903
H       20.5822341457     1.7977604028     5.4461980702
C       19.8227878824     1.6319656037     6.2205839056
H       18.9559008388     1.1575462299     5.7446543243
H       20.2422485242     0.9193493343     6.9392899967
H       21.4074404895     3.8736171256     6.7657374993
H       21.1168652295     3.0319629141     8.2937310856
H       20.3546378798     4.5999880916     7.9901349602
Si       16.4347680092     3.4060109068     4.3988336545
O       16.3113821292     5.0177852492     4.7527017405
O       17.9671982825     3.0692907253     3.8491175281
O       15.3675482166     2.9946739759     3.1888885318
O       16.0985047724     2.5723389765     5.7916796980
Si       16.4905961564     6.6357657422     4.4082776996
Si       13.9295146630     2.5447006990     2.4711489457
Si       18.8808279925     2.5344091243     2.5595130580
Si       15.7365680220     1.1081180970     6.5019732633
H       17.8919094650     6.8556195974     3.9061781547
H       15.5517251804     6.9621669213     3.2978318311
H       16.2724917504     7.4767198963     5.6120827983
H       12.8242115619     3.3077932230     3.0923918278
H       13.9536916326     2.8575694041     1.0329905493
H       18.4436951952     3.3184495342     1.3716122515
H       13.7099938513     1.1007798417     2.6998892575
H       18.5402471059     1.0937224007     2.3196139064
H       16.4323646455     0.9026608358     7.7958915699
H       14.2635847684     0.9826760514     6.7001526028
H       20.3331792188     2.6812550829     2.7695276609
H       16.1890898396     0.0675877168     5.5394572523
32
# Point -1 Energy = 0.0
C       20.6478158498     3.6542178500     7.5259640104
H       18.9764555890     3.6147993647     6.1684960316
C       19.4466551198     2.9480511020     6.9010891847
H       18.6918988454     2.7560408792     7.6746961181
H       20.5831613028     1.7979358809     5.4470470896
C       19.8231202522     1.6325187707     6.2208106065
H       18.9565491087     1.1574564582     5.7446799517
H       20.2413807086     0.9197144310     6.9399610181
H       21.4074179375     3.8746039396     6.7667094855
H       21.1165119763     3.0327580575     8.2945744973
H       20.3541147901     4.6006523798     7.9909849224
Si       16.4336459999     3.4068652365     4.3975417963
O       16.3131401272     5.0076069558     4.7460892920
O       17.9532942517     3.0714290255     3.8489052680
O       15.3722403931     2.9953231785     3.2011518803
O       16.1007746142     2.5726144163     5.7761376013
Si       16.4972177969     6.6162070497     4.4050368017
Si       13.9444081879     2.5528061152     2.4848038748
Si       18.8600006303     2.5352604991     2.5668125698
Si       15.7404691730     1.1191184124     6.4876662025
H       17.8917530137     6.8567079716     3.9064958110
H       15.5513285347     6.9621936418     3.2977289949
H       16.2719421401     7.4765859110     5.6129655940
H       12.8237660921     3.3075141825     3.0924439201
H       13.9540125042     2.8580350125     1.0326537907
H       18.4439957338     3.3191350070     1.3714068406
H       13.7101491021     1.1003486006     2.6997535976
H       18.5411083116     1.0938782009     2.3192078548
H       16.4328114527     0.9021857700     7.7959938733
H       14.2635545337     0.9816796940     6.6996718711
H       20.3336322838     2.6822452371     2.7703197195
H       16.1896542430     0.0668127685     5.5393652895
32
# Point 0 Energy = 0
C       20.6477110000     3.6549790000     7.5266840000
H       18.9761800000     3.6157410000     6.1694560000
C       19.4467280000     2.9484220000     6.9016430000
H       18.6922510000     2.7558520000     7.6754250000
H       20.5840390000     1.7980300000     5.4478400000
C       19.8234060000     1.6330100000     6.2209870000
H       18.9571360000     1.1573250000     5.7446630000
H       20.2404540000     0.9200090000     6.9405780000
H       21.4074060000     3.8754920000     6.7676150000
H       21.1161610000     3.0334640000     8.2953550000
H       20.3536290000     4.6012450000     7.9917750000
Si       16.4325060000     3.4077350000     4.3962220000
O       16.3148940000     4.9974300000     4.7394840000
O       17.9393640000     3.0735620000     3.8486780000
O       15.3769370000     2.9960700000     3.2133680000
O       16.1030250000     2.5730330000     5.7606000000
Si       16.5037570000     6.5966350000     4.4017980000
Si       13.9593780000     2.5607940000     2.4984440000
Si       18.8391290000     2.5361430000     2.5740860000
Si       15.7443760000     1.1302530000     6.4733110000
H       17.8913405600     6.8573308000     3.9070238400
H       15.5508605600     6.9622108000     3.2979838400
H       16.2712205600     7.4764908000     5.6136238400
H       12.8237502400     3.3071035200     3.0923555200
H       13.9544302400     2.8581435200     1.0324755200
H       18.4443303200     3.3198514400     1.3715668800
H       13.7106302400     1.1000235200     2.6995155200
H       18.5418503200     1.0943714400     2.3191668800
H       16.4331100800     0.9018602400     7.7959848800
H       14.2637500800     0.9809802400     6.6993448800
H       20.3340103200     2.6832114400     2.7708868800
H       16.1902300800     0.0665002400     5.5392248800
32
# Point 1 Energy = 0.0
C       20.6476165883     3.6556613619     7.5273462114
H       18.9759043690     3.6166411026     6.1703705449
C       19.4467903891     2.9487416169     6.9021484510
H       18.6925938388     2.7556308596     7.6761108649
H       20.5848680446     1.7980439259     5.4485786837
C       19.8236454453     1.6334401485     6.2211144146
H       18.9576621685     1.1571527394     5.7446040595
H       20.2394683198     0.9202337954     6.9411423468
H       21.4074043917     3.8762822051     6.7684571597
H       21.1158110774     3.0340811347     8.2960752522
H       20.3531792910     4.6017663570     7.9925078439
Si       16.4313493330     3.4086212998     4.3948739062
O       16.3166437626     4.9872552098     4.7328861169
O       17.9254093918     3.0756919840     3.8484366266
O       15.3816402112     2.9969159922     3.2255354370
O       16.1052557219     2.5735953883     5.7450666996
Si       16.5102134014     6.5770507921     4.3985615058
Si       13.9744243899     2.5686647150     2.5120697020
Si       18.8182159050     2.5370599962     2.5813345216
Si       15.7482891295     1.1415217855     6.4589066688
H       17.8906816277     6.8574912574     3.9077565687
H       15.5503248167     6.9622178204     3.2985946925
H       16.2703340247     7.4764384048     5.6140565357
H       12.8241553595     3.3065582260     3.0921283239
H       13.9549370594     2.8578925824     1.0324534311
H       18.4446928242     3.3206033601     1.3720949697
H       13.7114338562     1.0997976044     2.6991755269
H       18.5424648471     1.0952009118     2.3194877890
H       16.4332623879     0.9016801211     7.7958638622
H       14.2641719640     0.9805740023     6.6991693732
H       20.3343167639     2.6841508028     2.7712247666
H       16.1908198991     0.0666444964     5.5390325034
32
# Point 2 Energy = 0.0
C       20.6475317831     3.6562654983     7.5279533298
H       18.9756288149     3.6175004741     6.1712411975
C       19.4468419520     2.9490105548     6.9026071681
H       18.6929264942     2.7553776934     7.6767547615
H       20.5856492308     1.7979788420     5.4492651604
C       19.8238388897     1.6338100788     6.2211943044
H       18.9581282650     1.1569405660     5.7445038332
H       20.2384235665     0.9203895712     6.9416555831
H       21.4074127806     3.8769754603     6.7692392402
H       21.1154609287     3.0346098482     8.2967380602
H       20.3527643822     4.6022168436     7.9931862541
Si       16.4301773228     3.4095252301     4.3934972500
O       16.3183894730     4.9770834178     4.7262960019
O       17.9114322940     3.0778212760     3.8481821113
O       15.3863521861     2.9978626980     3.2376528256
O       16.1074666447     2.5743022530     5.7295375973
Si       16.5165866801     6.5574556443     4.3953276905
Si       13.9895478415     2.5764185082     2.5256812367
Si       18.7972641498     2.5380148112     2.5885593465
Si       15.7522092757     1.1529246881     6.4444523213
H       17.8897852746     6.8571933707     3.9086881224
H       15.5497250243     6.9622139619     3.2995596839
H       16.2692897678     7.4764326245     5.6142626899
H       12.8249728241     3.3058748924     3.0917637441
H       13.9555255492     2.8572801204     1.0325857300
H       18.4450767171     3.3213951283     1.3729931759
H       13.7125568073     1.0996642259     2.6987343429
H       18.5429433663     1.0963652810     2.3201664557
H       16.4332703441     0.9016412772     7.7956299523
H       14.2648209086     0.9804572027     6.6991428453
H       20.3345549088     2.6850600812     2.7713284993
H       16.1914261522     0.0672398767     5.5387848447
32
# Point 3 Energy = 0.0
C       20.6474546975     3.6567936260     7.5285095279
H       18.9753530634     3.6183204247     6.1720702051
C       19.4468821338     2.9492301984     6.9030216312
H       18.6932476645     2.7550928246     7.6773582163
H       20.5863846988     1.7978377733     5.4499026774
C       19.8239877636     1.6341218140     6.2212289848
H       18.9585366487     1.1566899002     5.7443634280
H       20.2373209973     0.9204785105     6.9421202027
H       21.4074299568     3.8775750137     6.7699663800
H       21.1151083537     3.0350524620     8.2973478576
H       20.3523809761     4.6025982246     7.9938145000
Si       16.4289918714     3.4104466296     4.3920912932
O       16.3201302731     4.9669141680     4.7197134663
O       17.8974358254     3.0799523815     3.8479158574
O       15.3910765037     2.9989093286     3.2497175638
O       16.1096577614     2.5751516983     5.7140119184
Si       16.5228755662     6.5378497648     4.3920962897
Si       14.0047472559     2.5840584667     2.5392791219
Si       18.7762790236     2.5390115710     2.5957626254
Si       15.7561367520     1.1644588132     6.4299461026
H       17.8886646218     6.8564372077     3.9098085080
H       15.5490667515     6.9621929583     3.3008750172
H       16.2680949043     7.4764766839     5.6142380954
H       12.8261979123     3.3050563142     3.0912730674
H       13.9561867486     2.8563090580     1.0328731890
H       18.4454695754     3.3222308592     1.3742650054
H       13.7139958414     1.0996186751     2.6981938371
H       18.5432718279     1.0978617990     2.3211979736
H       16.4331335664     0.9017367088     7.7952812989
H       14.2656977452     0.9806244087     6.6992576879
H       20.3347296958     2.6859350215     2.7711899363
H       16.1920536225     0.0682787120     5.5384738941
32
# Point 4 Energy = 0.0
C       20.6473838001     3.6572473201     7.5290186077
H       18.9750769760     3.6191020526     6.1728596984
C       19.4469104384     2.9494016226     6.9033941664
H       18.6935561743     2.7547765337     7.6779227272
H       20.5870760843     1.7976230370     5.4504942187
C       19.8240930612     1.6343769274     6.2212206270
H       18.9588890402     1.1564019538     5.7441839628
H       20.2361613271     0.9205022401     6.9425385184
H       21.4074550116     3.8780832087     6.7706432218
H       21.1147514380     3.0354105512     8.2979086652
H       20.3520264857     4.6029117272     7.9943964748
Si       16.4277947087     3.4113857900     4.3906555697
O       16.3218657852     4.9567474817     4.7131386477
O       17.8834226707     3.0820876350     3.8476391502
O       15.3958162387     3.0000560360     3.2617276040
O       16.1118291678     2.5761429181     5.6984892341
Si       16.5290792194     6.5182337324     4.3888674833
Si       14.0200225757     2.5915863006     2.5528635916
Si       18.7552649004     2.5400540046     2.6029461711
Si       15.7600721856     1.1761224463     6.4153866154
H       17.8873301009     6.8552245448     3.9111094807
H       15.5483548273     6.9621502154     3.3025371941
H       16.2667569008     7.4765742107     5.6139800391
H       12.8278252246     3.3041023760     3.0906629170
H       13.9569130881     2.8549808689     1.0333161330
H       18.4458598978     3.3231148135     1.3759131323
H       13.7157481737     1.0996560360     2.6975555967
H       18.5434371550     1.0996884579     2.3225771649
H       16.4328528867     0.9019605106     7.7948162459
H       14.2668034940     0.9810708098     6.6995079538
H       20.3348454683     2.6867709852     2.7708007792
H       16.1927060939     0.0697546523     5.5380937675
32
# Point 5 Energy = 0.0
C       20.6473175159     3.6576281783     7.5294845537
H       18.9748003976     3.6198464555     6.1736119590
C       19.4469263548     2.9495259079     6.9037272548
H       18.6938508249     2.7544290856     7.6784499314
H       20.5877250565     1.7973369935     5.4510429383
C       19.8241558014     1.6345770137     6.2211715550
H       18.9591872071     1.1560779484     5.7439666892
H       20.2349452942     0.9204624067     6.9429129918
H       21.4074870012     3.8785024319     6.7712746074
H       21.1143882209     3.0356857160     8.2984246889
H       20.3516982537     4.6031585887     7.9949362543
Si       16.4265875980     3.4123429686     4.3891897114
O       16.3235956844     4.9465833589     4.7065717905
O       17.8693955636     3.0842293304     3.8473533591
O       15.4005745046     3.0013029174     3.2736809726
O       16.1139810530     2.5772750773     5.6829692086
Si       16.5351968533     6.4986081187     4.3856416005
Si       14.0353738585     2.5990037621     2.5664348651
Si       18.7342262234     2.5411457981     2.6101118676
Si       15.7640162604     1.1879138291     6.4007725480
H       17.8857916307     6.8535579824     3.9125826339
H       15.5475941598     6.9620811406     3.3045425673
H       16.2652833278     7.4767289643     5.6134857301
H       12.8298494126     3.3030126791     3.0899397027
H       13.9576971163     2.8532972932     1.0339153715
H       18.4462360035     3.3240509790     1.3779394434
H       13.7178111285     1.0997718241     2.6968212981
H       18.5434261826     1.1018429877     2.3242978166
H       16.4324291197     0.9023066432     7.7942330503
H       14.2681393014     0.9817914137     6.6998874885
H       20.3349064317     2.6875629345     2.7701520897
H       16.1933872579     0.0716612715     5.5376388207
32
# Point 6 Energy = 0.0
C       20.6472542255     3.6579378202     7.5299115111
H       18.9745231521     3.6205547294     6.1743294007
C       19.4469293549     2.9496041394     6.9040235137
H       18.6941303922     2.7540507317     7.6789415891
H       20.5883333121     1.7969820422     5.4515521399
C       19.8241770228     1.6347236866     6.2210842275
H       18.9594329569     1.1557191126     5.7437129763
H       20.2336736566     0.9203606768     6.9432462165
H       21.4075249435     3.8788351112     6.7718655540
H       21.1140166958     3.0358795829     8.2989002979
H       20.3513935531     4.6033400577     7.9954380747
Si       16.4253723277     3.4133183854     4.3876934356
O       16.3253196870     4.9364217759     4.7000132302
O       17.8553572781     3.0863797203     3.8470599255
O       15.4053544456     3.0026500100     3.2855757582
O       16.1161136877     2.5785473090     5.6674515883
Si       16.5412277256     6.4789734844     4.3824190953
Si       14.0508012365     2.6063126745     2.5799931723
Si       18.7131674945     2.5422905929     2.6172616593
Si       15.7679696978     1.1998311603     6.3861026658
H       17.8840586106     6.8514408106     3.9142194392
H       15.5467896865     6.9619811496     3.3068873682
H       16.2636818118     7.4769447860     5.6127523028
H       12.8322652724     3.3017866151     3.0891097071
H       13.9585315181     2.8512603394     1.0346721884
H       18.4465861390     3.3250430632     1.3803450285
H       13.7201821761     1.0999619766     2.6959927330
H       18.5432257414     1.1043228459     2.3263527459
H       16.4318630492     0.9027689566     7.7935298858
H       14.2697064197     0.9827810756     6.7003899440
H       20.3349166132     2.6883054701     2.7692343621
H       16.1941007161     0.0739921079     5.5371036231
32
# Point 7 Energy = 0.0
C       20.6471922682     3.6581778854     7.5303037666
H       18.9742450402     3.6212279691     6.1750145571
C       19.4469188916     2.9496374069     6.9042856822
H       18.6943936282     2.7536417112     7.6793995719
H       20.5889025658     1.7965606178     5.4520252598
C       19.8241577774     1.6348185770     6.2209612229
H       18.9596281280     1.1553266824     5.7434242995
H       20.2323471867     0.9201987336     6.9435409013
H       21.4075678197     3.8790837113     6.7724212313
H       21.1136348148     3.0359938017     8.2993400039
H       20.3511095942     4.6034573932     7.9959063137
Si       16.4241507013     3.4143122277     4.3861665416
O       16.3270375464     4.9262626909     4.6934633888
O       17.8413106155     3.0885410157     3.8467603539
O       15.4101592195     3.0040972955     3.2974101136
O       16.1182274170     2.5799587211     5.6519362016
Si       16.5471711360     6.4593303824     4.3792005395
Si       14.0663048981     2.6135149384     2.5935387596
Si       18.6920932551     2.5434919810     2.6243975386
Si       15.7719332500     1.2118726039     6.3713758137
H       17.8821399252     6.8488769417     3.9160112893
H       15.5459463355     6.9618456824     3.3095677252
H       16.2619600082     7.4772255535     5.6117768355
H       12.8350677594     3.3004234124     3.0881791249
H       13.9594091432     2.8488722775     1.0355883167
H       18.4468985748     3.3260944895     1.3831301501
H       13.7228589424     1.1002228240     2.6950718153
H       18.5428227578     1.1071251887     2.3287338444
H       16.4311554283     0.9033412162     7.7927048498
H       14.2715061843     0.9840345217     6.7010088045
H       20.3348798096     2.6889928642     2.7680375928
H       16.1948499775     0.0767406820     5.5364829505
32
# Point 8 Energy = 0.0
C       20.6471299454     3.6583500313     7.5306657283
H       18.9739658372     3.6218672675     6.1756700676
C       19.4468943988     2.9496268044     6.9045166069
H       18.6946392631     2.7532022532     7.6798258514
H       20.5894345427     1.7960751857     5.4524658475
C       19.8240991244     1.6348633314     6.2208052242
H       18.9597745808     1.1549019000     5.7431022286
H       20.2309666670     0.9199782748     6.9437998539
H       21.4076145749     3.8792507293     6.7729469392
H       21.1132404940     3.0360300423     8.2997484399
H       20.3508435313     4.6035118631     7.9963454712
Si       16.4229245278     3.4153246542     4.3846089075
O       16.3287490483     4.9161060478     4.6869227703
O       17.8272583926     3.0907153853     3.8464562020
O       15.4149919825     3.0056447048     3.3091822578
O       16.1203226549     2.5815084032     5.6364229581
Si       16.5530264239     6.4396793622     4.3759866156
Si       14.0818850712     2.6206125369     2.6070718957
Si       18.6710080675     2.5447535004     2.6315215327
Si       15.7759076939     1.2240362974     6.3565909184
H       17.8800439536     6.8458708493     3.9179495375
H       15.5450689926     6.9616702227     3.3125796814
H       16.2601255804     7.4775751395     5.6105563666
H       12.8382519947     3.2989221778     3.0871540964
H       13.9603230221     2.8461356302     1.0366659135
H       18.4471617055     3.3272083924     1.3862942200
H       13.7258392055     1.1005510640     2.6940605845
H       18.5422043608     1.1102468475     2.3314321291
H       16.4303069803     0.9040171236     7.7917559697
H       14.2735399920     0.9855463694     6.7017374114
H       20.3347995357     2.6896190978     2.7665513556
H       16.1956384546     0.0799005107     5.5357717776
32
# Point 9 Energy = 0.0
C       20.6470655249     3.6584559302     7.5310019049
H       18.9736852915     3.6224737161     6.1762986639
C       19.4468552914     2.9495734296     6.9047192258
H       18.6948660075     2.7527325785     7.6802224869
H       20.5899309695     1.7955282380     5.4528775473
C       19.8240021255     1.6348596095     6.2206190025
H       18.9598741892     1.1544460131     5.7427484154
H       20.2295328857     0.9197010105     6.9440259636
H       21.4076641202     3.8793386897     6.7734480830
H       21.1128316192     3.0359899926     8.3001303375
H       20.3505924713     4.6035047432     7.9967601490
Si       16.4216956124     3.4163557978     4.3830204869
O       16.3304540063     4.9059517811     4.6803919558
O       17.8132034284     3.0929049539     3.8461490716
O       15.4198558732     3.0072921216     3.3208904774
O       16.1223998775     2.5831954316     5.6209118469
Si       16.5587929657     6.4200209721     4.3727781075
Si       14.0975420068     2.6276075396     2.6205928757
Si       18.6499164954     2.5460786306     2.6386356916
Si       15.7798938241     1.2363203596     6.3417469918
H       17.8777785809     6.8424275127     3.9200255354
H       15.5441624729     6.9614503184     3.3159192107
H       16.2581861815     7.4779973742     5.6090879111
H       12.8418132626     3.2972819318     3.0860407355
H       13.9612663707     2.8430531633     1.0379075361
H       18.4473641525     3.3283876122     1.3898357875
H       13.7291208835     1.1009437375     2.6929612076
H       18.5413579934     1.1136843120     2.3344378005
H       16.4293183998     0.9047903353     7.7906812082
H       14.2758092814     0.9873111438     6.7025689877
H       20.3346789756     2.6901779009     2.7647648818
H       16.1964694595     0.0834651187     5.5349652727
32
# Point 10 Energy = 0.0
C       20.6469972481     3.6584972608     7.5313168847
H       18.9734031227     3.6230484054     6.1769031590
C       19.4468009647     2.9494783814     6.9048965551
H       18.6950725561     2.7522329014     7.6805916159
H       20.5903935598     1.7949222851     5.4532640761
C       19.8238678323     1.6348090796     6.2204054008
H       18.9599288236     1.1539602758     5.7423645827
H       20.2280466263     0.9193686549     6.9442221813
H       21.4077153364     3.8793501320     6.7739301480
H       21.1124060550     3.0358753467     8.3004905029
H       20.3503534888     4.6034373099     7.9971550317
Si       16.4204657423     3.4174057806     4.3814013137
O       16.3321522626     4.8957998315     4.6738716100
O       17.7991485242     3.0951118038     3.8458405999
O       15.4247539840     3.0090394055     3.3325331428
O       16.1244596165     2.5850188904     5.6054029459
Si       16.5644701809     6.4003557748     4.3695759101
Si       14.1132759860     2.6345020675     2.6341020075
Si       18.6288230707     2.5474707859     2.6457420719
Si       15.7838924610     1.2487229109     6.3268431455
H       17.8753512163     6.8385524126     3.9222306796
H       15.5432314995     6.9611816163     3.3195822284
H       16.2561494621     7.4784960127     5.6073684970
H       12.8457469441     3.2955016130     3.0848451026
H       13.9622326308     2.8396278558     1.0393160982
H       18.4474948503     3.3296346988     1.3937525120
H       13.7327020294     1.1013981782     2.6917759723
H       18.5402715261     1.1174337106     2.3377402878
H       16.4281903789     0.9056544919     7.7894784683
H       14.2783155113     0.9893232979     6.7034966819
H       20.3345209158     2.6906627874     2.7626671388
H       16.1973461934     0.0874280408     5.5340588075
32
# Point 11 Energy = 0.0
C       20.6469229423     3.6584765750     7.5316157692
H       18.9731188493     3.6235926395     6.1774866414
C       19.4467307738     2.9493431568     6.9050519471
H       18.6952575282     2.7517035239     7.6809356037
H       20.5908246499     1.7942607014     5.4536296411
C       19.8236978824     1.6347139678     6.2201676411
H       18.9599411985     1.1534461558     5.7419527052
H       20.2265094382     0.9189836491     6.9443918827
H       21.4077667080     3.8792887779     6.7743992434
H       21.1119613901     3.0356888555     8.3008343150
H       20.3501227980     4.6033115901     7.9975352816
Si       16.4192368568     3.4184739450     4.3797513299
O       16.3338431967     4.8856494028     4.6673621611
O       17.7850969249     3.0973378509     3.8455326054
O       15.4296898538     3.0108849138     3.3441082852
O       16.1265026210     2.5869764903     5.5898962019
Si       16.5700570527     6.3806837237     4.3663805969
Si       14.1290862945     2.6413001399     2.6475997693
Si       18.6077332737     2.5489333582     2.6528430984
Si       15.7879041060     1.2612406655     6.3118783200
H       17.8727701726     6.8342507731     3.9245549439
H       15.5422813753     6.9608577345     3.3235640202
H       16.2540229354     7.4790740535     5.6053935294
H       12.8500498159     3.2935832987     3.0835776655
H       13.9632140224     2.8358656025     1.0408964081
H       18.4475423673     3.3309512147     1.3980410205
H       13.7365794137     1.1019136035     2.6905069989
H       18.5389333491     1.1214894454     2.3413278944
H       16.4269221146     0.9066016826     7.7881453174
H       14.2810601689     0.9915762658     6.7045114215
H       20.3343279043     2.6910668400     2.7602465718
H       16.1982726219     0.0917814030     5.5330465288
32
# Point 12 Energy = 0.0
C       20.6468415634     3.6583938764     7.5319023238
H       18.9728324748     3.6241070635     6.1780515835
C       19.4466441226     2.9491680735     6.9051879523
H       18.6954197136     2.7511444641     7.6812563439
H       20.5912246871     1.7935443483     5.4539771869
C       19.8234921527     1.6345748674     6.2199080124
H       18.9599115260     1.1529044803     5.7415142096
H       20.2249206017     0.9185463028     6.9445373486
H       21.4078177764     3.8791549099     6.7748598101
H       21.1114959598     3.0354301919     8.3011656297
H       20.3498990351     4.6031274092     7.9979048295
Si       16.4180103668     3.4195618332     4.3780709606
O       16.3355276143     4.8755018356     4.6608649283
O       17.7710504923     3.0995853087     3.8452264392
O       15.4346655481     3.0128312466     3.3556151520
O       16.1285291801     2.5890699794     5.5743922020
Si       16.5755539516     6.3610065449     4.3631939265
Si       14.1449750385     2.6480006322     2.6610863521
Si       18.5866496631     2.5504695272     2.6599400826
Si       15.7919301738     1.2738744763     6.2968522522
H       17.8700391865     6.8295299451     3.9269928046
H       15.5413151804     6.9604787620     3.3278616407
H       16.2518142596     7.4797362746     5.6031631998
H       12.8547153468     3.2915196997     3.0822360047
H       13.9642069121     2.8317645292     1.0426490975
H       18.4474982707     3.3323404130     1.4026977594
H       13.7407539369     1.1024849140     2.6891574559
H       18.5373325322     1.1258497260     2.3451897667
H       16.4255170713     0.9076285280     7.7866801046
H       14.2840446875     0.9940662579     6.7056104331
H       20.3341015722     2.6913838724     2.7574926378
H       16.1992500019     0.0965217069     5.5319269299
32
# Point 13 Energy = 0.0
C       20.6467505473     3.6582525972     7.5321821277
H       18.9725432846     3.6245931984     6.1786013773
C       19.4465403267     2.9489550346     6.9053082721
H       18.6955576870     2.7505561267     7.6815564718
H       20.5915965749     1.7927774671     5.4543113866
C       19.8232528405     1.6343945678     6.2196301192
H       18.9598433243     1.1523369389     5.7410513604
H       20.2232824311     0.9180597834     6.9446623611
H       21.4078666228     3.8789534344     6.7753185162
H       21.1110071269     3.0351031725     8.3014903452
H       20.3496775967     4.6028875532     7.9982692861
Si       16.4167882782     3.4206680074     4.3763601777
O       16.3372044622     4.8653556267     4.6543802174
O       17.7570127990     3.1018558312     3.8449240975
O       15.4396848646     3.0148752489     3.3670516247
O       16.1305403287     2.5912957425     5.5588909105
Si       16.5809594798     6.3413236188     4.3600162981
Si       14.1609405984     2.6546093932     2.6745622983
Si       18.5655784774     2.5520825012     2.6670357507
Si       15.7959709065     1.2866197103     6.2817639206
H       17.8671669420     6.8243954713     3.9295331350
H       15.5403386076     6.9600364670     3.3324696794
H       16.2495308979     7.4804846496     5.6006714706
H       12.8597414911     3.2893160556     3.0808347041
H       13.9652027042     2.8273337522     1.0445811035
H       18.4473514654     3.3338025413     1.4077173280
H       13.7452209441     1.1031134499     2.6877292250
H       18.5354590934     1.1305067459     2.3493126349
H       16.4239730383     0.9087256034     7.7850800301
H       14.2872705023     0.9967856495     6.7067824960
H       20.3338434744     2.6916064278     2.7543933397
H       16.2002828816     0.1016396321     5.5306932946
32
# Point 14 Energy = 0.0
C       20.6466484293     3.6580535874     7.5324594177
H       18.9722510479     3.6250518931     6.1791387599
C       19.4464187262     2.9487047419     6.9054157728
H       18.6956701519     2.7499386117     7.6818381016
H       20.5919413223     1.7919617595     5.4546356329
C       19.8229803604     1.6341742030     6.2193366005
H       18.9597375903     1.1517445660     5.7405658224
H       20.2215949301     0.9175251015     6.9447695826
H       21.4079123735     3.8786857817     6.7757803712
H       21.1104929518     3.0347084947     8.3018128368
H       20.3494562702     4.6025925735     7.9986330235
Si       16.4155720943     3.4217932477     4.3746193483
O       16.3388740867     4.8552114135     4.6479091427
O       17.7429860760     3.1041514321     3.8446270890
O       15.4447502078     3.0170180371     3.3784166665
O       16.1325365722     2.5936542009     5.5433928370
Si       16.5862736028     6.3216360946     4.3568491835
Si       14.1769840230     2.6611272316     2.6880280148
Si       18.5445231060     2.5537753679     2.6741317222
Si       15.8000273919     1.2994758605     6.2666129684
H       17.8641577817     6.8188546583     3.9321691459
H       15.5393551598     6.9595291566     3.3373846005
H       16.2471802973     7.4813229907     5.5979169794
H       12.8651231412     3.2869682157     3.0793758297
H       13.9661966722     2.8225743554     1.0466951623
H       18.4470939667     3.3353395823     1.4130944495
H       13.7499801291     1.1037961189     2.6862254890
H       18.5333035264     1.1354567216     2.3536841896
H       16.4222920051     0.9098880517     7.7833430543
H       14.2907390178     0.9997296340     6.7080226776
H       20.3335544300     2.6917279793     2.7509378688
H       16.2013731583     0.1071303353     5.5293430190
32
# Point 15 Energy = 0.0
C       20.6465333674     3.6577985590     7.5327388433
H       18.9719553307     3.6254842097     6.1796666890
C       19.4462786332     2.9484182941     6.9055135929
H       18.6957557670     2.7492921198     7.6821035328
H       20.5922605219     1.7910997684     5.4549537214
C       19.8226756921     1.6339154544     6.2190304081
H       18.9595961265     1.1511286069     5.7400594722
H       20.2198588590     0.9169439815     6.9448620255
H       21.4079537776     3.8783545402     6.7762508862
H       21.1099512695     3.0342479007     8.3021379427
H       20.3492320430     4.6022437677     7.9990007937
Si       16.4143634192     3.4229375707     4.3728487633
O       16.3405363700     4.8450691210     4.6414525899
O       17.7289729231     3.1064739281     3.8443370654
O       15.4498643258     3.0192592508     3.3897089628
O       16.1345186287     2.5961444417     5.5278983904
Si       16.5914958598     6.3019445339     4.3536937416
Si       14.1931053979     2.6675567534     2.7014839985
Si       18.5234877659     2.5555511299     2.6812299227
Si       15.8041004195     1.3124410635     6.2513989321
H       17.8610169668     6.8129145694     3.9348928174
H       15.5383688621     6.9589531910     3.3426022494
H       16.2447698275     7.4822542126     5.5948968637
H       12.8708563380     3.2844752244     3.0778657011
H       13.9671829653     2.8174903427     1.0489957899
H       18.4467177377     3.3369525240     1.4188228377
H       13.7550297155     1.1045316324     2.6846491527
H       18.5308573437     1.1406941194     2.3582913157
H       16.4204745399     0.9111095194     7.7814668163
H       14.2944515916     1.0028924210     6.7093239501
H       20.3332347691     2.6917417095     2.7471152297
H       16.2025234451     0.1129875390     5.5278723617
