32
# Point -15 Energy = 0.0
C       20.7336278632     3.5856627174     7.5032996843
H       19.0487035597     3.6003271714     6.1570552326
C       19.5053474181     2.9197331676     6.8862449992
H       18.7501622732     2.7609363998     7.6662397524
H       20.6035353912     1.6964992591     5.4537518485
C       19.8285350475     1.5796535838     6.2242563031
H       18.9452154169     1.1220762941     5.7610566556
H       20.2214419440     0.8640479939     6.9544082662
H       21.5045620180     3.7693612680     6.7453158673
H       21.1750324625     2.9543564415     8.2798629489
H       20.4730454993     4.5468862622     7.9560211803
Si       16.4839498131     3.4805764262     4.3861510117
O       16.4823173776     5.0451771570     4.8233283014
O       17.9181681508     3.0378152285     3.7681148267
O       15.4440543205     3.0878582340     3.2144583863
O       16.1533057910     2.6489706748     5.7212084514
Si       16.1681394987     6.4218385581     3.9556997103
Si       14.1037606721     2.5471660938     2.4795270589
Si       19.1118197589     2.5068526024     2.8030817412
Si       15.7377076900     1.2810213053     6.4919186116
H       17.4011385305     7.1889876840     3.9621206315
H       15.3149148072     6.6517842454     3.3707176728
H       15.9959847914     7.2557948965     5.7605269581
H       12.9105040492     3.5029471858     3.0455397847
H       14.0272034291     2.9872672807     1.0201042531
H       18.4755806634     3.2071250380     1.3863813740
H       13.7209024437     1.2547718159     2.6834020051
H       18.4937772459     1.0965627077     2.3209152952
H       16.4205488716     1.0042309151     7.8076762880
H       14.2540709691     1.1481507550     6.7149212592
H       20.3190448520     2.5712015703     2.8603434069
H       16.1418779808     0.1476610668     5.5635155934
32
# Point -14 Energy = 0.0
C       20.7242202253     3.5912770495     7.5072120339
H       19.0396464180     3.6012310847     6.1608269073
C       19.4989129659     2.9211536550     6.8888220989
H       18.7443371529     2.7570984350     7.6683670626
H       20.6018938068     1.7076595764     5.4522870177
C       19.8282890835     1.5845457534     6.2230271651
H       18.9469061395     1.1247267000     5.7584036570
H       20.2245459945     0.8685837139     6.9510399881
H       21.4938032652     3.7804484873     6.7492310607
H       21.1690232758     2.9601020733     8.2819469700
H       20.4595203703     4.5501605676     7.9626025242
Si       16.4758671550     3.4733921618     4.3904113887
O       16.4633191126     5.0392771689     4.8242997333
O       17.9160105902     3.0418607821     3.7756889838
O       15.4353461045     3.0793495569     3.2176176062
O       16.1475796857     2.6384492685     5.7260376975
Si       16.2006181642     6.4384958741     3.9774151000
Si       14.0903192404     2.5433826876     2.4842173409
Si       19.0937034672     2.5147260774     2.7863430954
Si       15.7385064081     1.2631489352     6.4905759680
H       17.4652819353     7.1577578214     3.9522343247
H       15.3399912531     6.6907029738     3.3590784046
H       16.0219415728     7.2887716834     5.7383522726
H       12.8986695609     3.4813193223     3.0552577110
H       14.0164512465     2.9757372239     1.0244606399
H       18.4703335773     3.2250958491     1.3862031877
H       13.7181556397     1.2383891708     2.6867267807
H       18.4984446040     1.0983632014     2.3201683527
H       16.4227309882     0.9884864041     7.8061084917
H       14.2553825748     1.1258111067     6.7138446559
H       20.3206009842     2.5868737723     2.8488134538
H       16.1476280374     0.1369238622     5.5595436854
32
# Point -13 Energy = 0.0
C       20.7151149657     3.5970670750     7.5106888236
H       19.0309935493     3.6023248733     6.1640527992
C       19.4926676637     2.9228820748     6.8910886386
H       18.7386379469     2.7539976332     7.6701795501
H       20.6001724668     1.7184434009     5.4509705826
C       19.8279201995     1.5894974604     6.2219227004
H       18.9483924373     1.1275269952     5.7559627597
H       20.2273100797     0.8733225955     6.9480355783
H       21.4834131763     3.7912810195     6.7527094071
H       21.1631137411     2.9661702768     8.2838135481
H       20.4465213961     4.5537923617     7.9684352872
Si       16.4682960159     3.4665024069     4.3939992587
O       16.4451915658     5.0337269633     4.8241113527
O       17.9142040839     3.0456866955     3.7828449681
O       15.4271222582     3.0710354439     3.2201629479
O       16.1420806255     2.6287147288     5.7304232702
Si       16.2321132519     6.4543818231     4.0008667572
Si       14.0773048468     2.5399995341     2.4883107808
Si       19.0754108735     2.5218088033     2.7697230629
Si       15.7392291497     1.2464482497     6.4891560525
H       17.5250919793     7.1258308103     3.9440663061
H       15.3647308117     6.7275627632     3.3489829936
H       16.0486572759     7.3185383383     5.7186247763
H       12.8876022996     3.4605982408     3.0638380893
H       14.0064490039     2.9643092774     1.0281611193
H       18.4653946958     3.2415279650     1.3857839064
H       13.7157130730     1.2226171061     2.6896302717
H       18.5029062784     1.0999322229     2.3194727075
H       16.4246912564     0.9741688914     7.8045873880
H       14.2565889308     1.1050601414     6.7126700123
H       20.3219113609     2.6015460947     2.8380021791
H       16.1530333407     0.1269997339     5.5558874845
32
# Point -12 Energy = 0.0
C       20.7063770414     3.6029523486     7.5137464994
H       19.0228059859     3.6035663412     6.1667542924
C       19.4866610282     2.9248607435     6.8930616466
H       18.7331077201     2.7515846725     7.6716979717
H       20.5984059133     1.7287744570     5.4498046131
C       19.8274562970     1.5944412475     6.2209500161
H       18.9496921759     1.1304258916     5.7537408977
H       20.2297493668     0.8781814768     6.9453985134
H       21.4734638933     3.8017698084     6.7557634387
H       21.1573579655     2.9724639180     8.2854755607
H       20.4341291425     4.5577085418     7.9735429678
Si       16.4612881732     3.4599218982     4.3969434831
O       16.4280176977     5.0285438011     4.8227983877
O       17.9127998957     3.0492828926     3.7895998894
O       15.4194260658     3.0629561930     3.2221224202
O       16.1368432825     2.6197788139     5.7343920653
Si       16.2625153226     6.4695059139     4.0259366691
Si       14.0647557709     2.5370902428     2.4918260861
Si       19.0569945194     2.5280598007     2.7532385442
Si       15.7398811565     1.2309247257     6.4876853272
H       17.5804179614     7.0937574989     3.9373847060
H       15.3888559770     6.7621827315     3.3403372334
H       16.0756049968     7.3452242397     5.7012477823
H       12.8773412077     3.4408821267     3.0713172519
H       13.9972350782     2.9530629063     1.0312330337
H       18.4608221703     3.2564076374     1.3851385577
H       13.7135761563     1.2075305598     2.6921369679
H       18.5071635471     1.1012406586     2.3188378529
H       16.4264319304     0.9612626330     7.8031357008
H       14.2576898299     1.0859286863     6.7114270280
H       20.3230295487     2.6151423462     2.8279286041
H       16.1580837819     0.1178862471     5.5525613516
32
# Point -11 Energy = 0.0
C       20.6980674917     3.6088536326     7.5164040841
H       19.0151400855     3.6049132550     6.1689558093
C       19.4809396394     2.9270318410     6.8947596884
H       18.7277872615     2.7498071876     7.6729440663
H       20.5966276455     1.7385816096     5.4487909520
C       19.8269247573     1.5993117501     6.2201154792
H       18.9508234011     1.1333732940     5.7517435817
H       20.2318802825     0.8830790396     6.9431299319
H       21.4640229464     3.8118299616     6.7584088724
H       21.1518078031     2.9788867969     8.2869470101
H       20.4224185325     4.5618355764     7.9779532824
Si       16.4548899755     3.4536629700     4.3992763059
O       16.4118721669     5.0237418128     4.8204023888
O       17.9118447752     3.0526408672     3.7959736491
O       15.4122955860     3.0551498241     3.2235271134
O       16.1318992658     2.6116481247     5.7379724232
Si       16.2917142089     6.4838780622     4.0524999855
Si       14.0527065135     2.5347249214     2.4947844503
Si       19.0385028900     2.5334472096     2.7369082378
Si       15.7404674812     1.2165767584     6.4861887711
H       17.6311603528     7.0620719439     3.9319735388
H       15.4120954784     6.7944013914     3.3330302515
H       16.1022847150     7.3689688723     5.6860958071
H       12.8679191646     3.4222610302     3.0777353286
H       13.9888419512     2.9420757950     1.0337070384
H       18.4566666727     3.2697288648     1.3842875284
H       13.7117445457     1.1931990922     2.6942713400
H       18.5112174090     1.1022646876     2.3182729927
H       16.4279564597     0.9497440008     7.8017737473
H       14.2586853205     1.0684370654     6.7101437190
H       20.3240047158     2.6275980172     2.8186115406
H       16.1627711050     0.1095767444     5.5495764446
32
# Point -10 Energy = 0.0
C       20.6902430278     3.6146936200     7.5186829259
H       19.0080472022     3.6063237895     6.1706844905
C       19.4755468592     2.9293380232     6.8962026472
H       18.7227149153     2.7486104374     7.6739403346
H       20.5948697538     1.7477994724     5.4479311743
C       19.8263521970     1.6040463620     6.2194246614
H       18.9518041759     1.1363208840     5.7499748721
H       20.2337203274     0.8879366539     6.9412286773
H       21.4551527251     3.8213814164     6.7606643588
H       21.1465124908     2.9853445546     8.2882428666
H       20.4114584066     4.5661001896     7.9816977975
Si       16.4491421670     3.4477356143     4.4010329440
O       16.3968210082     5.0193319986     4.8169706695
O       17.9113806410     3.0557538057     3.8019886482
O       15.4057635356     3.0476519279     3.2244107985
O       16.1272770952     2.6043243349     5.7411938235
Si       16.3195995708     6.4975089463     4.0804250878
Si       14.0411877355     2.5329697572     2.4972092553
Si       19.0199799639     2.5379484616     2.7207524673
Si       15.7409931689     1.2033960963     6.4846896959
H       17.6772656760     7.0312849185     3.9276321461
H       15.4341893385     6.8240780649     3.3269367597
H       16.1282279670     7.3899178297     5.6730192272
H       12.8593631165     3.4048164179     3.0831357065
H       13.9812961784     2.9314232770     1.0356166647
H       18.4529707811     3.2814934044     1.3832562282
H       13.7102163555     1.1796866247     2.6960575721
H       18.5150683726     1.1029861225     2.3177871096
H       16.4292696772     0.9395821417     7.8005193376
H       14.2595760047     1.0525954553     6.7088462243
H       20.3248811012     2.6388606214     2.8100694894
H       16.1670890642     0.1020607759     5.5469406985
32
# Point -9 Energy = 0.0
C       20.6829557303     3.6203975173     7.5206064994
H       19.0015734725     3.6077569264     6.1719699312
C       19.4705226334     2.9317229449     6.8974115481
H       18.7179264770     2.7479378936     7.6747098736
H       20.5931626181     1.7563688988     5.4472265453
C       19.8257642709     1.6085857956     6.2188822943
H       18.9526524484     1.1392226350     5.7484373551
H       20.2352879062     0.8926790772     6.9396913408
H       21.4469100775     3.8303494551     6.7625512730
H       21.1415183630     2.9917453999     8.2893789521
H       20.4013112202     4.5704299169     7.9848116371
Si       16.4440798293     3.4421476271     4.4022512392
O       16.3829214775     5.0153223202     4.8125558389
O       17.9114443794     3.0586167511     3.8076695298
O       15.3998572843     3.0404956603     3.2248095793
O       16.1230022437     2.5978044807     5.7440866380
Si       16.3460616652     6.5104103804     4.1095738460
Si       14.0302262834     2.5318868027     2.4991258214
Si       19.0014648841     2.5415504209     2.7047930134
Si       15.7414634480     1.1913683159     6.4832096060
H       17.7187204956     7.0018778893     3.9241738529
H       15.4548935242     6.8510931353     3.3219191593
H       16.1530013884     7.4082192692     5.6618486155
H       12.8516943138     3.3886209857     3.0875645773
H       13.9746184754     2.9211780142     1.0369979371
H       18.4497685191     3.2917108659     1.3820747639
H       13.7089884101     1.1670513913     2.6975193278
H       18.5187162661     1.1033927804     2.3173890280
H       16.4303779746     0.9307396189     7.7993877157
H       14.2603633299     1.0384043284     6.7075586672
H       20.3256976248     2.6488899421     2.8023205390
H       16.1710335657     0.0953245591     5.5446588144
32
# Point -8 Energy = 0.0
C       20.6762528527     3.6258934970     7.5222002496
H       18.9957597080     3.6091728128     6.1728439688
C       19.4659033764     2.9341317007     6.8984084211
H       18.7134551519     2.7477317502     7.6752762580
H       20.5915346737     1.7642373694     5.4466779727
C       19.8251855233     1.6128745444     6.2184922282
H       18.9533859505     1.1420352641     5.7471321188
H       20.2366021776     0.8972350150     6.9385122925
H       21.4393460368     3.8386650850     6.7640935422
H       21.1368686478     2.9980006612     8.2903718571
H       20.3920328686     4.5747535447     7.9873332602
Si       16.4397324242     3.4369048430     4.4029713735
O       16.3702220466     5.0117178900     4.8072154285
O       17.9120677480     3.0612268157     3.8130429573
O       15.3945989433     3.0337118822     3.2247616012
O       16.1190972395     2.5920813065     5.7466819411
Si       16.3709923020     6.5225956914     4.1398020741
Si       14.0198452871     2.5315339657     2.5005612092
Si       18.9829917447     2.5442495134     2.6890529504
Si       15.7418839245     1.1804733299     6.4817680974
H       17.7555447649     6.9742973548     3.9214242664
H       15.4739841209     6.8753470122     3.3178292720
H       16.1762091895     7.4240209457     5.6523986278
H       12.8449286306     3.3737387267     3.0910705794
H       13.9688238986     2.9114099272     1.0378890488
H       18.4470850392     3.3003988990     1.3807776286
H       13.7080565171     1.1553460971     2.6986795529
H       18.5221600629     1.1034788884     2.3170874645
H       16.4312894617     0.9231730286     7.7983915369
H       14.2610498664     1.0258549715     6.7063030646
H       20.3264876339     2.6576582041     2.7953822623
H       16.1746027872     0.0893514625     5.5427322537
32
# Point -7 Energy = 0.0
C       20.6701760071     3.6311138564     7.5234913246
H       18.9906406708     3.6105334636     6.1733403586
C       19.4617214099     2.9365116924     6.8992160301
H       18.7093311191     2.7479336466     7.6756632903
H       20.5900120051     1.7713601399     5.4462857800
C       19.8246391165     1.6168618905     6.2182572077
H       18.9540220879     1.1447190321     5.7460585382
H       20.2376829661     0.9015383043     6.9376835038
H       21.4325048677     3.8462663404     6.7653173605
H       21.1326028036     3.0040261356     8.2912387214
H       20.3836716619     4.5790021661     7.9893041611
Si       16.4361232622     3.4320111455     4.4032354671
O       16.3587614053     5.0085209435     4.8010114800
O       17.9132767850     3.0635835380     3.8181372729
O       15.3900049724     3.0273288486     3.2243066408
O       16.1155814111     2.5871432294     5.7490111954
Si       16.3942871389     6.5340814263     4.1709612431
Si       14.0100638497     2.5319641424     2.5015439922
Si       18.9645890479     2.5460521361     2.6735563499
Si       15.7422607914     1.1706854202     6.4803825567
H       17.7877876095     6.9489454801     3.9192203631
H       15.4912636373     6.8967605604     3.3145107636
H       16.1974991019     7.4374679000     5.6444727733
H       12.8390763296     3.3602238420     3.0937043443
H       13.9639215548     2.9021853226     1.0383299227
H       18.4449358726     3.3075834880     1.3794032007
H       13.7074157662     1.1446171664     2.6995601517
H       18.5253976306     1.1032455325     2.3168911321
H       16.4320142003     0.9168332633     7.7975406558
H       14.2616396309     1.0149291498     6.7050990627
H       20.3272783203     2.6651506437     2.7892715050
H       16.1777975666     0.0841221534     5.5411590106
32
# Point -6 Energy = 0.0
C       20.6647633280     3.6359928518     7.5245088521
H       18.9862473286     3.6118019569     6.1734950184
C       19.4580065537     2.9388114868     6.8998582343
H       18.7055829263     2.7484843166     7.6758954171
H       20.5886189387     1.7776978302     5.4460501603
C       19.8241472507     1.6205003071     6.2181793953
H       18.9545779778     1.1472368692     5.7452148422
H       20.2385504812     0.9055260159     6.9371952075
H       21.4264264549     3.8530953126     6.7662514016
H       21.1287580597     3.0097395848     8.2919976333
H       20.3762713322     4.5831073604     7.9907690277
Si       16.4332717422     3.4274697859     4.4030878065
O       16.3485721534     5.0057321811     4.7940105069
O       17.9150936970     3.0656888117     3.8229827121
O       15.3860881469     3.0213743311     3.2234863277
O       16.1124722895     2.5829761662     5.7511066169
Si       16.4158432001     6.5448835960     4.2028961619
Si       14.0008986633     2.5332286704     2.5021043155
Si       18.9462810626     2.5469737794     2.6583284739
Si       15.7426009000     1.1619754436     6.4790688331
H       17.8155111767     6.9261870336     3.9174068548
H       15.5065560707     6.9152636526     3.3117967317
H       16.2165498449     7.4487001595     5.6378625733
H       12.8341443939     3.3481254623     3.0955187173
H       13.9599166281     2.8935702505     1.0383624072
H       18.4433286359     3.3132990739     1.3779939724
H       13.7070607478     1.1349085366     2.7001823372
H       18.5284259201     1.1027009265     2.3168085288
H       16.4325639657     0.9116672473     7.7968428423
H       14.2621380420     1.0056027040     6.7039645947
H       20.3280921535     2.6713640423     2.7840044999
H       16.1806205337     0.0796162533     5.5399343561
32
# Point -5 Energy = 0.0
C       20.6600472906     3.6404693775     7.5252834892
H       18.9826047356     3.6129438740     6.1733455426
C       19.4547845824     2.9409825869     6.9003594665
H       18.7022362019     2.7493246844     7.6759972226
H       20.5873772731     1.7832193212     5.4459705456
C       19.8237306496     1.6237476754     6.2182597242
H       18.9550703484     1.1495559512     5.7445974413
H       20.2392254223     0.9091409988     6.9370351906
H       21.4211438337     3.8591015080     6.7669263662
H       21.1253677701     3.0150637790     8.2926671373
H       20.3698681063     4.5870035422     7.9917753867
Si       16.4311914852     3.4232828862     4.4025742933
O       16.3396775224     5.0033502235     4.7862831775
O       17.9175351263     3.0675476197     3.8276108774
O       15.3828560228     3.0158743341     3.2223435712
O       16.1097845457     2.5795625827     5.7530006414
Si       16.4355637936     6.5550220454     4.2354488753
Si       13.9923627523     2.5353746262     2.5022736692
Si       18.9280864773     2.5470402001     2.6433952639
Si       15.7429120239     1.1543096920     6.4778404807
H       17.8387927023     6.9063319442     3.9158373665
H       15.5197176983     6.9307992522     3.3095132353
H       16.2330850433     7.4578517957     5.6323536692
H       12.8301349651     3.3374839697     3.0965682208
H       13.9568089408     2.8856279691     1.0380296921
H       18.4422612551     3.3175891999     1.3765957411
H       13.7069858603     1.1262589095     2.7005660289
H       18.5312404616     1.1018610604     2.3168481699
H       16.4329527014     0.9076172560     7.7963031064
H       14.2625523766     0.9978431507     6.7029152099
H       20.3289454995     2.6763083018     2.7795965054
H       16.1830771318     0.0758116820     5.5390500517
32
# Point -4 Energy = 0.0
C       20.6560554468     3.6444864261     7.5258474293
H       18.9797328492     3.6139272588     6.1729311827
C       19.4520777786     2.9429792624     6.9007447893
H       18.6993141307     2.7503960066     7.6759935401
H       20.5863064692     1.7879010624     5.4460456835
C       19.8234086883     1.6265669178     6.2184980300
H       18.9555155402     1.1516475940     5.7442010905
H       20.2397288324     0.9123314067     6.9371890087
H       21.4166840121     3.8642409914     6.7673749301
H       21.1224619007     3.0199258391     8.2932663176
H       20.3644917484     4.5906275709     7.9923735558
Si       16.4298912130     3.4194521757     4.4017424054
O       16.3320927582     5.0013723915     4.7779041545
O       17.9206128760     3.0691682245     3.8320546876
O       15.3803117487     3.0108540968     3.2209225181
O       16.1075305392     2.5768824122     5.7547260064
Si       16.4533585924     6.5645192625     4.2684585171
Si       13.9844661246     2.5384462432     2.5020848696
Si       18.9100189613     2.5462872049     2.6287832508
Si       15.7432029264     1.1476509760     6.4767089988
H       17.8577149889     6.8896343998     3.9143730444
H       15.5306368044     6.9433166582     3.3074786543
H       16.2468691616     7.4650494108     5.6277269285
H       12.8270463324     3.3283329826     3.0969090474
H       13.9545938407     2.8784203508     1.0373762513
H       18.4417226117     3.3205068473     1.3752574320
H       13.7071855240     1.1187033639     2.7007299338
H       18.5338353993     1.1007500599     2.3170184401
H       16.4331964253     0.9046218376     7.7959240024
H       14.2628917945     0.9916112860     6.7019643484
H       20.3298492486     2.6800059834     2.7760616794
H       16.1851753321     0.0726854964     5.5384946321
32
# Point -3 Energy = 0.0
C       20.6528104876     3.6479913601     7.5262342290
H       18.9776466768     3.6147229532     6.1722926331
C       19.4499049926     2.9447588759     6.9010397650
H       18.6968374853     2.7516403214     7.6759093734
H       20.5854236391     1.7917271689     5.4462735547
C       19.8231993648     1.6289262280     6.2188930099
H       18.9559294716     1.1534875218     5.7440188824
H       20.2400819832     0.9150509369     6.9376400290
H       21.4130680599     3.8684765311     6.7676315199
H       21.1200670024     3.0242575207     8.2938147062
H       20.3601656821     4.5939190969     7.9926164071
Si       16.4293750114     3.4159794324     4.4006409430
O       16.3258254555     4.9997952089     4.7689517297
O       17.9243341079     3.0705624244     3.8363481452
O       15.3784543619     3.0063385158     3.2192683004
O       16.1057204677     2.5749135785     5.7563156337
Si       16.4691447534     6.5734004077     4.3017622937
Si       13.9772159907     2.5424853122     2.5015719277
Si       18.8920873700     2.5447605589     2.6145193321
Si       15.7434834118     1.1419592515     6.4756838428
H       17.8723600577     6.8762885529     3.9128820732
H       15.5392353882     6.9527675507     3.3055045426
H       16.2577076083     7.4704106600     5.6237608977
H       12.8248733286     3.3207000208     3.0965988241
H       13.9532625957     2.8720082577     1.0364475785
H       18.4416927808     3.3221146094     1.3740306679
H       13.7076544021     1.1122738974     2.7006914636
H       18.5362034241     1.0994003856     2.3173275702
H       16.4333131749     0.9026164639     7.7957057253
H       14.2631673752     0.9868619471     6.7011233965
H       20.3308090893     2.6824920652     2.7734128703
H       16.1869255995     0.0702143841     5.5382534924
32
# Point -2 Energy = 0.0
C       20.6503302576     3.6509362177     7.5264786206
H       18.9763563731     3.6153049254     6.1714718094
C       19.4482816634     2.9462822094     6.9012703194
H       18.6948246065     2.7530008814     7.6757698163
H       20.5847435474     1.7946895234     5.4466512852
C       19.8231192732     1.6307992897     6.2194421807
H       18.9563276098     1.1550561003     5.7440422429
H       20.2403062721     0.9172590608     6.9383694760
H       21.4103111634     3.8717777965     6.7677320698
H       21.1182061497     3.0279955356     8.2943321779
H       20.3569070395     4.5968209461     7.9925591138
Si       16.4296425329     3.4128668574     4.3993197766
O       16.3208758004     4.9986148559     4.7595074496
O       17.9287015109     3.0717457683     3.8405261024
O       15.3772790343     3.0023524719     3.2174267919
O       16.1043624593     2.5736324425     5.7578025185
Si       16.4828479743     6.5816932210     4.3351963503
Si       13.9706169363     2.5475314610     2.5007699287
Si       18.8742959637     2.5425158529     2.6006305428
Si       15.7437643346     1.1371921459     6.4747724543
H       17.8828039771     6.8664248627     3.9112391601
H       15.5454705395     6.9591027876     3.3033967809
H       16.2654469225     7.4740428936     5.6202341053
H       12.8236076312     3.3146070355     3.0956963926
H       13.9528027365     2.8664517884     1.0352899348
H       18.4421432917     3.3224848192     1.3729693109
H       13.7083875887     1.1069998243     2.7004666787
H       18.5383357342     1.0978529558     2.3177835885
H       16.4333229110     0.9015340979     7.7956462259
H       14.2633921022     0.9835446418     6.7004017660
H       20.3318258087     2.6838136804     2.7716613935
H       16.1883408547     0.0683750496     5.5383089957
32
# Point -1 Energy = 0.0
C       20.6486277388     3.6532780444     7.5266162862
H       18.9758673041     3.6156505796     6.1705115871
C       19.4472198074     2.9475137859     6.9014625844
H       18.6932913370     2.7544225931     7.6755999526
H       20.5842786202     1.7967878388     5.4471750675
C       19.8231835650     1.6321654665     6.2201418495
H       18.9567249327     1.1563385169     5.7442609511
H       20.2404231096     0.9189212377     6.9393565067
H       21.4084226619     3.8741215701     6.7677137359
H       21.1168988465     3.0310819150     8.2948388223
H       20.3547266620     4.5992795487     7.9922588321
Si       16.4306891668     3.4101173675     4.3978295596
O       16.3172367658     4.9978275622     4.7496556622
O       17.9337134603     3.0727376833     3.8446240014
O       15.3767772913     2.9989210375     3.2154443382
O       16.1034626157     2.5730141907     5.7592196042
Si       16.4944034122     6.5894277815     4.3685965745
Si       13.9646710639     2.5536222936     2.4997148906
Si       18.8566446538     2.5396182357     2.5871438163
Si       15.7440575572     1.1333054255     6.4739803106
H       17.8891128953     6.8601073888     3.9093248597
H       15.5493353945     6.9622701726     3.3009572912
H       16.2699749264     7.4760418607     5.6169273988
H       12.8232380027     3.3100708096     3.0942615566
H       13.9531983792     2.8618103495     1.0339500756
H       18.4430374499     3.3216995154     1.3721289518
H       13.7093807644     1.1029080232     2.7000702551
H       18.5402220306     1.0961571080     2.3183942683
H       16.4332473628     0.9013057371     7.7957413494
H       14.2635807799     0.9816041128     6.6998069925
H       20.3328956319     2.6840297323     2.7708167994
H       16.1894364100     0.0671445161     5.5386406286
32
# Point 0 Energy = 0
C       20.6477110000     3.6549790000     7.5266840000
H       18.9761800000     3.6157410000     6.1694560000
C       19.4467280000     2.9484220000     6.9016430000
H       18.6922510000     2.7558520000     7.6754250000
H       20.5840390000     1.7980300000     5.4478400000
C       19.8234060000     1.6330100000     6.2209870000
H       18.9571360000     1.1573250000     5.7446630000
H       20.2404540000     0.9200090000     6.9405780000
H       21.4074060000     3.8754920000     6.7676150000
H       21.1161610000     3.0334640000     8.2953550000
H       20.3536290000     4.6012450000     7.9917750000
Si       16.4325060000     3.4077350000     4.3962220000
O       16.3148940000     4.9974300000     4.7394840000
O       17.9393640000     3.0735620000     3.8486780000
O       15.3769370000     2.9960700000     3.2133680000
O       16.1030250000     2.5730330000     5.7606000000
Si       16.5037570000     6.5966350000     4.4017980000
Si       13.9593780000     2.5607940000     2.4984440000
Si       18.8391290000     2.5361430000     2.5740860000
Si       15.7443760000     1.1302530000     6.4733110000
H       17.8913405600     6.8573308000     3.9070238400
H       15.5508605600     6.9622108000     3.2979838400
H       16.2712205600     7.4764908000     5.6136238400
H       12.8237502400     3.3071035200     3.0923555200
H       13.9544302400     2.8581435200     1.0324755200
H       18.4443303200     3.3198514400     1.3715668800
H       13.7106302400     1.1000235200     2.6995155200
H       18.5418503200     1.0943714400     2.3191668800
H       16.4331100800     0.9018602400     7.7959848800
H       14.2637500800     0.9809802400     6.6993448800
H       20.3340103200     2.6832114400     2.7708868800
H       16.1902300800     0.0665002400     5.5392248800
32
# Point 1 Energy = 0.0
C       20.6475836146     3.6560051661     7.5267192708
H       18.9772905134     3.6155605364     6.1683499955
C       19.4468115530     2.9489783643     6.9018379817
H       18.6917145117     2.7572366427     7.6752700891
H       20.5840323346     1.7984310822     5.4486394421
C       19.8237987122     1.6333231681     6.2219707339
H       18.9575745273     1.1580103061     5.7452340785
H       20.2404201223     0.9204988305     6.9420078923
H       21.4072592102     3.8758792819     6.7674752120
H       21.1160051702     3.0350929615     8.2959008941
H       20.3536128161     4.6026699551     7.9911691482
Si       16.4350800631     3.4057255950     4.3945497812
O       16.3138264284     4.9974201241     4.7290835533
O       17.9456429448     3.0742472142     3.8527247474
O       15.3777424342     2.9938269678     3.2112455210
O       16.1030516079     2.5736624454     5.7619769640
Si       16.5108651077     6.6033507353     4.4346450881
Si       13.9547343809     2.5690826213     2.4969960711
Si       18.8217404537     2.5321752765     2.5614833252
Si       15.7447332691     1.1279873621     6.4727660140
H       17.8895221511     6.8580176253     3.9042132717
H       15.5501093721     6.9588373792     3.2942792817
H       16.2691514384     7.4754829534     5.6101062702
H       12.8251267426     3.3057140868     3.0900409618
H       13.9564760611     2.8555123381     1.0309146186
H       18.4459765945     3.3170428902     1.3713379153
H       13.7121333349     1.0983708589     2.6988146572
H       18.5432131803     1.0925626595     2.3201069192
H       16.4329359218     0.9031243620     7.7963683763
H       14.2639180123     0.9816089295     6.6990195104
H       20.3351566305     2.6814428378     2.7718828672
H       16.1907413850     0.0664204428     5.5400349068
32
# Point 2 Energy = 0.0
C       20.6482447175     3.6563274389     7.5267603399
H       18.9791906241     3.6150971448     6.1672393219
C       19.4474726369     2.9491581331     6.9020740883
H       18.6916903843     2.7585259512     7.6751604430
H       20.5842641764     1.7980134197     5.4495656635
C       19.8243724609     1.6331006105     6.2230849480
H       18.9580537095     1.1583938338     5.7459583406
H       20.2403424908     0.9203727313     6.9436181633
H       21.4079750950     3.8752802952     6.7673345580
H       21.1164405374     3.0359249482     8.2964967812
H       20.3546711585     4.6035107163     7.9905045268
Si       16.4383947072     3.4040964284     4.3928663417
O       16.3140066737     4.9977969013     4.7185479977
O       17.9525363999     3.0748259178     3.8568013223
O       15.3791748170     2.9922205912     3.2091251474
O       16.1035425872     2.5748756997     5.7633839322
Si       16.5156958062     6.6096089828     4.4669808922
Si       13.9507347521     2.5785233844     2.4954110821
Si       18.8044668131     2.5278090247     2.5493617439
Si       15.7451437264     1.1264599207     6.4723453742
H       17.8836761078     6.8620278492     3.9007704110
H       15.5471811673     6.9520542014     3.2896485166
H       16.2637712688     7.4730969235     5.6061600376
H       12.8273475150     3.3059081418     3.0873818608
H       13.9593108662     2.8539784021     1.0293163499
H       18.4479247137     3.3133858864     1.3714977909
H       13.7138879540     1.0979735184     2.6979788290
H       18.5443023003     1.0908060591     2.3212188820
H       16.4327510388     0.9050235434     7.7968818752
H       14.2641040024     0.9834224703     6.6988337643
H       20.3363175418     2.6788188307     2.7738145343
H       16.1909918496     0.0668840994     5.5410415002
32
# Point 3 Energy = 0.0
C       20.6496869080     3.6559265355     7.5268430737
H       18.9818664275     3.6143441944     6.1661667286
C       19.4487086838     2.9489436537     6.9023758637
H       18.6921827425     2.7596759780     7.6751193496
H       20.5847374699     1.7968071675     5.4506105479
C       19.8251357657     1.6323452990     6.2243210733
H       18.9585856855     1.1584803591     5.7468197803
H       20.2402409374     0.9196217472     6.9453812693
H       21.4095394902     3.8737022490     6.7672307761
H       21.1174705864     3.0359277807     8.2971614584
H       20.3567887386     4.6037331912     7.9898409071
Si       16.4424291426     3.4028537002     4.3912213417
O       16.3153998321     4.9985586617     4.7079657823
O       17.9600266243     3.0753315109     3.8609420547
O       15.3812125457     2.9912752201     3.2070515007
O       16.1044952591     2.5766455365     5.7648517242
Si       16.5182293987     6.6154451532     4.4986483716
Si       13.9473717688     2.5891429961     2.4937268103
Si       18.7872932797     2.5231407405     2.5377450765
Si       15.7456216485     1.1256224056     6.4720476301
H       17.8738176540     6.8691624549     3.8965889049
H       15.5422161782     6.9417993861     3.2839117469
H       16.2551306908     7.4693724464     5.6015988158
H       12.8303907546     3.3076820726     3.0844381276
H       13.9629075904     2.8535937112     1.0277259852
H       18.4501104881     3.3089955311     1.3721026088
H       13.7158927682     1.0988468900     2.6970175093
H       18.5451031783     1.0891797108     2.3225086249
H       16.4325813253     0.9074861571     7.7975147828
H       14.2643278312     0.9863509445     6.6987891002
H       20.3374743601     2.6754381596     2.7766825066
H       16.1910048459     0.0678704555     5.5422155269
32
# Point 4 Energy = 0.0
C       20.6518979668     3.6547889420     7.5270030382
H       18.9852995401     3.6132990339     6.1651746532
C       19.4505136447     2.9483216349     6.9027672729
H       18.6931927475     2.7606456501     7.6751695764
H       20.5854530606     1.7948495012     5.4517647483
C       19.8260955700     1.6310657211     6.2256692839
H       18.9591818877     1.1582792022     5.7478010144
H       20.2401348030     0.9182428542     6.9472680659
H       21.4119328353     3.8711596214     6.7672012856
H       21.1190949016     3.0350755102     8.2979131481
H       20.3599440697     4.6033082214     7.9892382639
Si       16.4471589044     3.4020046467     4.3896640512
O       16.3179646034     4.9997046378     4.6974259657
O       17.9680923005     3.0758007961     3.8651807768
O       15.3838311286     2.9910152170     3.2050687104
O       16.1059047498     2.5789444375     5.7664106860
Si       16.5184568982     6.6208927101     4.5294923129
Si       13.9446358626     2.6009658299     2.4919815099
Si       18.7702020902     2.5182735713     2.5266561927
Si       15.7461816041     1.1254258260     6.4718699510
H       17.8599538584     6.8791606662     3.8915616745
H       15.5353883711     6.9280074404     3.2768979936
H       16.2433147113     7.4643377170     5.5962463193
H       12.8342321800     3.3110281024     3.0812698489
H       13.9672368626     2.8544087780     1.0261884672
H       18.4524639261     3.3039947248     1.3732077896
H       13.7181471065     1.1010039744     2.6959391642
H       18.5456000197     1.0877682184     2.3239813635
H       16.4324531991     0.9104402126     7.7982552849
H       14.2646100230     0.9903212984     6.6988859137
H       20.3386057533     2.6714080085     2.7804849074
H       16.1908054202     0.0693592938     5.5435261258
32
# Point 5 Energy = 0.0
C       20.6548608172     3.6529074380     7.5272742545
H       18.9894672252     3.6119629148     6.1643038246
C       19.4528778703     2.9472834216     6.9032708601
H       18.6947182503     2.7613977309     7.6753326253
H       20.5864096558     1.7921835367     5.4530177842
C       19.8272570057     1.6292755103     6.2271186522
H       18.9598527384     1.1578036654     5.7488837137
H       20.2400424594     0.9162389698     6.9492485362
H       21.4151303594     3.8676739983     6.7672818315
H       21.1213088860     3.0333493630     8.2987687700
H       20.3641095090     4.6022125674     7.9887548140
Si       16.4525561543     3.4015567226     4.3882418353
O       16.3216537629     5.0012345481     4.6870155487
O       17.9767088854     3.0762724556     3.8695497150
O       15.3870035569     2.9914634299     3.2032191069
O       16.1077638286     2.5817446648     5.7680898258
Si       16.5163786585     6.6259853927     4.5593625072
Si       13.9425152548     2.6140118942     2.4902130375
Si       18.7531732915     2.5133141629     2.5161163196
Si       15.7468379343     1.1258210943     6.4718082526
H       17.8420894703     6.8917081043     3.8855828267
H       15.5269017232     6.9106169831     3.2684534021
H       16.2284403349     7.4580119975     5.5899420179
H       12.8388452931     3.3159331619     3.0779356096
H       13.9722675628     2.8564697011     1.0247471188
H       18.4549106136     3.2985106998     1.3748664206
H       13.7206509739     1.1044536577     2.6947513444
H       18.5457763269     1.0866595848     2.3256419275
H       16.4323927524     0.9138147610     7.7990907713
H       14.2649711123     0.9952584036     6.6991236770
H       20.3396886483     2.6668407481     2.7852167459
H       16.1904196846     0.0713307159     5.5449416834
32
# Point 6 Energy = 0.0
C       20.6585524309     3.6502815979     7.5276901226
H       18.9943410287     3.6103415181     6.1635945586
C       19.4557873508     2.9458252218     6.9039083276
H       18.6967533069     2.7618978432     7.6756292905
H       20.5876036058     1.7888606280     5.4543573456
C       19.8286234047     1.6269945216     6.2286564796
H       18.9606078948     1.1570719272     5.7500477017
H       20.2399819446     0.9136196729     6.9512903885
H       21.4191007025     3.8632757755     6.7675074452
H       21.1241032479     3.0307378702     8.2997441938
H       20.3692496087     4.6004287961     7.9884488396
Si       16.4585880522     3.4015179320     4.3870018825
O       16.3264116131     5.0031485013     4.6768225765
O       17.9858471667     3.0767888989     3.8740805529
O       15.3906987209     2.9926418907     3.2015448231
O       16.1100621237     2.5850172436     5.7699178165
Si       16.5120088769     6.6307517498     4.5881110603
Si       13.9409947636     2.6282975652     2.4884601210
Si       18.7361832007     2.5083762040     2.5061456170
Si       15.7476050253     1.1267570598     6.4718570538
H       17.8202355131     6.9064291378     3.8785451372
H       15.5169976459     6.8895650240     3.2584366696
H       16.2106594741     7.4504066527     5.5825347205
H       12.8441995018     3.3223782075     3.0744948822
H       13.9779649541     2.8598200987     1.0234454214
H       18.4573698593     3.2926790987     1.3771304111
H       13.7234045386     1.1092009715     2.6934607978
H       18.5456140189     1.0859488340     2.3274937471
H       16.4324265085     0.9175372454     7.8000072693
H       14.2654321003     1.0010818759     6.6995009471
H       20.3406967088     2.6618581179     2.7908705491
H       16.1898757071     0.0737643181     5.5464286107
32
# Point 7 Energy = 0.0
C       20.6629446762     3.6469175806     7.5282816542
H       18.9998878667     3.6084442921     6.1630847191
C       19.4592242009     2.9439478906     6.9046993878
H       18.6992882543     2.7621156122     7.6760786228
H       20.5890291084     1.7849376245     5.4557697133
C       19.8301961510     1.6242474841     6.2302687737
H       18.9614558365     1.1561056680     5.7512718505
H       20.2399701986     0.9104003575     6.9533604560
H       21.4238071779     3.8580025896     6.7679105400
H       21.1274642666     3.0272372038     8.3008533010
H       20.3753224143     4.5979458849     7.9883757505
Si       16.4652180435     3.4018957739     4.3859889309
O       16.3321760877     5.0054465518     4.6669319940
O       17.9954745072     3.0773936181     3.8788028510
O       15.3948826639     2.9945699632     3.2000858348
O       16.1127864187     2.5887325058     5.7719217139
Si       16.5053713086     6.6352188724     4.6155967899
Si       13.9400563747     2.6438334284     2.4867609698
Si       18.7192060851     2.5035749827     2.4967622986
Si       15.7484965601     1.1281820716     6.4720097851
H       17.7944146390     6.9229045064     3.8703437065
H       15.5059454589     6.8647966347     3.2467299158
H       16.1901507164     7.4415298675     5.5738894750
H       12.8502613221     3.3303378227     3.0710053849
H       13.9842921656     2.8644974675     1.0223250520
H       18.4597575492     3.2866380372     1.3800482524
H       13.7264081805     1.1152454926     2.6920736853
H       18.5450944873     1.0857326953     2.3295394571
H       16.4325800985     0.9215361209     7.8009902089
H       14.2660133406     1.0077088312     6.7000156267
H       20.3416021767     2.6565852859     2.7974356288
H       16.1892022644     0.0766392821     5.5479530297
32
# Point 8 Energy = 0.0
C       20.6680042650     3.6428279310     7.5290775286
H       19.0060698455     3.6062843101     6.1628099342
C       19.4631665985     2.9416566930     6.9056618050
H       18.7023096696     2.7620241919     7.6766979816
H       20.5906782613     1.7804769972     5.4572395178
C       19.8319747449     1.6210638924     6.2319400324
H       18.9624039234     1.1549299358     5.7525338547
H       20.2400232495     0.9066020146     6.9554243083
H       21.4292076991     3.8518993517     6.7685209590
H       21.1313738567     3.0228508674     8.3021078755
H       20.3822793205     4.5947589310     7.9885883254
Si       16.4724055106     3.4026971363     4.3852456986
O       16.3388782821     5.0081285134     4.6574263340
O       18.0055545688     3.0781313680     3.8837442817
O       15.3995181792     2.9972643316     3.1988804224
O       16.1159204255     2.5928596956     5.7741272252
Si       16.4964999158     6.6394101870     4.6416847445
Si       13.9396787864     2.6606243742     2.4851536791
Si       18.7022138888     2.4990275775     2.4879828180
Si       15.7495254556     1.1300433497     6.4722588443
H       17.7646683708     6.9406753334     3.8608760045
H       15.4940422687     6.8362634956     3.2332387495
H       16.1671160011     7.4313899134     5.5638843269
H       12.8569937725     3.3397801109     3.0675238118
H       13.9912096246     2.8705335556     1.0214264672
H       18.4619862678     3.2805284662     1.3836651425
H       13.7296621165     1.1225813419     2.6905957931
H       18.5441984313     1.0861099298     2.3317804761
H       16.4328783093     0.9257400614     7.8020243361
H       14.2667344454     1.0150530444     6.7006650850
H       20.3423756675     2.6511511529     2.8048984024
H       16.1884288775     0.0799339451     5.5494805945
32
# Point 9 Energy = 0.0
C       20.6736929481     3.6380313583     7.5301037175
H       19.0128444033     3.6038779900     6.1628032788
C       19.4675888778     2.9389610592     6.9068111505
H       18.7058003855     2.7616001651     7.6775028135
H       20.5925411563     1.7755462776     5.4587496644
C       19.8339568280     1.6174775995     6.2336531910
H       18.9634583452     1.1535727181     5.7538102659
H       20.2401561888     0.9022508634     6.9574462788
H       21.4352550537     3.8450178791     6.7693655710
H       21.1358097199     3.0175895222     8.3035172935
H       20.3900653133     4.5908690474     7.9891361990
Si       16.4801058125     3.4039279593     4.3848126715
O       16.3464426071     5.0111936955     4.6483852609
O       18.0160473934     3.0790476715     3.8889304401
O       15.4045647850     3.0007385528     3.1979650563
O       16.1194446898     2.5973667969     5.7765585921
Si       16.4854384264     6.6433448085     4.6662469647
Si       13.9398371721     2.6786691705     2.4836761942
Si       18.6851763958     2.4948517024     2.4798218301
Si       15.7507036424     1.1322868830     6.4725956836
H       17.7310637574     6.9592508079     3.8500431521
H       15.4816105345     6.8039248698     3.2178948323
H       16.1417761310     7.4199986023     5.5524091372
H       12.8643561779     3.3506665213     3.0641057451
H       13.9986749378     2.8779537925     1.0207888817
H       18.4639661060     3.2744929512     1.3880226013
H       13.7331660969     1.1311968169     2.6890327290
H       18.5429059919     1.0871802872     2.3342168425
H       16.4333448256     0.9300779833     7.8030937909
H       14.2676139561     1.0230249758     6.7014462707
H       20.3429864050     2.6456871639     2.8132425300
H       16.1875855353     0.0836255076     5.5509767293
32
# Point 10 Energy = 0.0
C       20.6799677849     3.6325524666     7.5313831336
H       19.0201645188     3.6012447991     6.1630949735
C       19.4724616757     2.9358743209     6.9081605728
H       18.7097395607     2.7608234417     7.6785064345
H       20.5946059927     1.7702174585     5.4602812886
C       19.8361382290     1.6135263892     6.2353895882
H       18.9646240784     1.1520645144     5.7550765395
H       20.2403831528     0.8973779572     6.9593895118
H       21.4418972510     3.8374164600     6.7704679034
H       21.1407455595     3.0114707589     8.3050882355
H       20.3986193105     4.5862832122     7.9900653685
Si       16.4882703788     3.4055929361     4.3847278922
O       16.3547870373     5.0146406672     4.6398851175
O       18.0269095305     3.0801883343     3.8943846716
O       15.4099787389     3.0050026712     3.1973742818
O       16.1233365376     2.6022204165     5.7792384609
Si       16.4722398965     6.6470370018     4.6891631745
Si       13.9405029761     2.6979601396     2.4823662497
Si       18.6680614070     2.4911645451     2.4722921893
Si       15.7520418543     1.1348573957     6.4730108767
H       17.6936992539     6.9781160712     3.8377513059
H       15.4689953554     6.7677483140     3.2006583366
H       16.1143663261     7.4073742448     5.5393642236
H       12.8723040184     3.3629517905     3.0608055359
H       14.0066428000     2.8867768169     1.0204502352
H       18.4656055295     3.2686743827     1.3931581538
H       13.7369190939     1.1410741322     2.6873900958
H       18.5411968894     1.0890434492     2.3368470892
H       16.4340019813     0.9344791260     7.8041821624
H       14.2686690246     1.0315318972     6.7023557875
H       20.3434024568     2.6403260831     2.8224491164
H       16.1867023998     0.0876898059     5.5524068535
32
# Point 11 Energy = 0.0
C       20.6867816025     3.6264212887     7.5329353610
H       19.0279791044     3.5984068780     6.1637121525
C       19.4777522243     2.9324133356     6.9097206291
H       18.7141028876     2.7596770850     7.6797198574
H       20.5968592559     1.7645662358     5.4618137781
C       19.8385130658     1.6092514288     6.2371289844
H       18.9659048713     1.1504378489     5.7563071192
H       20.2407173179     0.8920186408     6.9612160520
H       21.4490780698     3.8291591816     6.7718478725
H       21.1461514470     3.0045186394     8.3068244749
H       20.4078747551     4.5810139283     7.9914177900
Si       16.4968469732     3.4076953078     4.3850267970
O       16.3638236349     5.0184671047     4.6319985376
O       18.0380943100     3.0815989693     3.9001279572
O       15.4157131912     3.0100630091     3.1971406371
O       16.1275701453     2.6073857756     5.7821877764
Si       16.4569659374     6.6504958796     4.7103211139
Si       13.9416438302     2.7184831162     2.4812613103
Si       18.6508350067     2.4880815881     2.4654050187
Si       15.7535494499     1.1376984448     6.4734941863
H       17.6527090636     6.9967405164     3.8239128244
H       15.4565609247     6.7277098280     3.1815200386
H       16.0851314001     7.3935441008     5.5246586491
H       12.8807889437     3.3765842141     3.0576761908
H       14.0150650305     2.8970142937     1.0204471793
H       18.4668123897     3.2632146319     1.3991051335
H       13.7409190117     1.1521894523     2.6856736530
H       18.5390505718     1.0917979603     2.3396681928
H       16.4348705376     0.9388732105     7.8052725384
H       14.2699151233     1.0404782423     6.7033899469
H       20.3435910492     2.6352006573     2.8324970101
H       16.1858094736     0.0921012062     5.5537365975
32
# Point 12 Energy = 0.0
C       20.6940822365     3.6196745893     7.5347758163
H       19.0362322411     3.5953895440     6.1646780131
C       19.4834237095     2.9285993185     6.9114986413
H       18.7188619246     2.7581482170     7.6811511476
H       20.5992854153     1.7586726111     5.4633245887
C       19.8410734177     1.6046979511     6.2388493739
H       18.9673029917     1.1487276024     5.7574753754
H       20.2411707087     0.8862135428     6.9628868790
H       21.4567363183     3.8203171600     6.7735209335
H       21.1519931800     2.9967653403     8.3087262280
H       20.4177586308     4.5750806218     7.9932302081
Si       16.5057789360     3.4102362463     4.3857413872
O       16.3734574563     5.0226692226     4.6247930808
O       18.0495512221     3.0833245743     3.9061782548
O       15.4217175074     3.0159209252     3.1972939504
O       16.1321158670     2.6128264461     5.7854251480
Si       16.4396899043     6.6537241091     4.7296190590
Si       13.9432228320     2.7402157172     2.4803979056
Si       18.6334611458     2.4857155489     2.4591693812
Si       15.7552340120     1.1407522794     6.4740343687
H       17.6082707246     7.0145805780     3.8084499632
H       15.4446919873     6.6837987063     3.1605065191
H       16.0543285451     7.3785429393     5.5082130762
H       12.8897578584     3.3915039069     3.0547684761
H       14.0238898940     2.9086687514     1.0208144188
H       18.4674939950     3.2582528777     1.4058919576
H       13.7451622950     1.1645111939     2.6838891583
H       18.5364461936     1.0955401301     2.3426754459
H       16.4359692855     0.9431908779     7.8063473532
H       14.2713655945     1.0497652121     6.7045445286
H       20.3435181100     2.6304430011     2.8433627412
H       16.1849364599     0.0968322576     5.5549319812
32
# Point 13 Energy = 0.0
C       20.7018154804     3.6123521664     7.5369165178
H       19.0448659932     3.5922193468     6.1660126102
C       19.4894374642     2.9244553564     6.9134993897
H       18.7239860767     2.7562261646     7.6828060545
H       20.6018680249     1.7526174556     5.4647898671
C       19.8438102413     1.5999124632     6.2405275538
H       18.9688196291     1.1469690959     5.7585541196
H       20.2417544489     0.8800052901     6.9643623744
H       21.4648090237     3.8109641991     6.7754989161
H       21.1582346579     2.9882469096     8.3107908303
H       20.4281953288     4.5685061903     7.9955350153
Si       16.5150076505     3.4132155484     4.3869010328
O       16.3835905857     5.0272425151     4.6183321927
O       18.0612281112     3.0854088723     3.9125512808
O       15.4279392582     3.0225746418     3.1978621212
O       16.1369418784     2.6185052078     5.7889674891
Si       16.4204890428     6.6567200122     4.7469616272
Si       13.9451999639     2.7631306630     2.4798122813
Si       18.6159033377     2.4841746782     2.4535931202
Si       15.7571015848     1.1439609321     6.4746196379
H       17.5605984345     7.0310975225     3.7912919555
H       15.4337793295     6.6360099759     3.1376766810
H       16.0222103525     7.3624188517     5.4899513365
H       12.8991550370     3.4076471817     3.0521317057
H       14.0330638117     2.9217370947     1.0215855129
H       18.4675600269     3.2539242256     1.4135430239
H       13.7496439323     1.1780035588     2.6820429050
H       18.5333630495     1.1003626929     2.3458629009
H       16.4373150989     0.9473639792     7.8073887693
H       14.2730316758     1.0592932648     6.7058151726
H       20.3431501086     2.6261814948     2.8550215923
H       16.1841119604     0.1018544484     5.5559597723
32
# Point 14 Energy = 0.0
C       20.7099231107     3.6045000097     7.5393646524
H       19.0538185099     3.5889254987     6.1677313238
C       19.4957513968     2.9200085321     6.9157239695
H       18.7294410549     2.7539045861     7.6846868589
H       20.6045889214     1.7464844726     5.4661841231
C       19.8467125862     1.5949447140     6.2421387804
H       18.9704543847     1.1451992930     5.7595154454
H       20.2424783327     0.8734411258     6.9656023943
H       21.4732294098     3.8011799508     6.7777885815
H       21.1648362092     2.9790071331     8.3130116667
H       20.4391041067     4.5613202460     7.9983582390
Si       16.5244708216     3.4166306115     4.3885308621
O       16.3941195213     5.0321807659     4.6126726642
O       18.0730697051     3.0878938971     3.9192592396
O       15.4343227760     3.0300169431     3.1988696687
O       16.1420127967     2.6243836305     5.7928287610
Si       16.3994518903     6.6594753206     4.7622644085
Si       13.9475308335     2.7871923362     2.4795389496
Si       18.5981235737     2.4835617201     2.4486821004
Si       15.7591560495     1.1472659932     6.4752371811
H       17.5099526057     7.0457541053     3.7723818095
H       15.4242258191     6.5843548063     3.1131298795
H       15.9890361907     7.3452267882     5.4698087804
H       12.9089203859     3.4249428022     3.0498118475
H       14.0425300662     2.9362063528     1.0227914070
H       18.4669216117     3.2503575040     1.4220774448
H       13.7543570138     1.1926230950     2.6801411564
H       18.5297803329     1.1063535678     2.3492232772
H       16.4389223487     0.9513265063     7.8083783148
H       14.2749219016     1.0689611764     6.7071967797
H       20.3424528218     2.6225407882     2.8674471401
H       16.1833635113     0.1071377275     5.5567876531
32
# Point 15 Energy = 0.0
C       20.7183462511     3.5961656561     7.5421242581
H       19.0630271698     3.5855376370     6.1698466461
C       19.5023225648     2.9152868147     6.9181711338
H       18.7351913260     2.7511786477     7.6867936117
H       20.6074295329     1.7403568343     5.4674808795
C       19.8497688055     1.5898446215     6.2436573351
H       18.9722059440     1.1434548474     5.7603310686
H       20.2433514146     0.8665690177     6.9665663703
H       21.4819304140     3.7910449714     6.7803934252
H       21.1717574354     2.9690919913     8.3153794383
H       20.4504034329     4.5535544808     8.0017217844
Si       16.5341051666     3.4204776952     4.3906536090
O       16.4049394917     5.0374772065     4.6078674114
O       18.0850199662     3.0908201081     3.9263124024
O       15.4408112863     3.0382381611     3.2003394237
O       16.1472916864     2.6304228878     5.7970212873
Si       16.3766692927     6.6619781148     4.7754463862
Si       13.9501682831     2.8123616556     2.4796121566
Si       18.5800839746     2.4839738134     2.4444415110
Si       15.7613997578     1.1506093650     6.4758736262
H       17.4566286944     7.0580289428     3.7516699891
H       15.4164311096     6.5288482091     3.0869984335
H       15.9550547870     7.3270343299     5.4477196397
H       12.9189917709     3.4433175864     3.0478535263
H       14.0522305077     2.9520593863     1.0244621550
H       18.4654939524     3.2476758025     1.4315108813
H       13.7592928637     1.2083236738     2.6781907905
H       18.5256774381     1.1135960930     2.3527483505
H       16.4408034735     0.9550139194     7.8092971290
H       14.2770426000     1.0786681083     6.7086839396
H       20.3413931178     2.6196400443     2.8806127055
H       16.1827170881     0.1126513771     5.5573840549
