32
# Point -15 Energy = 0.0
C       20.4270612473     3.1718529427     7.2187256356
H       18.5649720049     3.7483251192     6.1110440824
C       19.0111899697     3.0815905225     6.8433556847
H       18.2547600359     2.8377976077     7.5910501755
H       20.9127640091     2.9020221092     6.4159445584
C       20.1123120708     2.1573798109     6.5170969393
H       20.2534611189     1.3418199056     5.7994886599
H       20.3306943293     1.7770642222     7.5243892702
H       20.8758402985     2.7999390909     6.2852946892
H       20.4953140384     2.2753053759     7.8456384164
H       21.0735515817     3.9447177369     7.6274182492
Si       16.4451826764     3.3984962168     4.4077088785
O       16.3178991276     4.9936987860     4.7136828962
O       17.9330763523     3.0657425980     3.8109464818
O       15.3700134317     3.0170083376     3.2330998345
O       16.1131462092     2.5530787899     5.7627583720
Si       16.5174495380     6.5949910269     4.3958195225
Si       13.9501411561     2.5863831272     2.5322866850
Si       18.8062517315     2.5228266430     2.5208653109
Si       15.7709451750     1.1089673926     6.4833987561
H       17.8996868890     6.8475169177     3.8832101391
H       15.5491598090     6.9606046332     3.3159434208
H       16.3118859603     7.4676273599     5.6195764119
H       12.8102189482     3.3288392817     3.1333698004
H       13.9118858092     2.8815051929     1.0576356279
H       18.3932162439     3.3092917705     1.3315362431
H       13.6781308325     1.1181195484     2.7201540450
H       18.4961436417     1.0814837528     2.2730629743
H       16.4840296988     0.8937235537     7.7890823088
H       14.2963084735     0.9844946443     6.7307790531
H       20.3040344762     2.6603744111     2.6960538039
H       16.1972537155     0.0607135722     5.5367484332
32
# Point -14 Energy = 0.0
C       20.4440302771     3.2062705552     7.2428411082
H       18.5846885886     3.7416160477     6.1200080806
C       19.0310157716     3.0750889007     6.8534788327
H       18.2785360873     2.8335811263     7.6065214530
H       20.9217183209     2.8272332747     6.3476041161
C       20.0977895969     2.1169969801     6.4960174985
H       20.1649420923     1.2982978080     5.7711161627
H       20.3447895674     1.7218034497     7.4906651228
H       20.9259829806     2.8642642596     6.3148520694
H       20.5465323704     2.3182406842     7.8769115650
H       21.0393264651     4.0146893986     7.6616950115
Si       16.4403206071     3.4001757645     4.4065954183
O       16.3130064394     4.9951251534     4.7143396134
O       17.9305016383     3.0673537350     3.8155264626
O       15.3680020638     3.0159671317     3.2302229215
O       16.1064312429     2.5557781354     5.7619649700
Si       16.5123239234     6.5961860175     4.3949414628
Si       13.9492322054     2.5844611623     2.5268950700
Si       18.8075430378     2.5245075437     2.5280027294
Si       15.7622008103     1.1118843104     6.4819041003
H       17.8957250516     6.8490872866     3.8855997296
H       15.5467353728     6.9614365664     3.3118304699
H       16.3030419838     7.4697182466     5.6173030456
H       12.8087086198     3.3272286340     3.1257486764
H       13.9149823718     2.8790687616     1.0526240930
H       18.3974627158     3.3103504474     1.3368915563
H       13.6788152575     1.1167138062     2.7159450122
H       18.4988689698     1.0830125245     2.2796961917
H       16.4716682825     0.8961742632     7.7898959107
H       14.2867797408     0.9856171899     6.7256059611
H       20.3048477947     2.6629504552     2.7069253389
H       16.1914303525     0.0624223795     5.5369956059
32
# Point -13 Energy = 0.0
C       20.4609828761     3.2404208139     7.2663925490
H       18.6056046131     3.7350377236     6.1285356427
C       19.0521548061     3.0685263120     6.8629211927
H       18.3031960661     2.8294750547     7.6208770895
H       20.9260769265     2.7512054328     6.2789201014
C       20.0821402480     2.0770324602     6.4750215683
H       20.0743872874     1.2588200779     5.7463479283
H       20.3560475669     1.6653842448     7.4556201788
H       20.9745220116     2.9300970138     6.3445565042
H       20.5969897570     2.3623369153     7.9077141248
H       21.0028902529     4.0813484380     7.6948695211
Si       16.4360880453     3.4017778370     4.4055720909
O       16.3087399981     4.9964606343     4.7151439050
O       17.9284284808     3.0689509854     3.8198986047
O       15.3664509187     3.0148532988     3.2276040631
O       16.1006501649     2.5583727923     5.7613167518
Si       16.5076800313     6.5973044593     4.3942005435
Si       13.9486920752     2.5824450811     2.5219698927
Si       18.8090890490     2.5262308425     2.5347560669
Si       15.7545888790     1.1146769492     6.4806043928
H       17.8921207251     6.8506679954     3.8878542647
H       15.5445636946     6.9621599581     3.3080631385
H       16.2948831408     7.4716945395     5.6152159661
H       12.8076411978     3.3254677910     3.1187965267
H       13.9182072695     2.8765886291     1.0481049536
H       18.4017027817     3.3114592782     1.3419672839
H       13.6799394204     1.1152032677     2.7122003193
H       18.5018508211     1.0845779657     2.2859856410
H       16.4607031143     0.8985144343     7.7907504601
H       14.2784476038     0.9865596496     6.7209205360
H       20.3059377950     2.6656186709     2.7171125082
H       16.1865829818     0.0640324534     5.5373510497
32
# Point -12 Energy = 0.0
C       20.4779054972     3.2742933852     7.2893782695
H       18.6276874665     3.7284753303     6.1365617577
C       19.0746118554     3.0618361613     6.8716395744
H       18.3287227122     2.8254101580     7.6340642103
H       20.9257412024     2.6742464982     6.2100735537
C       20.0654163031     2.0375832335     6.4541401684
H       19.9822613336     1.2236098575     5.7252597330
H       20.3643839259     1.6079930606     7.4193687107
H       21.0213913051     2.9973159574     6.3744430563
H       20.6466250965     2.4075788333     7.9380967608
H       20.9643592617     4.1445995514     7.7268756594
Si       16.4324755044     3.4032807216     4.4046283191
O       16.3051107251     4.9976822520     4.7160989642
O       17.9268446713     3.0705006294     3.8240424708
O       15.3653408344     3.0136688289     3.2252317364
O       16.0957890527     2.5608338888     5.7607986481
Si       16.5035448103     6.5983238535     4.3936128208
Si       13.9484927578     2.5803603850     2.5175005965
Si       18.8108679709     2.5279638989     2.5410947711
Si       15.7480812156     1.1173145016     6.4794754550
H       17.8889035608     6.8522250403     3.8899860478
H       15.5426699423     6.9627728886     3.3046626787
H       16.2874499982     7.4735255025     5.6133415546
H       12.8069988056     3.3235906335     3.1125141032
H       13.9215305651     2.8741041578     1.0440685821
H       18.4059179588     3.3126005835     1.3467393607
H       13.6814591092     1.1136149284     2.7088965263
H       18.5050499626     1.0861531447     2.2918889557
H       16.4511098456     0.9006942951     7.7916193975
H       14.2712814655     0.9873062678     6.7167035245
H       20.3072869452     2.6683277917     2.7265805490
H       16.1826689389     0.0655157795     5.5377788440
32
# Point -11 Energy = 0.0
C       20.4947684291     3.3078803160     7.3117951163
H       18.6509034817     3.7218119477     6.1440194578
C       19.0983893829     3.0549487644     6.8795881790
H       18.3550958983     2.8213125291     7.6460252857
H       20.9206522491     2.5966763363     6.1412656889
C       20.0476887076     1.9987413883     6.4334120471
H       19.8890708997     1.1928470617     5.7079149099
H       20.3697353120     1.5498296645     7.3820438089
H       21.0665114417     3.0658088530     6.4045432210
H       20.6953575765     2.4539560040     7.9681082507
H       20.9238304921     4.2043524820     7.7576387720
Si       16.4294715687     3.4046631690     4.4037530290
O       16.3021289511     4.9987674845     4.7172076936
O       17.9257355344     3.0719681305     3.8279366650
O       15.3646499519     3.0124170156     3.2230941933
O       16.0918319722     2.5631331798     5.7603949747
Si       16.4999456591     6.5992221063     4.3931942715
Si       13.9486030028     2.5782350311     2.5134768340
Si       18.8128546574     2.5296725185     2.5469870965
Si       15.7426468513     1.1197670722     6.4784923625
H       17.8861035709     6.8537237299     3.8920069701
H       15.5410797205     6.9632746291     3.3016507080
H       16.2807846712     7.4751810362     5.6117062329
H       12.8067611744     3.3216343559     3.1069028162
H       13.9249187926     2.8716571533     1.0405056573
H       18.4100866110     3.3137554726     1.3511828476
H       13.6833258686     1.1119782981     2.7060102850
H       18.5084226839     1.0877097744     2.2973624921
H       16.4428615109     0.9026644356     7.7924750347
H       14.2652479573     0.9878433762     6.7129353063
H       20.3088744282     2.6710238230     2.7352930628
H       16.1796415907     0.0668448611     5.5382420898
32
# Point -10 Energy = 0.0
C       20.5115238644     3.3411759526     7.3336415116
H       18.6752189064     3.7149304421     6.1508400626
C       19.1234877425     3.0477925017     6.8867187012
H       18.3822924715     2.8171052009     7.6566979186
H       20.9107967499     2.5188233530     6.0727138262
C       20.0290480673     1.9605930942     6.4128796568
H       19.7953597347     1.1666654353     5.6943552329
H       20.3720642971     1.4911040583     7.3437934259
H       21.1097880397     3.1354728507     6.4348890873
H       20.7430824807     2.5014623723     7.9977988611
H       20.8813791058     4.2605201441     7.7870795750
Si       16.4270630296     3.4059048863     4.4029348991
O       16.2998045186     4.9996948289     4.7184725216
O       17.9250840407     3.0733185587     3.8315590861
O       15.3643537936     3.0111025900     3.2211798856
O       16.0887612264     2.5652438634     5.7600899175
Si       16.4969104520     6.5999780274     4.3929601673
Si       13.9489883707     2.5760993142     2.5098890991
Si       18.8150206685     2.5313210934     2.5524004634
Si       15.7382523558     1.1220066593     6.4776303392
H       17.8837511188     6.8551291291     3.8939277412
H       15.5398190207     6.9636658112     3.2990485484
H       16.2749308890     7.4766324817     5.6103356043
H       12.8069057086     3.3196394432     3.1019652241
H       13.9283349226     2.8692913563     1.0374077281
H       18.4141839112     3.3149036546     1.3552721100
H       13.6854871167     1.1103253169     2.7035193837
H       18.5119208907     1.0892182688     2.3023620995
H       16.4359289492     0.9043771642     7.7932894573
H       14.2603112958     0.9881603580     6.7095969085
H       20.3106762052     2.6736503084     2.7432122470
H       16.1774506553     0.0679934807     5.5387040701
32
# Point -9 Energy = 0.0
C       20.5281040861     3.3741763001     7.3549205438
H       18.7006014920     3.7077160432     6.1569535248
C       19.1499056200     3.0402953472     6.8929804374
H       18.4102862369     2.8127103173     7.6660145786
H       20.8962118835     2.4410210320     6.0046463827
C       20.0096049632     1.9232179524     6.3925848215
H       19.7017020033     1.1451511003     5.6845919832
H       20.3713630376     1.4320330959     7.3047754361
H       21.1511101132     3.2062139742     6.4655179128
H       20.7896665205     2.5500948758     8.0272239130
H       20.8370566314     4.3130158518     7.8151176124
Si       16.4252351708     3.4069870686     4.4021626710
O       16.2981469631     5.0004444197     4.7198951646
O       17.9248710686     3.0745170944     3.8348872245
O       15.3644254801     3.0097317503     3.2194780223
O       16.0865578347     2.5671415175     5.7598681506
Si       16.4944675542     6.6005718629     4.3929242713
Si       13.9496114321     2.5739855209     2.5067295712
Si       18.8173344660     2.5328727798     2.5573018741
Si       15.7348625035     1.1240082924     6.4768659025
H       17.8818768691     6.8564065758     3.8957568812
H       15.5389141141     6.9639484986     3.2968763907
H       16.2699340416     7.4778535308     5.6092533542
H       12.8074076772     3.3176494005     3.0977057123
H       13.9317384162     2.8670516005     1.0347679685
H       18.4181818695     3.3160231792     1.3589810094
H       13.6878864854     1.1086900481     2.7014041200
H       18.5154924020     1.0906478081     2.3068440651
H       16.4302815982     0.9057881514     7.7940356752
H       14.2564339810     0.9882507048     6.7066713291
H       20.3126652112     2.6761487292     2.7502991262
H       16.1760428737     0.0689375764     5.5391297295
32
# Point -8 Energy = 0.0
C       20.5444199452     3.4068776781     7.3756429510
H       18.7270227237     3.7000597572     6.1622890195
C       19.1776406429     3.0323868189     6.8983205180
H       18.4390480344     2.8080519245     7.6739024050
H       20.8769888904     2.3636046522     5.9372968862
C       19.9894893156     1.8866889052     6.3725640835
H       19.6086937679     1.1283430514     5.6785972945
H       20.3676553401     1.3728369149     7.2651516210
H       21.1903484916     3.2779455317     6.4964768512
H       20.8349429250     2.5998507950     8.0564473393
H       20.7908904012     4.3617496987     7.8416739675
Si       16.4239722059     3.4078929455     4.4014255581
O       16.2971657392     5.0009986789     4.7214763600
O       17.9250758382     3.0755296170     3.8378985814
O       15.3648361344     3.0083120463     3.2179792620
O       16.0852022193     2.5688051347     5.7597156129
Si       16.4926457726     6.6009858428     4.3930978790
Si       13.9504321880     2.5719272834     2.5039931313
Si       18.8197618200     2.5342897324     2.5616584940
Si       15.7324412449     1.1257512987     6.4761782815
H       17.8805116530     6.8575222719     3.8974995342
H       15.5383913585     6.9641261210     3.2951522781
H       16.2658410975     7.4788212209     5.6084799249
H       12.8082405793     3.3157101454     3.0941312851
H       13.9350854861     2.8649825584     1.0325820839
H       18.4220495215     3.3170901117     1.3622831999
H       13.6904644842     1.1071080770     2.6996489605
H       18.5190815568     1.0919664230     2.3107663392
H       16.4258886038     0.9068583538     7.7946890605
H       14.2535778136     0.9881131166     6.7041451491
H       20.3148117464     2.6784590797     2.7565139348
H       16.1753630586     0.0696562132     5.5394875131
32
# Point -7 Energy = 0.0
C       20.5603598408     3.4392745782     7.3958298183
H       18.7544606727     3.6918626884     6.1667759049
C       19.2066900740     3.0240003476     6.9026843886
H       18.4685458421     2.8030593853     7.6802831959
H       20.8532748236     2.2869085055     5.8708969942
C       19.9688485179     1.8510729055     6.3528437638
H       19.5169425581     1.1162360435     5.6762959780
H       20.3609966182     1.3137353768     7.2250805389
H       21.2273544721     3.3505851352     6.5278274980
H       20.8787066355     2.6507236149     8.0855449975
H       20.7428847208     4.4066243048     7.8666729357
Si       16.4232578632     3.4086083039     4.4007137790
O       16.2968704548     5.0013429582     4.7232156031
O       17.9256765360     3.0763233629     3.8405712880
O       15.3655555140     3.0068520700     3.2166765320
O       16.0846750598     2.5702182050     5.7596204569
Si       16.4914741947     6.6012047049     4.3934887535
Si       13.9514087861     2.5699585750     2.5016784940
Si       18.8222664911     2.5355333949     2.5654385044
Si       15.7309529396     1.1272206417     6.4755510998
H       17.8796862142     6.8584439317     3.8991562030
H       15.5382769074     6.9642032268     3.2938909262
H       16.2627002966     7.4795169687     5.6080310079
H       12.8093767269     3.3138689883     3.0912523777
H       13.9383296816     2.8631270273     1.0308493111
H       18.4257533744     3.3180781456     1.3651526284
H       13.6931595703     1.1056155505     2.6982444127
H       18.5226302241     1.0931410970     2.3140901283
H       16.4227201609     0.9075561586     7.7952290912
H       14.2517051836     0.9877525643     6.7020103744
H       20.3170841200     2.6805206368     2.7618168065
H       16.1753555248     0.0701326018     5.5397515681
32
# Point -6 Energy = 0.0
C       20.5757894375     3.4713566778     7.4155147793
H       18.7829033949     3.6830412313     6.1703451637
C       19.2370514884     3.0150759979     6.9060166760
H       18.4987448201     2.7976713418     7.6850737047
H       20.8252720014     2.2112640316     5.8056685740
C       19.9478440869     1.8164325533     6.3334348316
H       19.4270550987     1.1087862522     5.6775581333
H       20.3514712630     1.2549447914     7.1847093145
H       21.2619589575     3.4240500590     6.5596498550
H       20.9207100553     2.7026972695     8.1146074601
H       20.6930242334     4.4475303156     7.8900423798
Si       16.4230761018     3.4091219314     4.4000192419
O       16.2972710750     5.0014661135     4.7251109330
O       17.9266511340     3.0768676136     3.8428850010
O       15.3665529021     3.0053609123     3.2155659556
O       16.0849582573     2.5713697682     5.7595741675
Si       16.4909818798     6.6012161425     4.3941000316
Si       13.9524985925     2.5681123080     2.4997893748
Si       18.8248112434     2.5365648350     2.5686123249
Si       15.7303637743     1.1284082366     6.4749742871
H       17.8794308122     6.8591414492     3.9007215352
H       15.5385963215     6.9641850139     3.2931024306
H       16.2605605297     7.4799275677     5.6079159393
H       12.8107880796     3.3121731452     3.0890835801
H       13.9414229098     2.8615237387     1.0295734367
H       18.4292582014     3.3189581578     1.3675643327
H       13.6959096911     1.1042478144     2.6971889979
H       18.5260792907     1.0941378757     2.3167819201
H       16.4207489638     0.9078596386     7.7956413844
H       14.2507805494     0.9871812116     6.7002664163
H       20.3194495890     2.6822729166     2.7661689279
H       16.1759658645     0.0703550882     5.5399042694
32
# Point -5 Energy = 0.0
C       20.5905523610     3.5031050329     7.4347454911
H       18.8123527248     3.6735329758     6.1729314038
C       19.2687233093     3.0055634112     6.9082625745
H       18.5296071861     2.7918400711     7.6881863537
H       20.7932347353     2.1369993653     5.7418149920
C       19.9266466444     1.7828288865     6.3143277462
H       19.3396234637     1.1059199376     5.6821929534
H       20.3391870422     1.1966752814     7.1441644809
H       21.2939724148     3.4982507497     6.5920452372
H       20.9606598823     2.7557387728     8.1437419588
H       20.6412798429     4.4843421998     7.9117125267
Si       16.4234119290     3.4094259098     4.3993363950
O       16.2983780540     5.0013609374     4.7271588234
O       17.9279783928     3.0771343534     3.8448221383
O       15.3677982746     3.0038473508     3.2146478484
O       16.0860359214     2.5722553303     5.7595728316
Si       16.4911973748     6.6010111096     4.3949292093
Si       13.9536596613     2.5664185212     2.4983355874
Si       18.8273592208     2.5373450940     2.5711542909
Si       15.7306432548     1.1293141193     6.4744461445
H       17.8797746755     6.8595875261     3.9021833303
H       15.5393740992     6.9640766060     3.2927909381
H       16.2594703346     7.4800460511     5.6081361181
H       12.8124473537     3.3106677631     3.0876441426
H       13.9443169896     2.8602047239     1.0287637357
H       18.4325282667     3.3196977117     1.3694956319
H       13.6986543275     1.1030376335     2.6964911692
H       18.5293706647     1.0949219607     2.3188159769
H       16.4199516009     0.9077587544     7.7959199668
H       14.2507719883     0.9864190707     6.6989220733
H       20.3218756192     2.6836567766     2.7695343048
H       16.1771429901     0.0703180120     5.5399389851
32
# Point -4 Energy = 0.0
C       20.6044721046     3.5344875591     7.4535841318
H       18.8428282077     3.6633030014     6.1744754567
C       19.3017050539     2.9954247660     6.9093698872
H       18.5610918003     2.7855359858     7.6895304718
H       20.7574630456     2.0644408302     5.6795118808
C       19.9054291711     1.7503254685     6.2954875087
H       19.2552101600     1.1075451146     5.6899442245
H       20.3242663322     1.1391292099     7.1035421263
H       21.3231860408     3.5730824327     6.6251375871
H       20.9982156089     2.8097894251     8.1730731158
H       20.5876174052     4.5169150387     7.9316130241
Si       16.4242522647     3.4095156821     4.3986632473
O       16.3002023463     5.0010243641     4.7293542426
O       17.9296390100     3.0770988197     3.8463695094
O       15.3692637274     3.0023187517     3.2139277313
O       16.0878952656     2.5728775203     5.7596185181
Si       16.4921480427     6.6005839094     4.3959673394
Si       13.9548526111     2.5649021920     2.4973339423
Si       18.8298756932     2.5378355063     2.5730448556
Si       15.7317656078     1.1299473185     6.4739754526
H       17.8807453121     6.8597581844     3.9035219662
H       15.5406331602     6.9638820583     3.2929533941
H       16.2594764606     7.4798723056     5.6086836095
H       12.8143293993     3.3093934859     3.0869581176
H       13.9469658079     2.8591923242     1.0284357107
H       18.4355290427     3.3202605173     1.3709277876
H       13.7013370229     1.1020130201     2.6961709785
H       18.5324497963     1.0954577558     2.3201772942
H       16.4203096823     0.9072572924     7.7960696900
H       14.2516526458     0.9854942566     6.6979973387
H       20.3243314665     2.6846155891     2.7718822733
H       16.1788413043     0.0700223142     5.5398629463
32
# Point -3 Energy = 0.0
C       20.6173553294     3.5654540249     7.4721066566
H       18.8743707783     3.6523500370     6.1749275615
C       19.3359971166     2.9846374755     6.9092918442
H       18.5931533320     2.7787519314     7.6890141560
H       20.7182933247     1.9939168773     5.6188977864
C       19.8843586638     1.7189938195     6.2768492480
H       19.1743329176     1.1135658743     5.7004880996
H       20.3068342891     1.0825011249     7.0628977413
H       21.3493745504     3.6484149550     6.6590726031
H       21.0329902874     2.8647550238     8.2027420587
H       20.5320091683     4.5450831374     7.9496681607
Si       16.4255867773     3.4093898125     4.3980025517
O       16.3027552493     5.0004573590     4.7316909539
O       17.9316168498     3.0767398450     3.8475203720
O       15.3709251217     3.0007796991     3.2134172845
O       16.0905272593     2.5732463479     5.7597207043
Si       16.4938592085     6.5999319916     4.3971986031
Si       13.9560428757     2.5635807604     2.4968087885
Si       18.8323301401     2.5379979275     2.5742733519
Si       15.7337108785     1.1303262682     6.4735834682
H       17.8823677113     6.8596330722     3.9047104745
H       15.5423943382     6.9636031027     3.2935785055
H       16.2606219855     7.4794133072     5.6095401315
H       12.8164128091     3.3083836555     3.0870539772
H       13.9493281033     2.8584960128     1.0286114907
H       18.4382294505     3.3206058590     1.3718482015
H       13.7039083161     1.1011947556     2.6962612501
H       18.5352686517     1.0957088227     2.3208649757
H       16.4218104266     0.9063742857     7.7961086552
H       14.2534018542     0.9844427085     6.6975248137
H       20.3267900468     2.6850963674     2.7731908624
H       16.1810227889     0.0694757587     5.5397000280
32
# Point -2 Energy = 0.0
C       20.6289966636     3.5959309353     7.4904005469
H       18.9070456323     3.6407117205     6.1742510662
C       19.3715999002     2.9731962597     6.9079907889
H       18.6257409058     2.7715068220     7.6865468509
H       20.6760862622     1.9257648242     5.5600652497
C       19.8635865812     1.6889200884     6.2583147469
H       19.0974502521     1.1238985480     5.7134337876
H       20.2870045064     1.0269796573     7.0222363244
H       21.3723009686     3.7240812967     6.6940140538
H       21.0645541259     2.9204958316     8.2329034861
H       20.4744476232     4.5686613734     7.9657902806
Si       16.4274085837     3.4090493738     4.3973631209
O       16.3060480252     4.9996644121     4.7341621286
O       17.9339001522     3.0760398851     3.8482769170
O       15.3727638555     2.9992304068     3.2131351480
O       16.0939268462     2.5733789278     5.7598976606
Si       16.4963531583     6.5990553924     4.3986004372
Si       13.9572032385     2.5624615335     2.4967920277
Si       18.8346985891     2.5377947939     2.5748413133
Si       15.7364654437     1.1304785922     6.4733056167
H       17.8846635014     6.8591954569     3.9057155090
H       15.5446759655     6.9632376810     3.2946460899
H       16.2629440206     7.4786828520     5.6106766570
H       12.8186816780     3.3076613379     3.0879635459
H       13.9513708477     2.8581092858     1.0293197313
H       18.4406046165     3.3206880123     1.3722531781
H       13.7063289135     1.1005937690     2.6968079882
H       18.5377890020     1.0956376983     2.3208959178
H       16.4244463813     0.9051446373     7.7960704615
H       14.2560056262     0.9833072715     6.6975504700
H       20.3292300145     2.6850506861     2.7734510669
H       16.1836587190     0.0686926371     5.5394931925
32
# Point -1 Energy = 0.0
C       20.6391849629     3.6258168653     7.5085608099
H       18.9409435737     3.6284679388     6.1724265207
C       19.4085120990     2.9611141597     6.9054427712
H       18.6587961815     2.7638480517     7.6820427319
H       20.6312128114     1.8603404690     5.5030530118
C       19.8432387899     1.6602126480     6.2397503844
H       19.0249491377     1.1384883451     5.7283278192
H       20.2648632631     0.9727517186     6.9815034471
H       21.3917236865     3.7998655699     6.7301366599
H       21.0924413617     2.9768174206     8.2637202490
H       20.4149610213     4.5874502013     7.9798716111
Si       16.4297146830     3.4084969163     4.3967612274
O       16.3100912654     4.9986525747     4.7367613414
O       17.9364825860     3.0749846168     3.8486531419
O       15.3747686237     2.9976650238     3.2131074595
O       16.0980925118     2.5732985505     5.7601776792
Si       16.4996480674     6.5979557684     4.4001444053
Si       13.9583164900     2.5615392281     2.4973224183
Si       18.8369660699     2.5371889277     2.5747662900
Si       15.7400216144     1.1304401192     6.4731926497
H       17.8876501756     6.8584317994     3.9064994483
H       15.5474936712     6.9627783639     3.2961270004
H       16.2664711134     7.4777006670     5.6120538839
H       12.8211273850     3.3072364693     3.0897200987
H       13.9530731134     2.8580069855     1.0305948610
H       18.4426390776     3.3204556722     1.3721512379
H       13.7085728415     1.1002086322     2.6978697257
H       18.5399857974     1.0952055230     2.3203086263
H       16.4282139064     0.9036186600     7.7960060533
H       14.2594561701     0.9821360821     6.6981334877
H       20.3316379250     2.6844351865     2.7726720137
H       16.1867306232     0.0676928455     5.5393062942
32
# Point 0 Energy = 0
C       20.6477110000     3.6549790000     7.5266840000
H       18.9761800000     3.6157410000     6.1694560000
C       19.4467280000     2.9484220000     6.9016430000
H       18.6922510000     2.7558520000     7.6754250000
H       20.5840390000     1.7980300000     5.4478400000
C       19.8234060000     1.6330100000     6.2209870000
H       18.9571360000     1.1573250000     5.7446630000
H       20.2404540000     0.9200090000     6.9405780000
H       21.4074060000     3.8754920000     6.7676150000
H       21.1161610000     3.0334640000     8.2953550000
H       20.3536290000     4.6012450000     7.9917750000
Si       16.4325060000     3.4077350000     4.3962220000
O       16.3148940000     4.9974300000     4.7394840000
O       17.9393640000     3.0735620000     3.8486780000
O       15.3769370000     2.9960700000     3.2133680000
O       16.1030250000     2.5730330000     5.7606000000
Si       16.5037570000     6.5966350000     4.4017980000
Si       13.9593780000     2.5607940000     2.4984440000
Si       18.8391290000     2.5361430000     2.5740860000
Si       15.7443760000     1.1302530000     6.4733110000
H       17.8913405600     6.8573308000     3.9070238400
H       15.5508605600     6.9622108000     3.2979838400
H       16.2712205600     7.4764908000     5.6136238400
H       12.8237502400     3.3071035200     3.0923555200
H       13.9544302400     2.8581435200     1.0324755200
H       18.4443303200     3.3198514400     1.3715668800
H       13.7106302400     1.1000235200     2.6995155200
H       18.5418503200     1.0943714400     2.3191668800
H       16.4331100800     0.9018602400     7.7959848800
H       14.2637500800     0.9809802400     6.6993448800
H       20.3340103200     2.6832114400     2.7708868800
H       16.1902300800     0.0665002400     5.5392248800
32
# Point 1 Energy = 0.0
C       20.6543519316     3.6832897748     7.5448336926
H       19.0128597753     3.6026382794     6.1653545121
C       19.4862356626     2.9351452117     6.8966073950
H       18.7260334906     2.7475976399     7.6666322251
H       20.5349337897     1.7392199207     5.3943646964
C       19.8041633103     1.6074553335     6.2018523935
H       18.8942668523     1.1803907285     5.7619362262
H       20.2138090505     0.8689480341     6.8993131088
H       21.4190919474     3.9506696057     6.8065751133
H       21.1352151026     3.0901932218     8.3279445013
H       20.2905400071     4.6098842455     8.0012782903
Si       16.4357880990     3.4067645222     4.3957810524
O       16.3204696827     4.9960032585     4.7423358277
O       17.9425502141     3.0717577058     3.8483963263
O       15.3792754452     2.9944309624     3.2139574961
O       16.1087244683     2.5726081317     5.7612126687
Si       16.5086995804     6.5950932920     4.4035401300
Si       13.9603946738     2.5602060840     2.5002027337
Si       18.8411937052     2.5346173036     2.5728573607
Si       15.7495213571     1.1299574280     6.4737341918
H       17.8957556146     6.8558787892     3.9072666816
H       15.5548006660     6.9615199288     3.3001875482
H       16.2772125385     7.4750752721     5.6153490688
H       12.8265605693     3.3072574394     3.0958994797
H       13.9554545484     2.8584737582     1.0350024432
H       18.4456905718     3.3188161750     1.3705427903
H       13.7125013756     1.1000228439     2.7018152838
H       18.5433838411     1.0930925026     2.3175524010
H       16.4391231216     0.8999304076     7.7960856919
H       14.2688795732     0.9798897203     6.7012575206
H       20.3363526639     2.6813376188     2.7681532837
H       16.1941473703     0.0651368602     5.5393432251
32
# Point 2 Energy = 0.0
C       20.6588847363     3.7106011241     7.5630569044
H       19.0511002693     3.5892863638     6.1601598415
C       19.5270156951     2.9213149968     6.8903768476
H       18.7600614844     2.7391804262     7.6556157828
H       20.4842557073     1.6843343476     5.3425125247
C       19.7855545300     1.5837214753     6.1821499263
H       18.8365325169     1.2077072205     5.7796206521
H       20.1849168180     0.8197798467     6.8575020887
H       21.4265304299     4.0250567632     6.8471103167
H       21.1490870516     3.1467254949     8.3616027108
H       20.2258281514     4.6132277169     8.0081075079
Si       16.4395705815     3.4055837225     4.3954848403
O       16.3268321887     4.9943769546     4.7453293453
O       17.9460533901     3.0695557364     3.8478708914
O       15.3818000433     2.9927270887     3.2149243552
O       16.1151907578     2.5720495584     5.7620747823
Si       16.5144950478     6.5933283331     4.4053538255
Si       13.9613868313     2.5597459707     2.5026474675
Si       18.8431786070     2.5325690603     2.5711603411
Si       15.7554493185     1.1295943677     6.4745483788
H       17.9009172822     6.8540603595     3.9072152915
H       15.5593419049     6.9606846393     3.3027086372
H       16.2844607400     7.4734757165     5.6171930924
H       12.8295788942     3.3076831857     3.1003780967
H       13.9561773999     2.8589398008     1.0382187170
H       18.4467481171     3.3172846516     1.3691415550
H       13.7142010810     1.1001814520     2.7048440353
H       18.5446028309     1.0913217936     2.3155719864
H       16.4462348509     0.8978945962     7.7964030504
H       14.2748353654     0.9789138077     6.7039512010
H       20.3386811520     2.6787711738     2.7645576763
H       16.1984768250     0.0636242547     5.5397726901
32
# Point 3 Energy = 0.0
C       20.6611248251     3.7367016503     7.5814032886
H       19.0910569228     3.5758824083     6.1539537933
C       19.5690322223     2.9069874573     6.8830311982
H       18.7942286244     2.7307355105     7.6423467632
H       20.4323172465     1.6339024831     5.2920886765
C       19.7675547627     1.5620567826     6.1616286560
H       18.7840197326     1.2394140454     5.7971328430
H       20.1536622085     0.7727532866     6.8148224804
H       21.4295325379     4.0981934891     6.8892963862
H       21.1572581623     3.2026570931     8.3964195886
H       20.1597568117     4.6111389758     8.0119813090
Si       16.4438638777     3.4041856367     4.3953916754
O       16.3339852620     4.9925521136     4.7484786956
O       17.9498918799     3.0669396511     3.8471894131
O       15.3845384148     2.9909203812     3.2163238806
O       16.1224191370     2.5713839950     5.7632596570
Si       16.5211465889     6.5913331110     4.4072156928
Si       13.9623938608     2.5593558554     2.5058262800
Si       18.8451202009     2.5299523538     2.5691097376
Si       15.7621495226     1.1292081757     6.4758597447
H       17.9068334249     6.8518596119     3.9068591360
H       15.5645023913     6.9596678209     3.3055022199
H       16.2929494869     7.4717148264     5.6191059162
H       12.8328368951     3.3083352024     3.1058041292
H       13.9566581784     2.8594471131     1.0421649840
H       18.4475539640     3.3151795138     1.3674532409
H       13.7157692250     1.1004459143     2.7086827792
H       18.5455513613     1.0890062580     2.3133736456
H       16.4544166476     0.8958328365     7.7970578163
H       14.2816056212     0.9780989227     6.7075159702
H       20.3410275781     2.6754752163     2.7602313154
H       16.2032230249     0.0619843083     5.5406544476
32
# Point 4 Energy = 0.0
C       20.6609190669     3.7613552455     7.5998876111
H       19.1328788773     3.5626287158     6.1468568673
C       19.6122258584     2.8922171973     6.8746941701
H       18.8284089655     2.7224065664     7.6268274041
H       20.3793957718     1.5885362956     5.2428428564
C       19.7500929610     1.5427613357     6.1400200244
H       18.7367501520     1.2757081822     5.8139018771
H       20.1198662035     0.7281632022     6.7708784757
H       21.4279605075     4.1695492343     6.9331335719
H       21.1592426538     3.2575385821     8.4324257997
H       20.0926830706     4.6035420967     8.0125650633
Si       16.4486771521     3.4025556660     4.3955726346
O       16.3419257331     4.9905225621     4.7518083253
O       17.9540877929     3.0638870315     3.8464661789
O       15.3875279681     2.9889627988     3.2182153713
O       16.1303928569     2.5706314208     5.7648512269
Si       16.5286511552     6.5890932045     4.4091127430
Si       13.9634719364     2.5589654052     2.5097790444
Si       18.8470706470     2.5267153533     2.5668554726
Si       15.7695956083     1.1288366345     6.4777831959
H       17.9135095206     6.8492545519     3.9062100894
H       15.5703032724     6.9584227060     3.3085250452
H       16.3026449676     7.4698085976     5.6210449206
H       12.8363767393     3.3091545284     3.1121713651
H       13.9569854117     2.8598873709     1.0468733760
H       18.4481842241     3.3124158843     1.3655988463
H       13.7172627835     1.1007502463     2.7134036291
H       18.5462936404     1.0860863113     2.3111393063
H       16.4636125736     0.8938206670     7.7981859117
H       14.2891609063     0.9774832154     6.7120377355
H       20.3434373167     2.6714090321     2.7553536645
H       16.2083843058     0.0602321585     5.5421435564
32
# Point 5 Energy = 0.0
C       20.6581551928     3.7843103105     7.6184779984
H       19.1766893485     3.5497103833     6.1390324098
C       19.6565056131     2.8770477880     6.8655392591
H       18.8624557658     2.7143332510     7.6090993819
H       20.3257393000     1.5489384584     5.1944812244
C       19.7330617693     1.5261862136     6.1170501600
H       18.6946992447     1.3168249104     5.8294000241
H       20.0833035578     0.6863635021     6.7252088063
H       21.4217427726     4.2385356546     6.9785197951
H       21.1546133489     3.3108938003     8.4695699982
H       20.0250607390     4.5904434522     8.0094770766
Si       16.4540143015     3.4006698295     4.3961109315
O       16.3506406666     4.9882727583     4.7553548881
O       17.9586636315     3.0603667250     3.8458434007
O       15.3908132646     2.9867976789     3.2206588995
O       16.1390757692     2.5698015939     5.7669417102
Si       16.5369991708     6.5865849008     4.4110471508
Si       13.9646919032     2.5584960553     2.5145309672
Si       18.8490960246     2.5227984589     2.5645844686
Si       15.7777348779     1.1285068081     6.4804370807
H       17.9209497083     6.8462142634     3.9053099153
H       15.5767706226     6.9568939105     3.3117391065
H       16.3134939460     7.4677628133     5.6229807845
H       12.8402486877     3.3100735473     3.1194475664
H       13.9572774299     2.8601450760     1.0523614519
H       18.4487412826     3.3089018916     1.3637326629
H       13.7187515996     1.1010201988     2.7190605989
H       18.5469109595     1.0824947706     2.3090837930
H       16.4737266176     0.8919220472     7.7999339602
H       14.2974430918     0.9770939030     6.7175902232
H       20.3459676280     2.6665240587     2.7501570808
H       16.2139427642     0.0583729865     5.5444025851
32
# Point 6 Energy = 0.0
C       20.6527720052     3.8053117098     7.6370852711
H       19.2225608818     3.5372700853     6.1306898793
C       19.7017398591     2.8615020634     6.8557936160
H       18.8962018500     2.7066368604     7.5892527931
H       20.2715812755     1.5159026545     5.1466853284
C       19.7163348994     1.5127277888     6.0924562625
H       18.6578205846     1.3630045326     5.8431787121
H       20.0437359589     0.6477786289     6.6773012713
H       21.4108885242     4.3045272475     7.0252243137
H       21.1430323767     3.3622437790     8.5076948782
H       19.9574404383     4.5719497844     8.0023057496
Si       16.4598684102     3.3984939615     4.3970997624
O       16.3601033350     4.9857764739     4.7591679218
O       17.9636372323     3.0563368597     3.8454906281
O       15.3944414616     2.9843624539     3.2237106965
O       16.1484035181     2.5688913467     5.7696277578
Si       16.5461733298     6.5837741864     4.4130399729
Si       13.9661349643     2.5578669470     2.5200849698
Si       18.8512725403     2.5181332693     2.5625202526
Si       15.7864763831     1.1282316532     6.4839362631
H       17.9291569215     6.8426968105     3.9042364179
H       15.5839362351     6.9550196673     3.3151144492
H       16.3254220017     7.4655702556     5.6249025982
H       12.8445067497     3.3110224490     3.1275666666
H       13.9576805646     2.8601060112     1.0586250091
H       18.4493528076     3.3045402563     1.3620425469
H       13.7203116919     1.1011792007     2.7256790792
H       18.5474962398     1.0781567149     2.3074513685
H       16.4846086143     0.8901827192     7.8024531197
H       14.3063526352     0.9769455668     6.7242256023
H       20.3486840457     2.6607604180     2.7449289246
H       16.2198522648     0.0563996440     5.5475932775
32
# Point 7 Energy = 0.0
C       20.6447719593     3.8241148017     7.6555548002
H       19.2704854044     3.5253827318     6.1220861174
C       19.7477468408     2.8455741271     6.8457383992
H       18.9294623472     2.6994055376     7.5674356573
H       20.2171631305     1.4903010252     5.0991396983
C       19.6997920389     1.5028150835     6.0660085256
H       18.6260720340     1.4144431480     5.8549111921
H       20.0009628808     0.6129105916     6.6266172568
H       21.3955022064     4.3668897742     7.0728647307
H       21.1242901275     3.4111334259     8.5465139795
H       19.8904675737     4.5482797183     7.9906411247
Si       16.4662144634     3.3959845008     4.3986378553
O       16.3702674565     4.9829969794     4.7633083702
O       17.9690147656     3.0517446648     3.8456011453
O       15.3984554973     2.9815928602     3.2274166742
O       16.1582736575     2.5678833587     5.7730044763
Si       16.5561453909     6.5806172863     4.4151326730
Si       13.9678858156     2.5570022000     2.5264128273
Si       18.8536802903     2.5126435362     2.5609190821
Si       15.7956783562     1.1280080502     6.4883831871
H       17.9381308128     6.8386489036     3.9031067689
H       15.5918358723     6.9527355220     3.3186302092
H       16.3383302356     7.4632093821     5.6268209570
H       12.8492019754     3.3119368257     3.1364203037
H       13.9583641201     2.8596670654     1.0656296607
H       18.4501677109     3.2992318511     1.3607468956
H       13.7220162230     1.1011555995     2.7332441301
H       18.5481461295     1.0729913176     2.3065088650
H       16.4960401214     0.8886250345     7.8058905998
H       14.3157352800     0.9770396559     6.7319637612
H       20.3516544267     2.6540456361     2.7400095179
H       16.2260254556     0.0542918051     5.5518659185
32
# Point 8 Energy = 0.0
C       20.6342373660     3.8405010961     7.6736628589
H       19.3203394482     3.5140334598     6.1135223113
C       19.7942859093     2.8292255341     6.8357031637
H       18.9620409385     2.6926807724     7.5438631325
H       20.1627619307     1.4730513353     5.0515707431
C       19.6833505894     1.4968870071     6.0375397329
H       18.5994397682     1.4712249954     5.8644427279
H       19.9548915281     0.5823369870     6.5726320652
H       21.3757978318     4.4250163693     7.1208916159
H       21.0983556400     3.4571584803     8.5855928447
H       19.8248780266     4.5197660409     7.9741236815
Si       16.4730003562     3.3930917238     4.4008217473
O       16.3810592985     4.9798895983     4.7678438270
O       17.9747817061     3.0465294818     3.8463838042
O       15.4028847639     2.9784289487     3.2318036088
O       16.1685356223     2.5667472848     5.7771565334
Si       16.5668698079     6.5770636582     4.4173850901
Si       13.9700228821     2.5558391921     2.5334452362
Si       18.8563941426     2.5062496965     2.5600607581
Si       15.8051367665     1.1278170580     6.4938564385
H       17.9478619641     6.8340087244     3.9020760600
H       15.6005032471     6.9499799010     3.3222728910
H       16.3520894481     7.4606454249     5.6287676446
H       12.8543730330     3.3127657048     3.1458492232
H       13.9595110598     2.8587469384     1.0733013429
H       18.4513478412     3.2928825422     1.3600865975
H       13.7239244259     1.1008907909     2.7416880130
H       18.5489506672     1.0669170873     2.3065338568
H       16.5077226493     0.8872454625     7.8103780918
H       14.3253701451     0.9773654416     6.7407803657
H       20.3549402136     2.6462977507     2.7357834873
H       16.2323215828     0.0520175111     5.5573458647
32
# Point 9 Energy = 0.0
C       20.6213497301     3.8542954821     7.6911202603
H       19.3718467937     3.5031032912     6.1053327902
C       19.8410522089     2.8123886268     6.8260507178
H       18.9937413518     2.6864474281     7.5188242956
H       20.1087177826     1.4650537170     5.0037990661
C       19.6670020411     1.4953549811     6.0069842840
H       18.5779546574     1.5332351113     5.8718466665
H       19.9056242510     0.5566926380     6.5148984119
H       21.3521110639     4.4783717754     7.1685874252
H       21.0654388079     3.4999903150     8.6243408022
H       19.7614879380     4.4868462821     7.9525111484
Si       16.4801370255     3.3897664149     4.4037338472
O       16.3923680353     4.9764076485     4.7728394103
O       17.9808923144     3.0406305676     3.8480483289
O       15.4077334844     2.9748232469     3.2368679047
O       16.1789827619     2.5654442686     5.7821456802
Si       16.5782735935     6.5730625125     4.4198684445
Si       13.9726056134     2.5543374467     2.5410618388
Si       18.8594715688     2.4988788153     2.5602316341
Si       15.8145783913     1.1276273317     6.5003965590
H       17.9583212374     6.8287135450     3.9013286693
H       15.6099582021     6.9467020440     3.3260311654
H       16.3665316577     7.4578350468     5.6307905134
H       12.8600341644     3.3134792065     3.1556362641
H       13.9613031784     2.8572971433     1.0815167851
H       18.4530540318     3.2854148122     1.3603096936
H       13.7260692706     1.1003477508     2.7508783338
H       18.5499808211     1.0598621655     2.3077957887
H       16.5192726721     0.8860162102     7.8160163532
H       14.3349629029     0.9779027201     6.7505945309
H       20.3585847442     2.6374353457     2.7326608972
H       16.2385383024     0.0495381089     5.5641168495
32
# Point 10 Energy = 0.0
C       20.6064073057     3.8653855951     7.7075864539
H       19.4245455509     3.4923677411     6.0978613915
C       19.8876796760     2.7949794388     6.8171490136
H       19.0243856931     2.6806297937     7.4926826767
H       20.0554521344     1.4670883998     4.9558025824
C       19.6508473865     1.4985470993     5.9744240446
H       18.5616937935     1.6000580914     5.8774759158
H       19.8535531282     0.5366242864     6.4531358351
H       21.3249023673     4.5265448963     7.2150884215
H       21.0260563708     3.5393978404     8.6620231949
H       19.7011684426     4.4500402409     7.9257571295
Si       16.4874902321     3.3859704975     4.4074265074
O       16.4040367203     4.9725123845     4.7783442224
O       17.9872597058     3.0340006075     3.8507829697
O       15.4129684172     2.9707510017     3.2425633152
O       16.1893505883     2.5639355483     5.7879952671
Si       16.5902438471     6.5685734715     4.4226528775
Si       13.9756600039     2.5524874305     2.5490840750
Si       18.8629384219     2.4904808804     2.5616980278
Si       15.8236637647     1.1274024066     6.5079902965
H       17.9694450385     6.8227131126     3.9010605968
H       15.6201893879     6.9428723699     3.3298875874
H       16.3814412342     7.4547353557     5.6329430286
H       12.8661620560     3.3140748984     3.1655046682
H       13.9639004346     2.8553123252     1.0900968145
H       18.4554260920     3.2767847373     1.3616472476
H       13.7284457606     1.0995192153     2.7606101645
H       18.5512751841     1.0517804462     2.3105288559
H       16.5302300976     0.8848921531     7.8228564431
H       14.3441497834     0.9786265195     6.7612587236
H       20.3625996406     2.6273959937     2.7310449114
H       16.2444123402     0.0468172218     5.5722021003
32
# Point 11 Energy = 0.0
C       20.5898332261     3.8737373102     7.7227012627
H       19.4777715001     3.4815168237     6.0914160498
C       19.9337613305     2.7769263171     6.8093214741
H       19.0538449759     2.6751009936     7.4658600797
H       20.0034630205     1.4796594199     4.9077880046
C       19.6351235393     1.5066309886     5.9401428496
H       18.5507611523     1.6708723062     5.8820090785
H       19.7994439106     0.5227151363     6.3873586447
H       21.2947440809     4.5693077528     7.2594493759
H       20.9810806335     3.5752495682     8.6978050490
H       19.6447963510     4.4099037763     7.8940986088
Si       16.4948776513     3.3816931891     4.4119007906
O       16.4158568292     4.9681886601     4.7843713427
O       17.9937493060     3.0266275580     3.8547202994
O       15.4185075731     2.9662224511     3.2487888165
O       16.1993285530     2.5621971996     5.7946714345
Si       16.6026136301     6.5635830737     4.4257862379
Si       13.9791630328     2.5503175185     2.5572753017
Si       18.8667732738     2.4810541554     2.5646643641
Si       15.8320101891     1.1271139351     6.5165545003
H       17.9811157889     6.8159914721     3.9014465077
H       15.6311295393     6.9384955077     3.3338058085
H       16.3965479899     7.4513194588     5.6352650856
H       12.8726829139     3.3145804498     3.1751279938
H       13.9674118398     2.8528373601     1.0988068295
H       18.4585541402     3.2670060070     1.3642752187
H       13.7310023823     1.0984336493     2.7706078800
H       18.5528272941     1.0426757856     2.3148924144
H       16.5400933091     0.8838265241     7.8308774362
H       14.3525233227     0.9795146896     6.7725552515
H       20.3669500484     2.6161672672     2.7312771192
H       16.2496382722     0.0438356949     5.5815442497
32
# Point 12 Energy = 0.0
C       20.5721498767     3.8794169140     7.7361235296
H       19.5306851227     3.4701953657     6.0862209452
C       19.9788873860     2.7581980404     6.8027979544
H       19.0820660007     2.6696980598     7.4388087876
H       19.9532892130     1.5028429485     4.8602234798
C       19.6201987333     1.5195375949     5.9046388282
H       18.5452400234     1.7444048865     5.8864020346
H       19.7444498132     0.5153644603     6.3179612632
H       21.2622653923     4.6066675509     7.3007321542
H       20.9317290431     3.6075322500     8.7308358870
H       19.5931635617     4.3669892150     7.8580871718
Si       16.5020799516     3.3769641535     4.4170949596
O       16.4275781569     4.9634581643     4.7908858361
O       18.0001849957     3.0185523814     3.8599102029
O       15.4242207283     2.9612912554     3.2553889701
O       16.2085883749     2.5602334234     5.8020751129
Si       16.6151628048     6.5581184680     4.4292789662
Si       13.9830376065     2.5478968651     2.5653568626
Si       18.8709016309     2.4706647470     2.5692375914
Si       15.8392323744     1.1267542305     6.5259329935
H       17.9931561415     6.8085849606     3.9026099854
H       15.6426438124     6.9336197309     3.3377256334
H       16.4115378234     7.4475905783     5.6377691922
H       12.8794716303     3.3150533055     3.1841571844
H       13.9718741127     2.8499689267     1.1073730756
H       18.4624577292     3.2561671023     1.3682828033
H       13.7336431276     1.0971573746     2.7805448777
H       18.5545819878     1.0326201934     2.3209398508
H       16.5483742707     0.8827870058     7.8399757374
H       14.3596764943     0.9805555646     6.7842087883
H       20.3715498474     2.6038116239     2.7335859765
H       16.2539028327     0.0406046587     5.5919987239
32
# Point 13 Energy = 0.0
C       20.5540052857     3.8823853620     7.7478449495
H       19.5823579498     3.4582681981     6.0820214049
C       20.0228562616     2.7391105781     6.7972987978
H       19.1093339791     2.6644796682     7.4116994693
H       19.9052127907     1.5352978463     4.8142307667
C       19.6065576225     1.5366430055     5.8690799879
H       18.5451305133     1.8185992277     5.8924328802
H       19.6902308830     0.5146894991     6.2467911288
H       21.2281441653     4.6389639813     7.3388018896
H       20.8795257086     3.6356027321     8.7604748163
H       19.5469261379     4.3214447355     7.8191022319
Si       16.5088488037     3.3719695832     4.4227174237
O       16.4388731623     4.9584973981     4.7976205776
O       18.0063317106     3.0100445404     3.8660474199
O       15.4298707950     2.9561054273     3.2620725276
O       16.2169309406     2.5581991096     5.8099080310
Si       16.6274840331     6.5523688079     4.4328834710
Si       13.9870621078     2.5453116020     2.5730391241
Si       18.8751077410     2.4596428388     2.5750984922
Si       15.8452071754     1.1264524924     6.5358100902
H       18.0051445183     6.8007581609     3.9042977790
H       15.6542987125     6.9283989831     3.3414090460
H       16.4259679291     7.4437116153     5.6402220209
H       12.8862728466     3.3155160364     3.1923220709
H       13.9770401885     2.8468102974     1.1155105928
H       18.4668739407     3.2445920039     1.3733629598
H       13.7362181840     1.0957625506     2.7901135622
H       18.5563935824     1.0219322243     2.3283337132
H       16.5549708882     0.8819226624     7.8498294429
H       14.3654934531     0.9818012315     6.7959110651
H       20.3761791727     2.5907325972     2.7376454458
H       16.2571294168     0.0372870033     5.6032321810
32
# Point 14 Energy = 0.0
C       20.5337437082     3.8976174111     7.7369918316
H       19.6264377774     3.4288841682     6.1044825991
C       20.0520040468     2.6998050781     6.8199914960
H       19.1179420633     2.6422312239     7.4059480961
H       19.8805234661     1.6394114730     4.7449950397
C       19.5963477760     1.5768589959     5.8032175155
H       18.5520117176     1.9119478538     5.8624824241
H       19.6315176940     0.5237854990     6.1025817094
H       21.1930148021     4.6612191489     7.3191089797
H       20.8273471984     3.7127152463     8.7738006635
H       19.5070200219     4.2970760974     7.7447467761
Si       16.5146733081     3.3593798728     4.4397705795
O       16.4520499006     4.9458136029     4.8167992012
O       18.0132803939     2.9899712548     3.8909184991
O       15.4392692629     2.9476041188     3.2742924107
O       16.2148694110     2.5482568078     5.8269858362
Si       16.6482545520     6.5386492730     4.4512818990
Si       13.9971379987     2.5443651992     2.5784953505
Si       18.8850376209     2.4355955746     2.6036354911
Si       15.8328293469     1.1187417905     6.5518274167
H       18.0290003270     6.7813421016     3.9280015423
H       15.6810655065     6.9190415544     3.3552667577
H       16.4453502965     7.4314020201     5.6572178664
H       12.8982735101     3.3203634311     3.1933047393
H       13.9966326201     2.8466190336     1.1216409039
H       18.4854561454     3.2222479148     1.3997262999
H       13.7393830847     1.0965695779     2.7948729473
H       18.5609088022     0.9993862349     2.3555354710
H       16.5358052601     0.8704210628     7.8692245760
H       14.3512078933     0.9798276006     6.8061092026
H       20.3860913054     2.5600196390     2.7721276236
H       16.2434937817     0.0261321391     5.6217836152
32
# Point 15 Energy = 0.0
C       20.5475077567     3.8685249454     7.7857451362
H       19.6648175006     3.4503824780     6.0731387018
C       20.0903149316     2.7195859522     6.7880168680
H       19.1431628027     2.6733005716     7.3543571727
H       19.8725841433     1.5832866285     4.7458110913
C       19.6214127418     1.5582548345     5.8145293576
H       18.5842055386     1.9111496271     5.8959869922
H       19.6516893790     0.5140075443     6.1443086835
H       21.2044986968     4.6669536295     7.4325448987
H       20.8078991752     3.6370663792     8.8225888390
H       19.5111173551     4.2436148072     7.7748666886
Si       16.5060176221     3.3691033296     4.4274189787
O       16.4412592066     4.9563754108     4.8009325028
O       18.0042976536     3.0017934038     3.8761756151
O       15.4284264640     2.9485287418     3.2670464522
O       16.2154634819     2.5637424428     5.8201094596
Si       16.6297378462     6.5482431155     4.4269641929
Si       13.9848070280     2.5389288138     2.5772013606
Si       18.8733375695     2.4452480202     2.5879516157
Si       15.8399304601     1.1363634497     6.5523872834
H       18.0075523116     6.7940044149     3.8973238452
H       15.6570921652     6.9211374866     3.3324868766
H       16.4278317787     7.4454969739     5.6295973262
H       12.8866207810     3.3145205649     3.1930545885
H       13.9802032143     2.8362658536     1.1199169490
H       18.4669209795     3.2257568898     1.3819684714
H       13.7331062715     1.0917554679     2.8004266827
H       18.5531155085     1.0070757811     2.3465897856
H       16.5482603707     0.8949243025     7.8686269453
H       14.3595153623     0.9926141750     6.8129087023
H       20.3746517113     2.5753943537     2.7502308209
H       16.2506227921     0.0399016106     5.6259524757
