32
# Point -15 Energy = 0.0
C       21.0908917637     4.2163826359     7.1212968427
H       19.1419033859     3.9552917474     6.2019262361
C       19.7881934176     3.4404888455     6.9260963707
H       19.2077648559     3.3984559962     7.8567135653
H       20.6138613465     1.9924250139     5.5259377489
C       20.0301014005     2.0074243664     6.4550726587
H       19.0759435617     1.4915570370     6.2947254942
H       20.6018812118     1.4421624161     7.1994100935
H       21.6425965404     4.3118073993     6.1776357141
H       21.7593972224     3.7137867626     7.8363556598
H       20.9059388403     5.2284945679     7.4965238187
Si       16.2504907864     3.1158861138     4.4465508585
O       16.2813608618     4.6629379101     4.9567304183
O       17.7680755139     2.6905838656     4.0242958822
O       15.1984046672     2.9162021541     3.2068165059
O       15.7323525495     2.1286719140     5.6456092287
Si       16.7276035350     6.2422379991     4.8409805113
Si       13.8179656191     2.7274174471     2.3303538388
Si       18.7901637710     2.1837071361     2.8386393689
Si       15.0214665308     0.6890675535     6.0360508845
H       18.1921659167     6.3459481784     4.5547873729
H       15.9933420611     6.8588126286     3.6819142665
H       16.4473527415     7.0127707417     6.1141480178
H       12.7286136000     3.5359965929     2.9248172148
H       13.9406860923     3.1603816467     0.8967713765
H       18.6562123900     3.1482843622     1.7193201144
H       13.4084154694     1.2919433664     2.3648466667
H       18.3806693454     0.8294229703     2.3573266506
H       15.4834315391     0.1878480620     7.3732595525
H       13.5064761302     0.7177615241     6.0588938810
H       20.2395066815     2.1217943871     3.2599280658
H       15.4447512515     -0.2926513421     5.0034304806
32
# Point -14 Energy = 0.0
C       21.0673195826     4.1856568010     7.1452559126
H       19.1314528093     3.9309010502     6.1996691796
C       19.7695665216     3.4083070127     6.9253097113
H       19.1794522448     3.3547990484     7.8492347706
H       20.6143674120     1.9798589573     5.5166490607
C       20.0206205141     1.9817239591     6.4395271933
H       19.0705994708     1.4641626744     6.2608460518
H       20.5854154678     1.4085320241     7.1831156065
H       21.6309914245     4.2908811904     6.2098165761
H       21.7266984299     3.6780931735     7.8646019324
H       20.8741010390     5.1936776646     7.5271676915
Si       16.2600755549     3.1323326194     4.4446079043
O       16.2809428674     4.6830010270     4.9444843402
O       17.7775353592     2.7124558727     4.0149741272
O       15.2102078465     2.9222336766     3.2047373798
O       15.7520161983     2.1558923456     5.6563449118
Si       16.7109430528     6.2657241904     4.8147313831
Si       13.8280165267     2.7209103404     2.3338207829
Si       18.7921025542     2.2038342228     2.8231828063
Si       15.0618977381     0.7127821730     6.0694173794
H       18.1723073274     6.3814418304     4.5169636393
H       15.9622519382     6.8670832031     3.6569795519
H       16.4327579702     7.0425469581     6.0846176295
H       12.7352724367     3.5265472151     2.9263574828
H       13.9467106878     3.1477352937     0.8985292960
H       18.6418653809     3.1579820551     1.6965729979
H       13.4258113825     1.2834081806     2.3758731058
H       18.3879183990     0.8428324479     2.3566516635
H       15.5377389260     0.2293026319     7.4088676482
H       13.5475964518     0.7289306771     6.1026511073
H       20.2460176335     2.1553308768     3.2313053806
H       15.4874094515     -0.2755993935     5.0443011560
32
# Point -13 Energy = 0.0
C       21.0432993287     4.1543100325     7.1691873417
H       19.1209710409     3.9068188526     6.1972252047
C       19.7506436297     3.3761675578     6.9241929464
H       19.1507499262     3.3113360734     7.8410805838
H       20.6145974496     1.9674275534     5.5075312729
C       20.0107827293     1.9562581837     6.4237607775
H       19.0650562413     1.4374816421     6.2265348773
H       20.5683515806     1.3749432863     7.1664792001
H       21.6190445794     4.2692006403     6.2423502823
H       21.6931903356     3.6414450025     7.8927343280
H       20.8419609341     5.1581811384     7.5576772042
Si       16.2697329906     3.1488832919     4.4428193954
O       16.2806072522     4.7030618054     4.9322826958
O       17.7870336648     2.7345349129     4.0057821163
O       15.2221167565     2.9282362603     3.2028998991
O       15.7719593272     2.1831904419     5.6669892226
Si       16.6942772345     6.2889246874     4.7884288304
Si       13.8382653715     2.7141737620     2.3376522671
Si       18.7940850130     2.2241693532     2.8079410393
Si       15.1029056159     0.7370752280     6.1026179103
H       18.1522144979     6.4164513928     4.4788580265
H       15.9312124515     6.8748596570     3.6322306161
H       16.4182392440     7.0721667343     6.0549285272
H       12.7420630933     3.5167553159     2.9282528197
H       13.9528773414     3.1347462784     0.9006535671
H       18.6274825824     3.1677075644     1.6742790018
H       13.4435967184     1.2746748825     2.3873759118
H       18.3955344500     0.8565736501     2.3561776474
H       15.5927083024     0.2714382454     7.4439325792
H       13.5894794505     0.7407962168     6.1466013829
H       20.2523546353     2.1891406497     3.2027599524
H       15.5305868314     -0.2578282934     5.0849479326
32
# Point -12 Energy = 0.0
C       21.0188238762     4.1222060255     7.1931528218
H       19.1104764321     3.8830190745     6.1946310633
C       19.7314033612     3.3440017774     6.9227678976
H       19.1216163026     3.2680001885     7.8322540479
H       20.6145089809     1.9550622458     5.4985891690
C       20.0005273971     1.9309622020     6.4077590391
H       19.0592448333     1.4114985793     6.1917507934
H       20.5505889900     1.3412883661     7.1494681003
H       21.6067680221     4.2466246150     6.2753208127
H       21.6588280068     3.6036595350     7.9207947907
H       20.8095420574     5.1218690774     7.5881417721
Si       16.2794865381     3.1656751651     4.4411459964
O       16.2803573370     4.7232583123     4.9200785985
O       17.7965907912     2.7569485228     3.9966838304
O       15.2341296237     2.9341818453     3.2013203713
O       15.7922298181     2.2106934837     5.6775078674
Si       16.6775880650     6.3119787341     4.7620206732
Si       13.8487007935     2.7070200465     2.3419330424
Si       18.7961294523     2.2448166181     2.7928849321
Si       15.1445624720     0.7620652890     6.1356050455
H       18.1318652129     6.4511267439     4.4404145798
H       15.9001976995     6.8822680828     3.6076213234
H       16.4037702567     7.1017727238     6.0250213679
H       12.7489402911     3.5063992392     2.9305677495
H       13.9590972646     3.1211250965     0.9031956274
H       18.6130862311     3.1775428132     1.6523942614
H       13.4618636332     1.2655375305     2.3995612297
H       18.4035335203     0.8707461509     2.3558972278
H       15.6484202085     0.3143791546     7.4784005379
H       13.6322026580     0.7534588802     6.1906986813
H       20.2585327441     2.2233318417     3.1742614676
H       15.5743677295     -0.2392159606     5.1253206411
32
# Point -11 Energy = 0.0
C       20.9938552967     4.0892203865     7.2172448162
H       19.0999755796     3.8594798419     6.1919313616
C       19.7118028890     3.3117505322     6.9210718253
H       19.0919751880     3.2247365267     7.8227628908
H       20.6140662992     1.9427020908     5.4898623842
C       19.9897870369     1.9057811984     6.3915313230
H       19.0530962989     1.3862061074     6.1564649260
H       20.5320107917     1.3074744412     7.1320800231
H       21.5941555316     4.2230205968     6.3088530709
H       21.6235259768     3.5645710923     7.9488638412
H       20.7768271036     5.0846178291     7.6186756503
Si       16.2893810304     3.1828341236     4.4395246565
O       16.2802247894     4.7437160840     4.9078036008
O       17.8062442286     2.7798103438     3.9876070790
O       15.2462365511     2.9400451127     3.2000193139
O       15.8129027683     2.2385162782     5.6878431104
Si       16.6608883817     6.3350111329     4.7354327801
Si       13.8592849320     2.6992797953     2.3467897934
Si       18.7982612671     2.2658664166     2.7779409307
Si       15.1869678056     0.7878598137     6.1683077275
H       18.1112653625     6.4855995369     4.4015452530
H       15.8692067632     6.8894230775     3.5830904642
H       16.3893660865     7.1314921641     5.9948175686
H       12.7558534655     3.4952795942     2.9334412316
H       13.9652239806     3.1066042949     0.9062506223
H       18.5986991212     3.1875586033     1.6308349083
H       13.4806703634     1.2558157479     2.4126796611
H       18.4119327309     0.8854386899     2.3557587869
H       15.7049893693     0.3582342041     7.5121890332
H       13.6758721886     0.7670119155     6.2348836271
H       20.2645767335     2.2579939270     3.1457234069
H       15.6188546885     -0.2196494993     5.1653396918
32
# Point -10 Energy = 0.0
C       20.9683233672     4.0552462633     7.2415806868
H       19.0894631841     3.8361840580     6.1891765605
C       19.6917793990     3.2793672307     6.9191552070
H       19.0617192739     3.1815061258     7.8126176131
H       20.6132423259     1.9302951209     5.4814262051
C       19.9784911413     1.8806726532     6.3751116888
H       19.0465476626     1.3616051522     6.1206643407
H       20.5124893836     1.2734283127     7.1143442468
H       21.5811789873     4.1982694380     6.3431067975
H       21.5871580345     3.5240391782     7.9770542528
H       20.7437550605     5.0463220358     7.6494097735
Si       16.2994808207     3.2004681071     4.4378720134
O       16.2802685382     4.7645415819     4.8953713137
O       17.8160471141     2.8032158459     3.9784468375
O       15.2584198123     2.9458044493     3.1990211754
O       15.8340776833     2.2667542876     5.6979165201
Si       16.6442217828     6.3581256583     4.7085733214
Si       13.8699556247     2.6908105259     2.3523867308
Si       18.8005121031     2.2873937461     2.7629943496
Si       15.2302447510     0.8145481328     6.2006326714
H       18.0904488660     6.5199754407     4.3621350600
H       15.8382645256     6.8964219108     3.5585659866
H       16.3750831328     7.1614306416     5.9642233024
H       12.7627498860     3.4832296702     2.9370828056
H       13.9710600812     3.0909518017     0.9099553160
H       18.5843423729     3.1978139389     1.6094816662
H       13.5000395268     1.2453642985     2.4270147236
H       18.4207518571     0.9007270851     2.3556681082
H       15.7625602345     0.4030890592     7.5451883185
H       13.7206193663     0.7815350593     6.2790837516
H       20.2705198294     2.2931977427     3.1170065700
H       15.6641648716     -0.1990325522     5.2048974455
32
# Point -9 Energy = 0.0
C       20.9421259383     4.0201987209     7.2662951977
H       19.0789225940     3.8131195537     6.1864206549
C       19.6712527256     3.2468198730     6.9170786490
H       19.0307155671     3.1382886872     7.8018293420
H       20.6120196369     1.9177988903     5.4733900115
C       19.9665699975     1.8556076118     6.3585582329
H       19.0395473185     1.3377045011     6.0843545854
H       20.4918925848     1.2390995066     7.0963204942
H       21.5677858000     4.1722691061     6.3782682562
H       21.5495593810     3.4819548755     8.0055025172
H       20.7102210031     5.0068994066     7.6804825857
Si       16.3098666744     3.2186616645     4.4360889680
O       16.2805719516     4.7858171019     4.8826819321
O       17.8260657789     2.8272395445     3.9690707232
O       15.2706545990     2.9514426174     3.1983540015
O       15.8558742009     2.2954781273     5.7076328819
Si       16.6276605719     6.3814000519     4.6813378116
Si       13.8806301531     2.6815033581     2.3589192808
Si       18.8029188161     2.3094577921     2.7478954473
Si       15.2745351783     0.8421956046     6.2324670111
H       18.0694758070     6.5543282459     4.3220486163
H       15.8074208387     6.9033400043     3.5339695550
H       16.3610164152     7.1916675453     5.9331340495
H       12.7695779735     3.4701235958     2.9417648179
H       13.9763669190     3.0739814900     0.9144839524
H       18.5700336160     3.2083562239     1.5881868137
H       13.5199589904     1.2340801813     2.4428698003
H       18.4300151443     0.9166732618     2.3554928951
H       15.8213008317     0.4489999178     7.5772643883
H       13.7665959314     0.7970892448     6.3232144264
H       20.2764019408     2.3289972246     3.0879262930
H       15.7104257211     -0.1772915305     5.2438611680
32
# Point -8 Energy = 0.0
C       20.9151309434     3.9840176034     7.2915321926
H       19.0683269090     3.7902788347     6.1837187553
C       19.6501288200     3.2140920393     6.9149092602
H       18.9988121674     3.0950840261     7.7904076286
H       20.6103905848     1.9051802035     5.4658936879
C       19.9539581594     1.8305708836     6.3419509134
H       19.0320594936     1.3145196391     6.0475609797
H       20.4700896306     1.2044616718     7.0780958770
H       21.5538975140     4.1449372134     6.4145406248
H       21.5105307407     3.4382450904     8.0343590290
H       20.6760783199     4.9662939376     7.7120307584
Si       16.3206318167     3.2374722264     4.4340658937
O       16.2812386757     4.8075974660     4.8696271498
O       17.8363766377     2.8519338466     3.9593259409
O       15.2829100973     2.9569470898     3.1980491112
O       15.8784268650     2.3247298184     5.7168848058
Si       16.6113020809     6.4048829118     4.6536143894
Si       13.8912100650     2.6712873052     2.3666066679
Si       18.8055223857     2.3321027555     2.7324675292
Si       15.3199940156     0.8708393724     6.2636818426
H       18.0484290897     6.5886962100     4.2811373449
H       15.7767482523     6.9102280132     3.5092209652
H       16.3472946796     7.2222534675     5.9014392025
H       12.7762905679     3.4558817628     2.9478118248
H       13.9808760176     3.0555602819     0.9200427398
H       18.5557857929     3.2192222214     1.5667826913
H       13.5403850436     1.2219067545     2.4605549228
H       18.4397532707     0.9333254055     2.3550695376
H       15.8813956395     0.4959891705     7.6082631364
H       13.8139683971     0.8137124529     6.3671803300
H       20.2822676076     2.3654325900     3.0582624511
H       15.7577703190     -0.1543802650     5.2820771760
32
# Point -7 Energy = 0.0
C       20.8871796423     3.9466688934     7.3174362430
H       19.0576404567     3.7676585118     6.1811247725
C       19.6283036429     3.1811828781     6.9127168420
H       18.9658456556     3.0519122301     7.7783583453
H       20.6083565768     1.8924141739     5.4591025609
C       19.9405973071     1.8055602811     6.3253882333
H       19.0240675159     1.2920710048     6.0103286740
H       20.4469565469     1.1695123535     7.0597803823
H       21.5394094927     4.1162123705     6.4521340725
H       21.4698438213     3.3928746181     8.0637779659
H       20.6411428426     4.9244775749     7.7441805911
Si       16.3318775942     3.2569281719     4.4316879125
O       16.2823876656     4.8299085206     4.8560949657
O       17.8470627842     2.8773293904     3.9490469142
O       15.2951507336     2.9623100629     3.1981408387
O       15.9018795259     2.3545208784     5.7255575044
Si       16.5952638952     6.4285924772     4.6252888429
Si       13.9015865063     2.6601311323     2.3756842392
Si       18.8083669286     2.3553596540     2.7165161449
Si       15.3667833724     0.9004858764     6.2941362236
H       18.0274100993     6.6230806548     4.2392466551
H       15.7463386940     6.9171105559     3.4842420490
H       16.3340739963     7.2532094790     5.8690263147
H       12.7828479623     3.4404734686     2.9555885114
H       13.9843008911     3.0356116978     0.9268637466
H       18.5416067186     3.2304395398     1.5450908306
H       13.5612473019     1.2088348592     2.4803745888
H       18.4500053143     0.9507190650     2.3542112671
H       15.9430381998     0.5440431425     7.6380151536
H       13.8629121474     0.8314169092     6.4108772218
H       20.2881638974     2.4025344672     3.0277710942
H       15.8063328706     -0.1302828936     5.3193756582
32
# Point -6 Energy = 0.0
C       20.8580906122     3.9081448243     7.3441449278
H       19.0468204371     3.7452585457     6.1786893511
C       19.6056670955     3.1481062952     6.9105702069
H       18.9316484275     3.0088127064     7.7656817984
H       20.6059266779     1.8794828840     5.4532015084
C       19.9264383693     1.7805851463     6.3089832222
H       19.0155758349     1.2703818736     5.9727216615
H       20.4223806037     1.1342714563     7.0415014893
H       21.5241914843     4.0860546258     6.4912563656
H       21.4272474688     3.3458463490     8.0939077099
H       20.6051981997     4.8814505571     7.7770406539
Si       16.3437091851     3.2770284996     4.4288397472
O       16.2841479604     4.8527472003     4.8419739909
O       17.8582106292     2.9034365221     3.9380628618
O       15.3073374298     2.9675282137     3.1986663759
O       15.9263798789     2.3848320604     5.7335332723
Si       16.5796785682     6.4525170360     4.5962490388
Si       13.9116455232     2.6480430933     2.3863962622
Si       18.8114989179     2.3792486898     2.6998384589
Si       15.4150669433     0.9311100006     6.3236811865
H       18.0065339061     6.6574465117     4.1962225679
H       15.7162995751     6.9239864028     3.4589598630
H       16.3215306218     7.2845279272     5.8357847363
H       12.7892206105     3.4239171161     2.9654874294
H       13.9863481269     3.0141163089     0.9351989392
H       18.5274994458     3.2420283370     1.5229308636
H       13.5824545968     1.1949013281     2.5026174679
H       18.4608205706     0.9688788898     2.3527167862
H       16.0064240648     0.5931117308     7.6663406291
H       13.9136057699     0.8501876077     6.4541937819
H       20.2941384488     2.4403283448     2.9961965642
H       15.8562446160     -0.1050150846     5.3555756416
32
# Point -5 Energy = 0.0
C       20.8276640382     3.8684631640     7.3717821716
H       19.0358185564     3.7230814579     6.1764581281
C       19.5821067041     3.1148896322     6.9085338539
H       18.8960554803     2.9658424086     7.7523711245
H       20.6031157830     1.8663739777     5.4483888490
C       19.9114429323     1.7556644959     6.2928591531
H       19.0066109389     1.2494761011     5.9348210253
H       20.3962637721     1.0987788602     7.0233984965
H       21.5080888158     4.0544453925     6.5321045807
H       21.3824739617     3.2972001624     8.1248824019
H       20.5680017227     4.8372408402     7.8106959413
Si       16.3562316893     3.2977437138     4.4254098183
O       16.2866536628     4.8760827250     4.8271570367
O       17.8699068308     2.9302474215     3.9262047456
O       15.3194287375     2.9726022939     3.1996657196
O       15.9520745058     2.4156143479     5.7406953305
Si       16.5646883527     6.4766165021     4.5663886065
Si       13.9212729064     2.6350691017     2.3989896867
Si       18.8149666528     2.4037817207     2.6822320479
Si       15.4650049928     0.9626555241     6.3521634131
H       17.9859245041     6.6917243094     4.1519174950
H       15.6867497739     6.9308297795     3.4333091334
H       16.3098538227     7.3161742309     5.8016085817
H       12.7953914937     3.4062785748     2.9779175675
H       13.9867269398     2.9911099316     0.9453148948
H       18.5134633891     3.2540029147     1.5001285712
H       13.6039010896     1.1801855419     2.5275483817
H       18.4722600578     0.9878206142     2.3503785733
H       16.0717444528     0.6431095155     7.6930539267
H       13.9662259392     0.8699819597     6.4970133023
H       20.3002377923     2.4788386917     2.9632831322
H       15.9076303085     -0.0786239074     5.3904896697
32
# Point -4 Energy = 0.0
C       20.7956859780     3.8276661397     7.4004528097
H       19.0245825237     3.7011316478     6.1744703249
C       19.5575109052     3.0815721434     6.9066651220
H       18.8589103913     2.9230735604     7.7384109945
H       20.5999426254     1.8530795188     5.4448704776
C       19.8955840850     1.7308251242     6.2771453523
H       18.9972214387     1.2293759479     5.8967227361
H       20.3685253191     1.0630916905     7.0056170307
H       21.4909239927     4.0213873169     6.5748581828
H       21.3352450885     3.2470111421     8.1568149143
H       20.5292903724     4.7919030653     7.8452035307
Si       16.3695467819     3.3190174554     4.4212934380
O       16.2900394290     4.8998584320     4.8115439416
O       17.8822356495     2.9577383629     3.9133112546
O       15.3313817697     2.9775366661     3.2011816961
O       15.9791045950     2.4467907291     5.7469308713
Si       16.5504403314     6.5008246477     4.5356099161
Si       13.9303583224     2.6212899824     2.4137090565
Si       18.8188199532     2.4289643974     2.6635026425
Si       15.5167500160     0.9950364450     6.3794283612
H       17.9657104393     6.7258130263     4.1061951269
H       15.6578158410     6.9375923771     3.4072340765
H       16.2992391727     7.3480891010     5.7663991386
H       12.8013582026     3.3876684022     2.9932943353
H       13.9851568462     2.9666805613     0.9574884444
H       18.4994960889     3.2663729213     1.4765227048
H       13.6254719683     1.1648048041     2.5554024838
H       18.4843975515     1.0075529037     2.3469902943
H       16.1391807340     0.6939178204     7.7179675716
H       14.0209429489     0.8907302629     6.5392150908
H       20.3065060000     2.5180921819     2.9287855213
H       15.9606052385     -0.0511867770     5.4239279182
32
# Point -3 Energy = 0.0
C       20.7619324483     3.7858194292     7.4302383206
H       19.0130573577     3.6794149271     6.1727576282
C       19.5317719238     3.0482035393     6.9050118428
H       18.8200704642     2.8805911612     7.7237766217
H       20.5964278721     1.8395953928     5.4428545195
C       19.8788469232     1.7060999582     6.2619733381
H       18.9874776435     1.2101001601     5.8585352854
H       20.3391038192     1.0272816873     6.9883040474
H       21.4724985626     3.9869044894     6.6196734364
H       21.2852778919     3.1953876902     8.1897912475
H       20.4887863770     4.7455174825     7.8805895281
Si       16.3837499636     3.3407684214     4.4163951298
O       16.2944365911     4.9239937763     4.7950437479
O       17.8952767417     2.9858716652     3.8992337300
O       15.3431529014     2.9823388757     3.2032600084
O       16.0076023245     2.4782582935     5.7521333119
Si       16.5370821374     6.5250515237     4.5038265344
Si       13.9387986576     2.6068184074     2.4307924690
Si       18.8231099987     2.4547976172     2.6434706184
Si       15.5704429821     1.0281387482     6.4053227987
H       17.9460210128     6.7595832947     4.0589345919
H       15.6296286176     6.9442056860     3.3806898150
H       16.2898825882     7.3801906824     5.7300669587
H       12.8071348280     3.3682385753     3.0120310664
H       13.9813735221     2.9409649909     0.9720032193
H       18.4855954395     3.2791439544     1.4519704779
H       13.6470482853     1.1489092439     2.5863812040
H       18.4973199969     1.0280787403     2.3423530269
H       16.2088996396     0.7453872194     7.7408955861
H       14.0779167992     0.9123366686     6.5806755466
H       20.3129836423     2.5581196084     2.8924780293
H       16.0152726467     -0.0228099100     5.4557016740
32
# Point -2 Energy = 0.0
C       20.7261733622     3.7430115195     7.4611935083
H       19.0011865174     3.6579383370     6.1713432828
C       19.5047883513     3.0148427836     6.9036104376
H       18.7794111993     2.8384904719     7.7084330517
H       20.5925925076     1.8259214455     5.4425465754
C       19.8612289588     1.6815268670     6.2474733884
H       18.9774709285     1.1916624261     5.8203773707
H       20.3079589319     0.9914329978     6.9716034595
H       21.4525952169     3.9510432827     6.6666788963
H       21.2322901912     3.1424699548     8.2238661492
H       20.4462025190     4.6981891248     7.9168469666
Si       16.3989283212     3.3628922210     4.4106302311
O       16.2999698672     4.9483861512     4.7775764394
O       17.9091033081     3.0145970088     3.8838401343
O       15.3546982652     2.9870193292     3.2059492301
O       16.0376877549     2.5098903090     5.7562038962
Si       16.5247582696     6.5491857278     4.4709654244
Si       13.9465006573     2.5917959694     2.4504682576
Si       18.8278891863     2.4812780721     2.6219762869
Si       15.6262099379     1.0618222856     6.4296968459
H       17.9269830655     6.7928805928     4.0100341780
H       15.6023202961     6.9505833598     3.3536436483
H       16.2819751213     7.4123762641     5.6925339317
H       12.8127537655     3.3481791973     3.0345317321
H       13.9751332426     2.9141458426     0.9891468250
H       18.4717621852     3.2923174532     1.4263518336
H       13.6685107260     1.1326767763     2.6206493040
H       18.5111271557     1.0493961228     2.3362802715
H       16.2810489233     0.7973401165     7.7616562874
H       14.1372936009     0.9346803888     6.6212689591
H       20.3197069718     2.5989562396     2.8541622775
H       16.0717212945     0.0063733615     5.4856262793
32
# Point -1 Energy = 0.0
C       20.6881764967     3.6993535633     7.4933438443
H       18.9889129288     3.6367102684     6.1702413119
C       19.4764676054     2.9815572255     6.9024843652
H       18.7368303546     2.7968745763     7.6923347218
H       20.5884566427     1.8120624469     5.4441454705
C       19.8427406534     1.6571480262     6.2337715268
H       18.9673131135     1.1740702731     5.7823757565
H       20.2750732793     0.9556405515     6.9556523833
H       21.4309802248     3.9138739399     6.7159716117
H       21.1760061614     3.0884287581     8.2590596519
H       20.4012472262     4.6500473534     7.9539343081
Si       16.4151586280     3.3852629712     4.4039260088
O       16.3067544927     4.9729123413     4.7590744931
O       17.9237804525     3.0438519603     3.8670182962
O       15.3659741078     2.9915911234     3.2093006557
O       16.0694659862     2.5415380985     5.7590528745
Si       16.5136068581     6.5730963520     4.4369691735
Si       13.9533830483     2.5763906328     2.4729519340
Si       18.8332108605     2.5083977978     2.5988842031
Si       15.6841586793     1.0959225962     6.4524057408
H       17.9087182184     6.8255282627     3.9594149537
H       15.5760218134     6.9566234470     3.3260764168
H       16.2756983386     7.4445233906     5.6537356449
H       12.8182675134     3.3277153996     3.0611842634
H       13.9662164994     2.8864494281     1.0092081952
H       18.4580024793     3.3058898645     1.3995727189
H       13.6897423081     1.1163084063     2.6583323453
H       18.5259303497     1.0714979692     2.3286019242
H       16.3557531261     0.8495732221     7.7800748000
H       14.1992019841     0.9576170034     6.6608681637
H       20.3267072288     2.6406405346     2.8136738169
H       16.1300229406     0.0362042160     5.5135237855
32
# Point 0 Energy = 0
C       20.6477110000     3.6549790000     7.5266840000
H       18.9761800000     3.6157410000     6.1694560000
C       19.4467280000     2.9484220000     6.9016430000
H       18.6922510000     2.7558520000     7.6754250000
H       20.5840390000     1.7980300000     5.4478400000
C       19.8234060000     1.6330100000     6.2209870000
H       18.9571360000     1.1573250000     5.7446630000
H       20.2404540000     0.9200090000     6.9405780000
H       21.4074060000     3.8754920000     6.7676150000
H       21.1161610000     3.0334640000     8.2953550000
H       20.3536290000     4.6012450000     7.9917750000
Si       16.4325060000     3.4077350000     4.3962220000
O       16.3148940000     4.9974300000     4.7394840000
O       17.9393640000     3.0735620000     3.8486780000
O       15.3769370000     2.9960700000     3.2133680000
O       16.1030250000     2.5730330000     5.7606000000
Si       16.5037570000     6.5966350000     4.4017980000
Si       13.9593780000     2.5607940000     2.4984440000
Si       18.8391290000     2.5361430000     2.5740860000
Si       15.7443760000     1.1302530000     6.4733110000
H       17.8913405600     6.8573308000     3.9070238400
H       15.5508605600     6.9622108000     3.2979838400
H       16.2712205600     7.4764908000     5.6136238400
H       12.8237502400     3.3071035200     3.0923555200
H       13.9544302400     2.8581435200     1.0324755200
H       18.4443303200     3.3198514400     1.3715668800
H       13.7106302400     1.1000235200     2.6995155200
H       18.5418503200     1.0943714400     2.3191668800
H       16.4331100800     0.9018602400     7.7959848800
H       14.2637500800     0.9809802400     6.6993448800
H       20.3340103200     2.6832114400     2.7708868800
H       16.1902300800     0.0665002400     5.5392248800
32
# Point 1 Energy = 0.0
C       20.6045599887     3.6100084116     7.5611745509
H       18.9629367098     3.5950347871     6.1689838442
C       19.4154992555     2.9155009867     6.9010779468
H       18.6456229767     2.7155197180     7.6576347193
H       20.5793370577     1.7838214058     5.4537920260
C       19.8032440269     1.6091447593     6.2092180327
H       18.9470642638     1.1414146688     5.7073633500
H       20.2041092006     0.8846236617     6.9264776948
H       21.3816232739     3.8359814202     6.8216332383
H       21.0525104499     2.9777587412     8.3326901553
H       20.3030818653     4.5519231903     8.0302622154
Si       16.4510198270     3.4301757474     4.3874779129
O       16.3244676831     5.0218110499     4.7187668508
O       17.9558951764     3.1036703968     3.8287582092
O       15.3875586621     3.0004676288     3.2182127495
O       16.1384331895     2.6042204809     5.7607836846
Si       16.4953092945     6.6196691971     4.3654266754
Si       13.9644605765     2.5451773589     2.5271278643
Si       18.8456909396     2.5645187282     2.5475079290
Si       15.8069302044     1.1646382608     6.4922925581
H       17.8749373700     6.8881127676     3.8528326568
H       15.5269412775     6.9672423506     3.2693697368
H       16.2686704737     7.5081543796     5.5721600046
H       12.8293103851     3.2865794411     3.1283615770
H       13.9396473246     2.8294675485     1.0592291879
H       18.4307603561     3.3342066359     1.3423006010
H       13.7311161141     1.0840135224     2.7442670025
H       18.5590077683     1.1180223491     2.3078555702
H       16.5131928926     0.9539909894     7.8092425140
H       14.3310280103     1.0046093326     6.7365804181
H       20.3416297376     2.7267325855     2.7257200941
H       16.2523842681     0.0970894979     5.5625837893
32
# Point 2 Energy = 0.0
C       20.5585083455     3.5645789412     7.5967526008
H       18.9491324659     3.5745976846     6.1688146400
C       19.3827198817     2.8828626643     6.9007698230
H       18.5969172538     2.6759746043     7.6388854085
H       20.5743442585     1.7694417597     5.4621550619
C       19.7822827076     1.5855871904     6.1985565560
H       18.9372361976     1.1263215209     5.6706042911
H       20.1660646468     0.8495751168     6.9134392263
H       21.3533715078     3.7954480555     6.8780254233
H       20.9848200957     2.9215161101     8.3709739270
H       20.2493416611     4.5022397300     8.0692633364
Si       16.4707411528     3.4524399974     4.3776614542
O       16.3355447762     5.0459147182     4.6968952003
O       17.9734074062     3.1341119586     3.8072129619
O       15.3978133926     3.0047973055     3.2239004970
O       16.1757456423     2.6349333732     5.7595481596
Si       16.4883549122     6.6420558608     4.3278445707
Si       13.9686217058     2.5297255174     2.5591789066
Si       18.8529426470     2.5935256410     2.5190941826
Si       15.8718724760     1.1988888354     6.5092345363
H       17.8595877205     6.9176894856     3.7968350033
H       15.5043633708     6.9716081562     3.2402499908
H       16.2681628454     7.5393764530     5.5293198384
H       12.8350821566     3.2663967329     3.1695022480
H       13.9217649083     2.8006886972     1.0897552205
H       18.4173137255     3.3489555133     1.3117584363
H       13.7511514086     1.0684763594     2.7926298337
H       18.5775257133     1.1424534933     2.2945588001
H       16.5960524195     1.0057410965     7.8197102893
H       14.4011090269     1.0283288024     6.7724538870
H       20.3495727195     2.7712659600     2.6781194858
H       16.3165114522     0.1277846653     5.5834615633
32
# Point 3 Energy = 0.0
C       20.5093480689     3.5188883460     7.6333202725
H       18.9347149976     3.5544465278     6.1689247396
C       19.3483484719     2.8506003628     6.9006860929
H       18.5461431934     2.6373263637     7.6190918877
H       20.5690703820     1.7549321717     5.4730757559
C       19.7605851219     1.5623958491     6.1890945549
H       18.9278334316     1.1120256754     5.6345296070
H       20.1264035090     0.8149901315     6.9015520086
H       21.3223781711     3.7540718176     6.9367488099
H       20.9128838515     2.8650147913     8.4100785112
H       20.1921397992     4.4524118799     8.1086026849
Si       16.4916975439     3.4743331986     4.3667480024
O       16.3481856410     5.0695498109     4.6738594362
O       17.9919236448     3.1647758731     3.7840189142
O       15.4076638850     3.0090823089     3.2304920252
O       16.2149919534     2.6649560879     5.7568423260
Si       16.4829841441     6.6636053345     4.2890721376
Si       13.9718452057     2.5146853008     2.5947448583
Si       18.8609326477     2.6231261388     2.4888172269
Si       15.9392164515     1.2327656627     6.5240236134
H       17.8453732859     6.9458286738     3.7390661836
H       15.4832320604     6.9751655851     3.2106689025
H       16.2698092355     7.5699640105     5.4851144575
H       12.8412183566     3.2468821602     3.2160562108
H       13.9006853780     2.7721856910     1.1243325519
H       18.4040313463     3.3640649572     1.2799531136
H       13.7706463701     1.0536614205     2.8445707184
H       18.5975313008     1.1676324278     2.2791805585
H       16.6816931974     1.0568331614     7.8272575978
H       14.4740272436     1.0519191151     6.8068371330
H       20.3578434604     2.8168347704     2.6280790803
H       16.3825992498     0.1583463938     5.6017253866
32
# Point 4 Energy = 0.0
C       20.4568947745     3.4731573491     7.6707409640
H       18.9196376841     3.5346026383     6.1692780154
C       19.3123666757     2.8188136225     6.9007763182
H       18.4933516610     2.5996800361     7.5981598708
H       20.5635249438     1.7403519645     5.4866753225
C       19.7382333965     1.5396363265     6.1809080529
H       18.9190554538     1.0985023673     5.5992826914
H       20.0852454550     0.7810037887     6.8908853408
H       21.2883756594     3.7120676196     6.9977129513
H       20.8365370661     2.8085586863     8.4498306528
H       20.1312330943     4.4026780122     8.1480657261
Si       16.5138972792     3.4956457226     4.3547291484
O       16.3624274834     5.0925095124     4.6496720304
O       18.0114502113     3.1955343015     3.7591847020
O       15.4170757060     3.0133498069     3.2380461405
O       16.2561714509     2.6940605059     5.7526302345
Si       16.4792651390     6.6841166402     4.2491602423
Si       13.9741365334     2.5003194222     2.6339386513
Si       18.8697041187     2.6532662415     2.4566882632
Si       16.0089376380     1.2660166024     6.5365633005
H       17.8323572792     6.9722922063     3.6796047130
H       15.4636374432     6.9777664127     3.1806943948
H       16.2736898007     7.5997060058     5.4395874450
H       12.8479001612     3.2283787697     3.2682450756
H       13.8763579009     2.7443773562     1.1632184106
H       18.3909672804     3.3794873192     1.2469317131
H       13.7895186447     1.0398210313     2.8999993563
H       18.6191429900     1.1935130079     2.2616546566
H       16.7700718667     1.1069791726     7.8317770090
H       14.5497766559     1.0751475893     6.8396072708
H       20.3664371073     2.8634424337     2.5756505592
H       16.4506020458     0.1885195285     5.6172661365
32
# Point 5 Energy = 0.0
C       20.4009964973     3.4276277768     7.7088374615
H       18.9038616486     3.5150921741     6.1698252984
C       19.2747833571     2.7876069025     6.9009716585
H       18.4386397805     2.5631324569     7.5759879799
H       20.5577179752     1.7257813124     5.5030443296
C       19.7153301588     1.5173815980     6.1740545604
H       18.9111176132     1.0857228649     5.5650049714
H       20.0427499456     0.7477583121     6.8814859160
H       21.2511097695     3.6696859129     7.0607750953
H       20.7556679043     2.7524732248     8.4900099947
H       20.0664138544     4.3532946597     8.1873987371
Si       16.5373266933     3.5161557198     4.3416142890
O       16.3782804378     5.1145739577     4.6243704284
O       18.0319743130     3.2262414873     3.7327538915
O       15.4260185705     3.0176312551     3.2466172829
O       16.2992487997     2.7220101781     5.7468937046
Si       16.4772393469     6.7033808634     4.2081940269
Si       13.9755254110     2.4869025464     2.6768300245
Si       18.8792921149     2.6838724150     2.4227604467
Si       16.0809679322     1.2983814423     6.5467787955
H       17.8205806399     6.9968419278     3.6185771837
H       15.4456501505     6.9792600572     3.1504204285
H       16.2798472402     7.6283753363     5.3928200482
H       12.8553372601     3.2112384579     3.3262188993
H       13.8487867880     2.7177196825     1.2066379844
H       18.3781886339     3.3951581997     1.2127768447
H       13.8076940157     1.0272049153     2.9587624830
H       18.6424631570     1.2200328024     2.2419487540
H       16.8610905844     1.1558869042     7.8331905690
H       14.6283045555     1.0977733231     6.8706504307
H       20.3753385934     2.9110657951     2.5209479590
H       16.5204368576     0.2180375382     5.6300048825
32
# Point 6 Energy = 0.0
C       20.3415425761     3.3825579864     7.7473919049
H       18.8873581258     3.4959462598     6.1705043704
C       19.2356381593     2.7570874214     6.9011851152
H       18.3821540604     2.5277682010     7.5524703166
H       20.5516608971     1.7113230909     5.5222378726
C       19.6919990279     1.4957119368     6.1685706814
H       18.9042477341     1.0736562570     5.5318336175
H       19.9991176693     0.7154008774     6.8733756137
H       21.2103493407     3.6272100240     7.1257376840
H       20.6702278848     2.6970981727     8.5303495880
H       19.9975203770     4.3045307382     8.2263105898
Si       16.5619480089     3.5356339003     4.3274316873
O       16.3957241087     5.1355147956     4.5980192021
O       18.0534621010     3.2567342898     3.7048068071
O       15.4344678554     3.0219626216     3.2562527863
O       16.3441505883     2.7485665019     5.7396347049
Si       16.4769171507     6.7211864322     4.1662956052
Si       13.9760679600     2.4747149260     2.7234376241
Si       18.8897206742     2.7148493645     2.3871307754
Si       16.1551915212     1.3295991252     6.5546219093
H       17.8100582382     7.0192475289     3.5561612742
H       15.4293167638     6.9794981233     3.1199684152
H       16.2882812576     7.6557330304     5.3449353137
H       12.8637661381     3.1958108854     3.3900423639
H       13.8180391736     2.6926988175     1.2547732261
H       18.3657744690     3.4109952520     1.1776062770
H       13.8251075705     1.0160529591     3.0206403819
H       18.6675701326     1.2471112579     2.2200680258
H       16.9545922521     1.2032686998     7.8314560626
H       14.7095062824     1.1195543321     6.8998661191
H       20.3845219889     2.9596490149     2.4641501337
H       16.5919805124     0.2466291762     5.6398993111
32
# Point 7 Energy = 0.0
C       20.2784721262     3.3382159076     7.7861474625
H       18.8701107905     3.4772006163     6.1712405617
C       19.1950041482     2.7273621243     6.9013126264
H       18.3240916877     2.4936553345     7.5274997772
H       20.5453670448     1.6971032504     5.5442713253
C       19.6683838159     1.4747140499     6.1644701760
H       18.8986811139     1.0622715547     5.4998990593
H       19.9545897786     0.6840803355     6.8665499387
H       21.1658964345     3.5849503582     7.1923476777
H       20.5802411385     2.6427776271     8.5705384362
H       19.9244473094     4.2566594114     8.2644764643
Si       16.5876978083     3.5538499409     4.3122290388
O       16.4147048314     5.1551014879     4.5707112447
O       18.0758573778     3.2868342666     3.6754611425
O       15.4424063193     3.0263843797     3.2669900342
O       16.3907631258     2.7734965759     5.7308774743
Si       16.4782740622     6.7373259222     4.1236251539
Si       13.9758482552     2.4640341466     2.7737220447
Si       18.9009999978     2.7460791248     2.3499405509
Si       16.2314425078     1.3594167727     6.5600759420
H       17.8007754777     7.0392958106     3.4925864269
H       15.4146553997     6.9783398415     3.0894872462
H       16.2989439775     7.6815345024     5.2961004982
H       12.8734464792     3.1824297758     3.4596823346
H       13.7842517613     2.6698203760     1.3077514796
H       18.3538136666     3.4268981621     1.1415711050
H       13.8417052068     1.0065870219     3.0853460257
H       18.6945104113     1.2746488623     2.1960583287
H       17.0503579841     1.2488521485     7.8265730243
H       14.7932217049     1.1402564340     6.9271721263
H       20.3939503494     3.0090988898     2.4055007406
H       16.6650685080     0.2740269880     5.6469498925
32
# Point 8 Energy = 0.0
C       20.2117810988     3.2948697455     7.8248121621
H       18.8521177637     3.4588946184     6.1719481055
C       19.1529889392     2.6985338543     6.9012351927
H       18.2646992474     2.4608413477     7.5009720241
H       20.5388515960     1.6832692981     5.5691172515
C       19.6446460413     1.4544793253     6.1617427857
H       18.8946538069     1.0515400056     5.4693224274
H       19.9094442369     0.6539428801     6.8609774350
H       21.1175961697     3.5432352071     7.2602984262
H       20.4858110514     2.5898474223     8.6102265423
H       19.8471547833     4.2099477712     8.3015438380
Si       16.6144865496     3.5705803912     4.2960732584
O       16.4351342131     5.1731092483     4.5425675159
O       18.0990813351     3.3163515262     3.6448708583
O       15.4498258807     3.0309411918     3.2788538280
O       16.4389321037     2.7965824512     5.7206699922
Si       16.4812481107     6.7516041652     4.0803797265
Si       13.9749788751     2.4551252159     2.8275809961
Si       18.9131240813     2.7774218498     2.3113738667
Si       16.3095050775     1.3876001334     6.5631598887
H       17.7926858365     7.0568008092     3.4281313438
H       15.4016520344     6.9756581609     3.0591514575
H       16.3117371493     7.7055378455     5.2465269015
H       12.8846554837     3.1713972032     3.5349987240
H       13.7476354204     2.6495949656     1.3656352475
H       18.3424018027     3.4427500819     1.1048521452
H       13.8574453792     0.9990022754     3.1525279630
H       18.7232918759     1.3025276402     2.1700082993
H       17.1481078130     1.2923921112     7.8185876861
H       14.8792343616     1.1596635127     6.9525095591
H       20.4035762883     3.0592823670     2.3453049583
H       16.7394961934     0.2999773787     5.6512049533
32
# Point 9 Energy = 0.0
C       20.1415268741     3.2527768384     7.8630651063
H       18.8333929830     3.4410697972     6.1725323206
C       19.1097337953     2.6706969940     6.9008221060
H       18.2042683365     2.4293497745     7.4727899071
H       20.5321307250     1.6699866778     5.5967040602
C       19.6209605459     1.4351012245     6.1603541210
H       18.8923943791     1.0414374731     5.4402131136
H       19.8639888914     0.6251269256     6.8566003736
H       21.0653451532     3.5023984109     7.3292346058
H       20.3871230029     2.5386207260     8.6490326664
H       19.7656751073     4.1646449615     8.3371408214
Si       16.6421994822     3.5856176271     4.2790492656
O       16.4568894777     5.1893281783     4.5137349605
O       18.1230336358     3.3450903072     3.6132230039
O       15.4567292521     3.0356812387     3.2918543358
O       16.4884646556     2.8176311314     5.7090844099
Si       16.4857390601     6.7638471106     4.0367893165
Si       13.9736000583     2.4482296285     2.8848477405
Si       18.9260691861     2.8087185127     2.2716537251
Si       16.3891168160     1.4139446820     6.5639312762
H       17.7857099079     7.0716138935     3.3631177442
H       15.3902581991     6.9713460300     3.0291572394
H       16.3265119500     7.7275137466     5.1964664597
H       12.8976801452     3.1629670643     3.6157405986
H       13.7084764267     2.6325204970     1.4284145945
H       18.3316372391     3.4584206308     1.0676544407
H       13.8723008790     0.9934588519     3.2217777075
H       18.7538789342     1.3306131552     2.1420497922
H       17.2475053682     1.3336830976     7.8075959731
H       14.9672740192     1.1775884174     6.9758474214
H       20.4133434294     3.1100268372     2.2839224156
H       16.8150226841     0.3242515586     5.6527637373
32
# Point 10 Energy = 0.0
C       20.0678295125     3.2121716205     7.9005649700
H       18.8139666654     3.4237679115     6.1728925799
C       19.0654104086     2.6439330233     6.8999351984
H       18.1431279263     2.3991780523     7.4428680210
H       20.5252199254     1.6574331402     5.6269168556
C       19.5975092972     1.4166720211     6.1602468168
H       18.8921146364     1.0319467015     5.4126666832
H       19.8185513697     0.5977576857     6.8533368898
H       21.0090974441     3.4627647237     7.3987603629
H       20.2844422722     2.4893731413     8.6865546244
H       19.6801159262     4.1209698293     8.3708865419
Si       16.6706991599     3.5987790951     4.2612576812
O       16.4798159709     5.2035728333     4.4843824553
O       18.1475949984     3.3728559160     3.5807323623
O       15.4631312020     3.0406551986     3.3059859728
O       16.5391340629     2.8364843574     5.6962161485
Si       16.4916099492     6.7739106049     3.9931100583
Si       13.9718772059     2.4435543964     2.9452936485
Si       18.9397934714     2.8397954533     2.2310356704
Si       16.4699753951     1.4382862578     6.5624869853
H       17.7797363978     7.0836326982     3.2979003374
H       15.3803906130     6.9653222404     2.9997163077
H       16.3430719748     7.7472562091     5.1462048343
H       12.9128078701     3.1573294085     3.7015490170
H       13.6671334226     2.6190625533     1.4960035622
H       18.3216167646     3.4737703495     1.0302000472
H       13.8862603716     0.9900747576     3.2926417655
H       18.7861903313     1.3587579710     2.1123561799
H       17.3481667536     1.3725706352     7.7937437642
H       15.0570229853     1.1938834230     6.9971860940
H       20.4231887746     3.1611234572     2.2217562860
H       16.8913775408     0.3466563339     5.6517766381
32
# Point 11 Energy = 0.0
C       19.9908691842     3.1732539858     7.9369603011
H       18.7938846988     3.4070288188     6.1729258943
C       19.0202154175     2.6183065528     6.8984338587
H       18.0816338343     2.3702971030     7.4111370100
H       20.5181316151     1.6457915371     5.6596006645
C       19.5744737974     1.3992792403     6.1613430068
H       18.8940001173     1.0230592756     5.3867633628
H       19.7734664585     0.5719420987     6.8510845588
H       20.9488672339     3.4246342761     7.4684503230
H       20.1781068162     2.4423289843     8.7223815257
H       19.5906591389     4.0790994906     8.4024028990
Si       16.6998295223     3.6099158897     4.2428115238
O       16.5037318886     5.2156912253     4.4546949532
O       18.1726312172     3.3994623635     3.5476341561
O       15.4690592372     3.0459149337     3.3212274616
O       16.5906869596     2.8530270488     5.6821815395
Si       16.4986911628     6.7816880996     3.9496149226
Si       13.9699966924     2.4412622374     3.0086351606
Si       18.9542379545     2.8704703902     2.1897992078
Si       16.5517483113     1.4605099635     6.5589616223
H       17.7746252989     7.0928077230     3.2328535985
H       15.3719331118     6.9575361561     2.9710480277
H       16.3611796005     7.7645929726     5.0960512787
H       12.9303161407     3.1545974986     3.7919672156
H       13.6240297150     2.6096346613     1.5682415231
H       18.3124312161     3.4886562449     0.9927195819
H       13.8993294051     0.9889209879     3.3646376496
H       18.8201000822     1.3868062679     2.0811382892
H       17.4496731906     1.4089601312     7.7772239330
H       15.1481259502     1.2084490198     7.0165591116
H       20.4330458585     3.2123333038     2.1592391106
H       16.9682697725     0.3670435178     5.6484420882
32
# Point 12 Energy = 0.0
C       19.9108798636     3.1361794593     7.9719008125
H       18.7732069618     3.3908884393     6.1725308271
C       18.9743630857     2.5938623948     6.8961804141
H       18.0201561682     2.3426529173     7.3775472310
H       20.5108723009     1.6352417686     5.6945658843
C       19.5520268192     1.3830022388     6.1635479676
H       18.8982012987     1.0147771021     5.3625672632
H       19.7290621344     0.5477647691     6.8497251702
H       20.8847278650     3.3882678511     7.5378626433
H       20.0685154119     2.3976504432     8.7561069841
H       19.4975554585     4.0391602476     8.4313267253
Si       16.7294212526     3.6189196958     4.2238321788
O       16.5284349459     5.2255722349     4.4248663193
O       18.1979983034     3.4247398445     3.5141753937
O       15.4745535600     3.0515119950     3.3375431489
O       16.6428524616     2.8671933315     5.6671141094
Si       16.5067868636     6.7871163495     3.9065827331
Si       13.9681602100     2.4414640766     3.0745447337
Si       18.9693287482     2.9005592465     2.1482376587
Si       16.6340848298     1.4805561435     6.5535233325
H       17.7702131436     7.0991456553     3.1683565408
H       15.3647409069     6.9479707538     2.9433705326
H       16.3805653942     7.7793944292     5.0463261412
H       12.9504621462     3.1547992811     3.8864576112
H       13.5796412341     2.6045805532     1.6448996765
H       18.3041615241     3.5029378626     0.9554432796
H       13.9115306551     0.9900195419     3.4372724674
H       18.8554415032     1.4145990893     2.0486380889
H       17.5515863275     1.4428219185     7.7582701326
H       15.2402025280     1.2212398817     7.0340328228
H       20.4428484053     3.2633956986     2.0968164851
H       17.0453982886     0.3853167855     5.6430000507
32
# Point 13 Energy = 0.0
C       19.8281399491     3.1010523978     8.0050486698
H       18.7520047410     3.3753771131     6.1716113920
C       18.9280768847     2.5706241077     6.8930454013
H       17.9590659587     2.3161701337     7.3420714531
H       20.5034397078     1.6259527767     5.7315954602
C       19.5303243607     1.3679093647     6.1667546059
H       18.9048264431     1.0071132849     5.3401263956
H       19.6856457150     0.5252854690     6.8491302754
H       20.8168073657     3.3538746773     7.6065529505
H       19.9561123887     2.3554309998     8.7873421433
H       19.4011151465     4.0012220385     8.4573212799
Si       16.7592979037     3.6257273146     4.2044450434
O       16.5537103840     5.2331505871     4.3950915996
O       18.2235482360     3.4485411878     3.4806056757
O       15.4796662590     3.0574960823     3.3548854436
O       16.6953523154     2.8789693821     5.6511598280
Si       16.5156832380     6.7901784223     3.8642866607
Si       13.9665781140     2.4442147222     3.1426646762
Si       18.9849803142     2.9298829884     2.1066473759
Si       16.7166288951     1.4984226223     6.5463673381
H       17.7663199014     7.1027089314     3.1047770885
H       15.3586468472     6.9366436390     2.9168918008
H       16.4009397498     7.7915799918     4.9973473095
H       12.9734733595     3.1578743634     3.9844239566
H       13.5344811658     2.6041603262     1.7256920612
H       18.2968755507     3.5164832214     0.9185924130
H       13.9229032911     0.9933446099     3.5100621508
H       18.8920138291     1.4419795728     2.0151205931
H       17.6534646420     1.4741916639     7.7371477889
H       15.3328612055     1.2322672000     7.0497038160
H       20.4525340866     3.3140377006     2.0349301341
H       17.1224626511     0.4014351072     5.6357225790
32
# Point 14 Energy = 0.0
C       19.7429609057     3.0679229977     8.0360887865
H       18.7303575544     3.3605185856     6.1700805959
C       18.8815808786     2.5485942260     6.8889122708
H       17.8987223078     2.2907572981     7.3047064071
H       20.4958203148     1.6180754582     5.7704530726
C       19.5094987004     1.3540560312     6.1708483450
H       18.9139368074     1.0000923357     5.3194734259
H       19.6434915953     0.5045384896     6.8491669704
H       20.7452811827     3.3216040745     7.6740878979
H       19.8413706508     2.3156938608     8.8157273898
H       19.3016959891     3.9652970777     8.4800861000
Si       16.7892821678     3.6303223536     4.1847752979
O       16.5793395106     5.2384089084     4.3655595588
O       18.2491347142     3.4707465733     3.4471683529
O       15.4844598039     3.0639135966     3.3731980570
O       16.7479110104     2.8883927930     5.6344717932
Si       16.5251577329     6.7909037492     3.8229834528
Si       13.9654623877     2.4495120947     3.2126223089
Si       19.0010992978     2.9582736945     2.0653173303
Si       16.7990316418     1.5141629352     6.5377078241
H       17.7627568385     7.1036116383     3.0424577284
H       15.3534690519     6.9236060191     2.8918016860
H       16.4220056030     7.8011212551     4.9494170935
H       12.9995398968     3.1636767601     4.0852361844
H       13.4890827711     2.6085418226     1.8102897445
H       18.2906259351     3.5291739814     0.8823718784
H       13.9335014857     0.9988267092     3.5825492639
H       18.9295905242     1.4687975401     1.9808647016
H       17.7548792194     1.5031660178     7.7141431863
H       15.4257132144     1.2415970953     7.0636943300
H       20.4620479528     3.3639836287     1.9740019700
H       17.1991729529     0.4154123990     5.6269023551
32
# Point 15 Energy = 0.0
C       19.6556752188     3.0367882872     8.0647373402
H       18.7083497545     3.3463297424     6.1678633566
C       18.8350917831     2.5277561155     6.8836811670
H       17.8394612142     2.2663132413     7.2654731472
H       20.4879876765     1.6117371767     5.8108915379
C       19.4896532433     1.3414838672     6.1757119482
H       18.9255445879     0.9937497281     5.3006270168
H       19.6028317410     0.4855338280     6.8497033856
H       20.6703631325     3.2915416622     7.7400572215
H       19.7247747985     2.2783953752     8.8409418775
H       19.1996898732     3.9313427070     8.4993645237
Si       16.8192016846     3.6327340802     4.1649442046
O       16.6051079401     5.2413768274     4.3364462430
O       18.2746183393     3.4912661156     3.4140928144
O       15.4890050104     3.0708063942     3.3924196055
O       16.8002648814     2.8955486812     5.6172048845
Si       16.5349883604     6.7893653981     3.7829044949
Si       13.9650198694     2.4572998421     3.2840447611
Si       19.0175884511     2.9855792589     2.0245199560
Si       16.8809623001     1.5278808828     6.5277690120
H       17.7593345455     7.1020123970     2.9817038579
H       15.3490191137     6.9089399180     2.8682657209
H       16.4434709776     7.8080417932     4.9028109230
H       13.0288091997     3.1719828101     4.1882551959
H       13.4439820788     2.6177977349     1.8983364299
H       18.2854489748     3.5409093728     0.8469645253
H       13.9433922195     1.0063591113     3.6543176180
H       18.9679282165     1.4949129676     1.9461538016
H       17.8554274047     1.5298941023     7.6895517705
H       15.5183849695     1.2493453902     7.0761461594
H       20.4713451617     3.4129635948     1.9144204818
H       17.2752578776     0.4273135963     5.6168403774
