32
# Point -15 Energy = 0.0
C       20.3669627809     3.7707300263     7.2152200367
H       18.6407259885     3.8156147378     5.9091077551
C       19.2172692371     3.0774960144     6.4848172927
H       18.5210400192     2.6568286643     7.2259082979
H       20.3366156582     2.3672388287     4.7584561021
C       19.7049835630     1.9596325345     5.5601293788
H       18.8713201465     1.4322798866     5.0852707825
H       20.3083650044     1.2307969928     6.1150265073
H       21.0836650862     4.1952320355     6.5003449591
H       20.9075298585     3.0584074279     7.8466658283
H       20.0068292116     4.5844360347     7.8551987062
Si       16.0457488857     3.2349280062     4.2544928723
O       16.4261780669     4.7851782057     4.5452745881
O       17.3330400868     2.3547147804     3.8133894292
O       14.8479805808     3.1649710433     3.1492921523
O       15.4960394340     2.5464163341     5.6179477999
Si       16.8092722007     6.3343069614     4.8687819380
Si       13.7453794623     2.5165717559     2.1243821714
Si       18.9011497615     2.2066658820     3.3670914035
Si       16.1445628228     1.4110454248     6.6277190179
H       18.0794385462     6.1190137042     4.2630974131
H       16.0760105109     7.5128747279     4.1559709397
H       16.9993688585     6.8443725304     6.3336249242
H       12.4747503558     2.9482595853     2.6833987269
H       13.9093246269     3.1208817632     0.7747825890
H       19.6407850226     2.6454931354     2.0301299986
H       13.7159069179     1.0017978447     1.9682264926
H       18.4599875921     0.9190007264     3.3599453613
H       17.1646198628     1.8753889590     7.6399827438
H       14.8892556540     1.1132632486     7.2337858470
H       20.0032311309     2.4732074638     4.4095171635
H       16.7406436661     0.1962567338     5.9501861412
32
# Point -14 Energy = 0.0
C       20.3876347074     3.7610848548     7.2451706236
H       18.6691498386     3.7994572583     5.9299565827
C       19.2314379569     3.0671353610     6.5260457431
H       18.5257297973     2.6748250928     7.2729654410
H       20.3525398614     2.2995475706     4.8265833423
C       19.7063403132     1.9213049264     5.6303489189
H       18.8672890246     1.3988320586     5.1593043422
H       20.2906787178     1.1935194373     6.2058954159
H       21.1126649226     4.1590724964     6.5240330895
H       20.9161450678     3.0570555584     7.8954177800
H       20.0359743492     4.5940172634     7.8641021855
Si       16.0739571003     3.2462597282     4.2701666002
O       16.4395020657     4.8016686615     4.5551101129
O       17.3729005928     2.3819402157     3.8279650859
O       14.8866673299     3.1650095954     3.1539408570
O       15.5260690624     2.5634973053     5.6380041916
Si       16.8022293040     6.3676446032     4.8139514861
Si       13.7511417635     2.5121920032     2.1688459167
Si       18.9114826106     2.2650123070     3.2865027417
Si       16.0989142769     1.3636895005     6.6136313288
H       18.0897379933     6.1749734856     4.2266494682
H       16.0422674509     7.4869641726     4.0480785507
H       16.9624122234     6.9294004516     6.2588938634
H       12.4929680658     2.9782236205     2.7325940551
H       13.8980694360     3.0711712150     0.7981279107
H       19.5299890372     2.7670805057     1.9243790560
H       13.7006522407     0.9962124390     2.0634165894
H       18.5276721094     0.9515826819     3.2580994373
H       17.1099150924     1.7468785021     7.6647101592
H       14.8230764285     1.0695299867     7.1895531396
H       20.0635953445     2.5413713254     4.2653428239
H       16.6691765150     0.1671478162     5.8893785210
32
# Point -13 Energy = 0.0
C       20.4051583389     3.7763010619     7.2523661211
H       18.6955624450     3.7953635081     5.9266222627
C       19.2425713087     3.0757353641     6.5505667443
H       18.5268971279     2.7201666396     7.3052380736
H       20.3653251031     2.2342079218     4.8895239316
C       19.7041196692     1.8941986331     5.6970865472
H       18.8599349755     1.3725395224     5.2341081004
H       20.2682588975     1.1743415951     6.3009433707
H       21.1390346687     4.1396224138     6.5228602699
H       20.9206206459     3.0878758509     7.9284712749
H       20.0623741674     4.6337913104     7.8406893077
Si       16.1024350093     3.2540596898     4.2632833621
O       16.4525501917     4.8172853874     4.5257582379
O       17.4134906290     2.4011446799     3.8309525161
O       14.9272775474     3.1480452176     3.1360439652
O       15.5546653545     2.5917286248     5.6417623688
Si       16.8128792125     6.3786803365     4.8195699819
Si       13.7602407668     2.4872166109     2.1945159901
Si       18.9162212589     2.2955476685     3.1985268327
Si       16.0456745125     1.3459627104     6.6002546727
H       18.1225897126     6.2253486235     4.2606287159
H       16.0539881975     7.4954832350     4.0559922590
H       16.9291830619     6.9023984952     6.2785810849
H       12.5149281949     2.9948756611     2.7544927655
H       13.8929886101     2.9879937801     0.8007410269
H       19.4161920398     2.8357400844     1.8148399857
H       13.6866231005     0.9722292302     2.1529929119
H       18.5788509214     0.9612665969     3.1608127184
H       17.0405284931     1.6631502486     7.6859137674
H       14.7475687644     1.0664757433     7.1449440789
H       20.1157093711     2.5867329075     4.1080750715
H       16.5935383025     0.1577926473     5.8500070426
32
# Point -12 Energy = 0.0
C       20.4315090152     3.7639285695     7.2812986073
H       18.7283686086     3.7773118180     5.9484566384
C       19.2625175116     3.0639339415     6.5898862420
H       18.5391908227     2.7343111778     7.3484273168
H       20.3846921365     2.1723146751     4.9556156268
C       19.7109333090     1.8591860282     5.7631135577
H       18.8619016528     1.3427676996     5.3028163649
H       20.2571248112     1.1412825785     6.3849779562
H       21.1719899535     4.1030793208     6.5472852395
H       20.9364258586     3.0838344475     7.9733070416
H       20.0973693418     4.6373153242     7.8503121383
Si       16.1363918772     3.2642073474     4.2780998890
O       16.4673970655     4.8327343923     4.5364334641
O       17.4607908284     2.4313560402     3.8436410301
O       14.9720879701     3.1430564614     3.1406741215
O       15.5924747342     2.6040041276     5.6598880026
Si       16.7891517949     6.4122658741     4.7705346472
Si       13.7743278034     2.4883528895     2.2341594234
Si       18.9205784157     2.3360880832     3.1198550136
Si       16.0023315492     1.3102152878     6.5879685998
H       18.1152384449     6.3018961179     4.2296365697
H       15.9957886216     7.4601029682     3.9582528482
H       16.8661084554     6.9819553094     6.2103438219
H       12.5423691098     3.0288411059     2.7971832382
H       13.8910136241     2.9506054626     0.8256244564
H       19.3022749850     2.9227903727     1.7296332363
H       13.6792408752     0.9763684142     2.2352996504
H       18.6211572594     0.9853068144     3.0561602538
H       16.9770311447     1.5544646460     7.7075707120
H       14.6829668477     1.0408751437     7.0983802734
H       20.1655984369     2.6297262215     3.9587313828
H       16.5316377352     0.1388233393     5.8035979962
32
# Point -11 Energy = 0.0
C       20.4647668265     3.7487986109     7.3057917494
H       18.7681272868     3.7578575562     5.9658575219
C       19.2876749304     3.0511089534     6.6260673440
H       18.5561513744     2.7508267025     7.3886673401
H       20.4065007883     2.1038564721     5.0211711805
C       19.7197230387     1.8209923979     5.8287136058
H       18.8647086726     1.3110375596     5.3719468034
H       20.2461270679     1.1054707309     6.4699582237
H       21.2124487920     4.0603882434     6.5670125993
H       20.9575101535     3.0775159663     8.0149050274
H       20.1416032236     4.6396231532     7.8535479445
Si       16.1767847100     3.2758203981     4.2886820894
O       16.4916413152     4.8495586966     4.5391235091
O       17.5129784514     2.4593890625     3.8545954799
O       15.0236073929     3.1382482994     3.1411499137
O       15.6350440754     2.6219932175     5.6751126299
Si       16.7469183899     6.4481782958     4.7301031450
Si       13.7943857622     2.4929393672     2.2696526143
Si       18.9264089594     2.3630300643     3.0411893895
Si       15.9586825599     1.2859512357     6.5774505597
H       18.0910277545     6.4097237471     4.2126301123
H       15.9088510943     7.4195786980     3.8756057708
H       16.7665921791     7.0487863608     6.1559743322
H       12.5773151196     3.0705702721     2.8332684961
H       13.8969153873     2.9142103220     0.8466005755
H       19.1930912886     2.9882315310     1.6474361887
H       13.6737655525     0.9852862278     2.3156205884
H       18.6560502326     0.9981553137     2.9544132603
H       16.9105631059     1.4601553560     7.7296635436
H       14.6172549769     1.0331962617     7.0529180367
H       20.2163654847     2.6556063499     3.8070336085
H       16.4683946529     0.1272165763     5.7653021760
32
# Point -10 Energy = 0.0
C       20.4947952454     3.7341910225     7.3334696734
H       18.8036396757     3.7391052326     5.9878024630
C       19.3112697629     3.0383034455     6.6632756497
H       18.5733397054     2.7620013650     7.4286564841
H       20.4278041363     2.0461804557     5.0839365423
C       19.7298478556     1.7881933562     5.8902103727
H       18.8702761215     1.2839859193     5.4352378291
H       20.2390381390     1.0746567552     6.5473585108
H       21.2479093811     4.0235149592     6.5911589593
H       20.9780151383     3.0706466215     8.0563076748
H       20.1804737308     4.6386774374     7.8637167790
Si       16.2142946950     3.2868193487     4.3025486972
O       16.5070651930     4.8658126447     4.5503678000
O       17.5647476501     2.4934771064     3.8654368463
O       15.0719935623     3.1314643408     3.1457625847
O       15.6780941821     2.6322171227     5.6915386930
Si       16.7104324280     6.4789245810     4.6854839468
Si       13.8142166208     2.4990339284     2.3049027178
Si       18.9269853173     2.3914007465     2.9668250678
Si       15.9186790226     1.2602463258     6.5662224017
H       18.0662468933     6.4990789061     4.1837394061
H       15.8367274301     7.3719399967     3.7884708618
H       16.6829517569     7.1169572985     6.0916983930
H       12.6109289052     3.1080126877     2.8704582134
H       13.9019708242     2.8872631955     0.8707295431
H       19.0834002746     3.0527092046     1.5792724392
H       13.6718849055     0.9964688058     2.3875343057
H       18.6786505484     1.0150260490     2.8535242501
H       16.8439386626     1.3688340521     7.7482580422
H       14.5567562775     1.0221102519     7.0061853813
H       20.2575364524     2.6800268293     3.6586966502
H       16.4140701060     0.1160220075     5.7283781807
32
# Point -9 Energy = 0.0
C       20.5231500995     3.7201136650     7.3620587551
H       18.8367662958     3.7211331284     6.0116122465
C       19.3342739487     3.0257578291     6.6999362345
H       18.5911381934     2.7698035980     7.4672461904
H       20.4491703299     1.9960314254     5.1435119693
C       19.7412853516     1.7592772848     5.9476272056
H       18.8781137303     1.2603540718     5.4932612351
H       20.2349634455     1.0474297680     6.6182937935
H       21.2805145080     3.9907541103     6.6170281217
H       20.9986234141     3.0635134465     8.0963053517
H       20.2162646945     4.6357208371     7.8773802316
Si       16.2504668111     3.2978151002     4.3173436941
O       16.5168540868     4.8819522383     4.5658146355
O       17.6166388963     2.5323055579     3.8751551771
O       15.1188001094     3.1231906795     3.1522061265
O       15.7223198701     2.6377326696     5.7075979707
Si       16.6752367787     6.5053855901     4.6409554348
Si       13.8348097022     2.5067726916     2.3382565419
Si       18.9236129108     2.4172087087     2.8968383474
Si       15.8821704075     1.2365020525     6.5546810197
H       18.0385177642     6.5791332803     4.1500776582
H       15.7719392587     7.3187794192     3.7043322960
H       16.6047568109     7.1808261071     6.0248495346
H       12.6445617323     3.1433441244     2.9063521118
H       13.9080537114     2.8678882546     0.8954383974
H       18.9766329880     3.1103824457     1.5233712846
H       13.6729399272     1.0098135445     2.4514498942
H       18.6889715446     1.0316717869     2.7564176922
H       16.7779704867     1.2845375413     7.7635757324
H       14.5011835068     1.0127998802     6.9593148806
H       20.2903915284     2.6986618717     3.5143431805
H       16.3668877567     0.1067092913     5.6945324149
32
# Point -8 Energy = 0.0
C       20.5493330406     3.7069762378     7.3907462448
H       18.8670528004     3.7042517249     6.0363999858
C       19.3561678126     3.0137173367     6.7353667375
H       18.6088757073     2.7746175846     7.5039695706
H       20.4703176086     1.9530942486     5.1991201996
C       19.7535931789     1.7340756177     6.0004124257
H       18.8877281726     1.2398999361     5.5455985436
H       20.2334216251     1.0235168168     6.6823913693
H       21.3099061239     3.9623788273     6.6436055093
H       21.0187601084     3.0564973586     8.1342929054
H       20.2484268745     4.6314517273     7.8936256614
Si       16.2846666269     3.3089863873     4.3324627520
O       16.5205075815     4.8979611798     4.5845946782
O       17.6676795844     2.5759803673     3.8833291635
O       15.1633258383     3.1136441015     3.1599812615
O       15.7671957405     2.6390873864     5.7228086021
Si       16.6421524624     6.5276331079     4.5975981407
Si       13.8555470005     2.5155716147     2.3692592021
Si       18.9167437573     2.4404626468     2.8321743409
Si       15.8495715929     1.2148124180     6.5428681978
H       18.0097221089     6.6489181541     4.1132646990
H       15.7154858479     7.2623487401     3.6251378892
H       16.5330361908     7.2395935190     5.9572469533
H       12.6773262387     3.1760516249     2.9404450702
H       13.9148973151     2.8551273461     0.9198138279
H       18.8750949737     3.1612167679     1.4789667262
H       13.6763321765     1.0243189110     2.5073433251
H       18.6880712962     1.0475639331     2.6655407267
H       16.7143655208     1.2077154959     7.7754913580
H       14.4511630736     1.0050681046     6.9132764555
H       20.3149631837     2.7118611725     3.3764106710
H       16.3265494362     0.0989016050     5.6636221660
32
# Point -7 Energy = 0.0
C       20.5729211553     3.6951092499     7.4186948296
H       18.8941105456     3.6886767614     6.0612716780
C       19.3764796492     3.0023851826     6.7688908233
H       18.6259512298     2.7768565253     7.5383354153
H       20.4909113104     1.9169552779     5.2501066506
C       19.7662993815     1.7123917288     6.0481046891
H       18.8985804132     1.2223799095     5.5919368007
H       20.2338802946     1.0026698269     6.7393883553
H       21.3357808988     3.9385129370     6.6698796198
H       21.0379120912     3.0499526876     8.1696488995
H       20.2765417000     4.6264783083     7.9114562443
Si       16.3163134027     3.3204463246     4.3472939271
O       16.5176524973     4.9137202694     4.6057814915
O       17.7169021093     2.6244913130     3.8895533492
O       15.2049362722     3.1029691188     3.1685702123
O       15.8122498979     2.6368550963     5.7366728276
Si       16.6118562934     6.5459038837     4.5564747790
Si       13.8758089798     2.5248564643     2.3975152417
Si       18.9070293840     2.4611187243     2.7736303670
Si       15.8211725614     1.1952562696     6.5309331048
H       17.9816054884     6.7079502101     4.0751081632
H       15.6678594123     7.2050732008     3.5525018096
H       16.4687077626     7.2926654682     5.8907906506
H       12.7083758553     3.2056917885     2.9722396594
H       13.9221745319     2.8479313633     0.9430718785
H       18.7808783245     3.2051371733     1.4448499577
H       13.6814197630     1.0391053214     2.5553120949
H       18.6775732531     1.0621422203     2.5829952103
H       16.6546588090     1.1387269966     7.7841174894
H       14.4070823835     0.9986860067     6.8690967424
H       20.3317229269     2.7199350849     3.2473277691
H       16.2926320218     0.0922713070     5.6356146292
32
# Point -6 Energy = 0.0
C       20.5935702376     3.6847557631     7.4450608383
H       18.9176182485     3.6745312136     6.0853456436
C       19.3947892864     2.9919165007     6.7998532385
H       18.6418376355     2.7769490332     7.5698470333
H       20.5105696299     1.8871052480     5.2959370468
C       19.7789083861     1.6939957000     6.0903345269
H       18.9100918369     1.2075430448     5.6320681741
H       20.2357638633     0.9846539319     6.7891287022
H       21.3578935080     3.9191297671     6.6948563905
H       21.0556329079     3.0441901349     8.2017501691
H       20.3003227827     4.6213102198     7.9298188786
Si       16.3448839952     3.3322464705     4.3612337007
O       16.5080469529     4.9290285143     4.6284105275
O       17.7633580065     2.6777098491     3.8934416633
O       15.2430642190     3.0912371177     3.1774593669
O       15.8570605969     2.6316303343     5.7487009068
Si       16.5848833453     6.5605622481     4.5186017808
Si       13.8949892392     2.5340666361     2.4226899383
Si       18.8952892614     2.4791168039     2.7218617697
Si       15.7971507325     1.1779144754     6.5191234982
H       17.9557002685     6.7561960458     4.0374836558
H       15.6291159401     7.1494287983     3.4876975567
H       16.4125871097     7.3396174673     5.8274375284
H       12.7369223805     3.2318904161     3.0012487761
H       13.9295141853     2.8451859423     0.9645518231
H       18.6958096852     3.2420575353     1.4195288528
H       13.6875396245     1.0534075289     2.5955645933
H       18.6595739070     1.0748590591     2.5104546847
H       16.6001947572     1.0778755962     7.7897792223
H       14.3691216290     0.9934202160     6.8278361508
H       20.3415446031     2.7232204228     3.1294741746
H       16.2646318381     0.0865499656     5.6105845474
32
# Point -5 Energy = 0.0
C       20.6110243523     3.6760575537     7.4690145325
H       18.9373318704     3.6618458103     6.1077716362
C       19.4107359132     2.9824092658     6.8276368873
H       18.6560868824     2.7753267720     7.5980237506
H       20.5288729642     1.8629297789     5.3361985246
C       19.7909077959     1.6786112401     6.1268300359
H       18.9216498483     1.1951195361     5.6658936284
H       20.2384580121     0.9692264744     6.8315667304
H       21.3760691212     3.9040412274     6.7175750591
H       21.0715501350     3.0394527630     8.2299907017
H       20.3196262597     4.6163481071     7.9476326131
Si       16.3699266364     3.3443868646     4.3737007513
O       16.4915993525     4.9436330564     4.6514953688
O       17.8061424047     2.7353861025     3.8946301686
O       15.2772184126     3.0784563528     3.1861599585
O       15.9012567725     2.6240302232     5.7584334846
Si       16.5616105872     6.5720529163     4.4849108964
Si       13.9125146713     2.5426694966     2.4445120815
Si       18.8824763723     2.4944200893     2.6773867483
Si       15.7775849332     1.1628946038     6.5077745791
H       17.9332362262     6.7940287494     4.0022025681
H       15.5989369605     7.0977922918     3.4316668732
H       16.3653398396     7.3801456671     5.7691481933
H       12.7622606135     3.2543577449     3.0270010301
H       13.9365261511     2.8457429051     0.9837087704
H       18.6214256585     3.2719151624     1.4013906228
H       13.6940279287     1.0665768239     2.6284155514
H       18.6365313057     1.0852263863     2.4491085723
H       16.5521144101     1.0254486334     7.7929803524
H       14.3372910758     0.9890747628     6.7905664346
H       20.3456477029     2.7221522714     3.0251252402
H       16.2419994298     0.0815423673     5.5887130144
32
# Point -4 Energy = 0.0
C       20.6251187698     3.6690501011     7.4897577839
H       18.9530887608     3.6505642098     6.1277464510
C       19.4240207997     2.9739003890     6.8516772024
H       18.6683288394     2.7724159223     7.6224200335
H       20.5453733989     1.8437050188     5.3705982429
C       19.8017740299     1.6659066329     6.1574203852
H       18.9326134372     1.1848109227     5.6934243103
H       20.2413136820     0.9561203441     6.8667692784
H       21.3902104442     3.8928972134     6.7371211384
H       21.0853666084     3.0359014016     8.2537986501
H       20.3344516719     4.6118827840     7.9638140781
Si       16.3910704713     3.3568254088     4.3841458944
O       16.4683784455     4.9572599835     4.6740418864
O       17.8444171809     2.7971484386     3.8927762690
O       15.3069877326     3.0645819109     3.1942250149
O       15.9445141895     2.6146925005     5.7654593665
Si       16.5422592429     6.5808483820     4.4562149671
Si       13.9278610890     2.5501686710     2.4627754813
Si       18.8696339546     2.5070588121     2.6405949363
Si       15.7624702425     1.1503497744     6.4972919968
H       17.9150956968     6.8221450790     3.9708951637
H       15.5767203722     7.0523182184     3.3850533389
H       16.3274502459     7.4140080214     5.7178242219
H       12.7837854285     3.2728954320     3.0490468259
H       13.9428238653     2.8484434148     1.0001039060
H       18.5589725878     3.2947091791     1.3888590609
H       13.7002367874     1.0780754326     2.6542815263
H       18.6111424679     1.0928628301     2.3996469372
H       16.5113505931     0.9817487576     7.7943583469
H       14.3114720335     0.9855260056     6.7583465852
H       20.3455082656     2.7173450280     2.9363950850
H       16.2241692650     0.0771357801     5.5702809952
32
# Point -3 Energy = 0.0
C       20.6357801180     3.6636616935     7.5065407146
H       18.9648097633     3.6405501757     6.1445277018
C       19.4344080679     2.9663641342     6.8714751123
H       18.6782670957     2.7686302977     7.6426428060
H       20.5596056403     1.8285956675     5.3989617080
C       19.8109783557     1.6554875912     6.1820386037
H       18.9423198429     1.1762812026     5.7147818768
H       20.2436515149     0.9450293859     6.8949175521
H       21.4003030027     3.8851899209     6.7526387960
H       21.0968589088     3.0336045352     8.2726526687
H       20.3449383760     4.6080987860     7.9773013913
Si       16.4080343218     3.3694872893     4.3920595429
O       16.4386192799     4.9696454788     4.6950620199
O       17.8774356104     2.8625054084     3.8875561180
O       15.3320444675     3.0495277151     3.2012634086
O       15.9865505107     2.6042705454     5.7694291458
Si       16.5269037769     6.5873953356     4.4331756412
Si       13.9405669033     2.5561111236     2.4773400331
Si       18.8578463575     2.5171726700     2.6117572866
Si       15.7517335696     1.1404936336     6.4881305279
H       17.9017993730     6.8414692708     3.9449131318
H       15.5616770547     7.0148348415     3.3482496098
H       16.2991888929     7.4409586735     5.6752313832
H       12.8010048970     3.2874011944     3.0669655022
H       13.9480462861     2.8521379766     1.0133944782
H       18.5094238877     3.3105425311     1.3805343319
H       13.7055485360     1.0874692830     2.6736764662
H       18.5862202281     1.0975359600     2.3622834441
H       16.4786298555     0.9471178912     7.7946316229
H       14.2914590968     0.9827545308     6.7321985738
H       20.3427431033     2.7096699259     2.8651766539
H       16.2105839053     0.0733073307     5.5556575066
32
# Point -2 Energy = 0.0
C       20.6430230992     3.6597167409     7.5186775526
H       18.9724983522     3.6315962947     6.1574462945
C       19.4417233211     2.9597128193     6.8866086541
H       18.6856722240     2.7643653104     7.6583664917
H       20.5710991112     1.8166575493     5.4212312352
C       19.8179936888     1.6468933697     6.2007235438
H       18.9500930134     1.1691501171     5.7301975348
H       20.2447678980     0.9355976004     6.9163080663
H       21.4064173262     3.8802639012     6.7633434017
H       21.1058731812     3.0325331497     8.2860973520
H       20.3513564196     4.6050813846     7.9870768974
Si       16.4206334642     3.3822732494     4.3969773997
O       16.4027225750     4.9805644366     4.7135881720
O       17.9045669814     2.9308507425     3.8786613374
O       15.3521459186     3.0331790746     3.2069512650
O       16.0271196984     2.5934237933     5.7700645000
Si       16.5154888466     6.5920646466     4.4162751778
Si       13.9502441527     2.5600917121     2.4881324379
Si       18.8481852856     2.5250489253     2.5910358043
Si       15.7452496437     1.1336096884     6.4807689781
H       17.8935247959     6.8530539252     3.9252597206
H       15.5529274793     6.9867641643     3.3214513796
H       16.2805872871     7.4606816512     5.6429131152
H       12.8135484896     3.2978687189     3.0803733031
H       13.9518777162     2.8557025612     1.0233247152
H       18.4735047337     3.3196681388     1.3753056731
H       13.7093880956     1.0944184230     2.6872064703
H       18.5645795573     1.0991975390     2.3368129071
H       16.4544807199     0.9219511536     7.7945414209
H       14.2770014717     0.9808715557     6.7130832308
H       20.3389724448     2.7003205735     2.8130798022
H       16.2007136080     0.0701290895     5.5452815255
32
# Point -1 Energy = 0.0
C       20.6469439354     3.6569425799     7.5255620885
H       18.9762368035     3.6234335220     6.1659181188
C       19.4458505498     2.9537994386     6.8967434497
H       18.6903735981     2.7599921500     7.6693455528
H       20.5793908523     1.8068458785     5.4374652424
C       19.8223024794     1.6395969434     6.2136212674
H       18.9552543251     1.1629896685     5.7400099515
H       20.2439433918     0.9274132569     6.9313525762
H       21.4087075034     3.8773313807     6.7685350800
H       21.1123188815     3.0325601619     8.2937578718
H       20.3540921093     4.6028254931     7.9921891143
Si       16.4287840880     3.3950660697     4.3984850306
O       16.3612468316     4.9898540003     4.7286886273
O       17.9253199347     3.0014718469     3.8657963656
O       15.3671344380     3.0154050081     3.2110409724
O       16.0660068494     2.5828032792     5.7671631698
Si       16.5078530136     6.5951093959     4.4057942691
Si       13.9565868846     2.5617549202     2.4951466635
Si       18.8416536742     2.5311523829     2.5784913825
Si       15.7428572906     1.1300542757     6.4756821549
H       17.8901536411     6.8579893674     3.9125527977
H       15.5495908804     6.9690668530     3.3047109078
H       16.2714235691     7.4727316690     5.6221001332
H       12.8211705125     3.3043819321     3.0889317534
H       13.9540646587     2.8580509221     1.0297186673
H       18.4517138092     3.3225379177     1.3724295479
H       13.7112340969     1.0986655305     2.6955632081
H       18.5489406839     1.0980109487     2.3226969053
H       16.4392476846     0.9066994547     7.7947909438
H       14.2678416427     0.9801386673     6.7018763852
H       20.3356697956     2.6908562765     2.7813676882
H       16.1940721912     0.0677708085     5.5396374727
32
# Point 0 Energy = 0
C       20.6477110000     3.6549790000     7.5266840000
H       18.9761800000     3.6157410000     6.1694560000
C       19.4467280000     2.9484220000     6.9016430000
H       18.6922510000     2.7558520000     7.6754250000
H       20.5840390000     1.7980300000     5.4478400000
C       19.8234060000     1.6330100000     6.2209870000
H       18.9571360000     1.1573250000     5.7446630000
H       20.2404540000     0.9200090000     6.9405780000
H       21.4074060000     3.8754920000     6.7676150000
H       21.1161610000     3.0334640000     8.2953550000
H       20.3536290000     4.6012450000     7.9917750000
Si       16.4325060000     3.4077350000     4.3962220000
O       16.3148940000     4.9974300000     4.7394840000
O       17.9393640000     3.0735620000     3.8486780000
O       15.3769370000     2.9960700000     3.2133680000
O       16.1030250000     2.5730330000     5.7606000000
Si       16.5037570000     6.5966350000     4.4017980000
Si       13.9593780000     2.5607940000     2.4984440000
Si       18.8391290000     2.5361430000     2.5740860000
Si       15.7443760000     1.1302530000     6.4733110000
H       17.8913405600     6.8573308000     3.9070238400
H       15.5508605600     6.9622108000     3.2979838400
H       16.2712205600     7.4764908000     5.6136238400
H       12.8237502400     3.3071035200     3.0923555200
H       13.9544302400     2.8581435200     1.0324755200
H       18.4443303200     3.3198514400     1.3715668800
H       13.7106302400     1.1000235200     2.6995155200
H       18.5418503200     1.0943714400     2.3191668800
H       16.4331100800     0.9018602400     7.7959848800
H       14.2637500800     0.9809802400     6.6993448800
H       20.3340103200     2.6832114400     2.7708868800
H       16.1902300800     0.0665002400     5.5392248800
32
# Point 1 Energy = 0.0
C       20.6455592035     3.6533541087     7.5216400984
H       18.9725493823     3.6081469932     6.1676800153
C       19.4443396113     2.9433112330     6.9011720830
H       18.6912229988     2.7522369258     7.6765429311
H       20.5846147985     1.7889910035     5.4526382956
C       19.8208136533     1.6264742235     6.2231730518
H       18.9550689385     1.1516343087     5.7446884742
H       20.2335574701     0.9128409606     6.9446067277
H       21.4028213126     3.8737154478     6.7600978637
H       21.1174120644     3.0348905902     8.2907100277
H       20.3505437960     4.6001466706     7.9850823305
Si       16.4319187802     3.4201691045     4.3898896794
O       16.2644799456     5.0033259056     4.7451619101
O       17.9465413437     3.1462652342     3.8270408182
O       15.3815738933     2.9750377766     3.2138610130
O       16.1380148861     2.5647208695     5.7503295564
Si       16.5029021170     6.5966144733     4.4041244009
Si       13.9585147226     2.5569057414     2.4981574211
Si       18.8413114837     2.5409051501     2.5776928387
Si       15.7496291634     1.1347223599     6.4740401612
H       17.8965819745     6.8520801531     3.9085439765
H       15.5560465028     6.9661842431     3.3011567782
H       16.2792415237     7.4711809932     5.6178331697
H       12.8212944132     3.3062098648     3.0904025221
H       13.9529102674     2.8549232439     1.0315668249
H       18.4514038409     3.3126252923     1.3727909216
H       13.7072379364     1.0983212120     2.6999301469
H       18.5456319600     1.0889471930     2.3253481448
H       16.4361142744     0.9079928123     7.7985798443
H       14.2645625332     0.9840132217     6.7061322262
H       20.3347306683     2.6797015572     2.7820191655
H       16.1888351402     0.0667131327     5.5445319415
32
# Point 2 Energy = 0.0
C       20.6407666275     3.6515290173     7.5101614894
H       18.9656195235     3.6002450838     6.1603321650
C       19.4387100350     2.9381539370     6.8953146603
H       18.6872397812     2.7493973805     7.6727424950
H       20.5807320213     1.7784688505     5.4522761884
C       19.8140700293     1.6192929853     6.2206494005
H       18.9484230434     1.1453651854     5.7407202356
H       20.2225295264     0.9053272615     6.9441796314
H       21.3953162159     3.8709021979     6.7456451132
H       21.1161161123     3.0364048533     8.2797752397
H       20.3454599925     4.5992686091     7.9714947172
Si       16.4272476727     3.4322480712     4.3792479569
O       16.2109242681     5.0076607438     4.7449904973
O       17.9468853209     3.2186672280     3.8006306387
O       15.3811489878     2.9521886804     3.2125420134
O       16.1708531771     2.5584069450     5.7363727657
Si       16.5049753997     6.5948593671     4.4123937761
Si       13.9539898546     2.5498258745     2.4944935184
Si       18.8486788571     2.5465129954     2.5890647650
Si       15.7584599427     1.1440245364     6.4781589418
H       17.9053159702     6.8431238706     3.9166902584
H       15.5646267249     6.9804846407     3.3140730588
H       16.2945347331     7.4558432394     5.6345460298
H       12.8139268640     3.3019154238     3.0829057060
H       13.9495286841     2.8473849790     1.0270458624
H       18.4727181010     3.3022020064     1.3765173621
H       13.7008061447     1.0934327349     2.6977392426
H       18.5623397450     1.0826745120     2.3403472189
H       16.4481990391     0.9256525085     7.8028237138
H       14.2702034320     0.9900204804     6.7227263546
H       20.3380206492     2.6829211144     2.8145779494
H       16.1896141238     0.0688966864     5.5559863942
32
# Point 3 Energy = 0.0
C       20.6336376254     3.6489458458     7.4921236051
H       18.9557052545     3.5916110852     6.1472817062
C       19.4299052790     2.9326193359     6.8841793811
H       18.6802876521     2.7475511985     7.6641732684
H       20.5720738643     1.7652192187     5.4473140853
C       19.8027854192     1.6107706906     6.2140103402
H       18.9366498581     1.1379585420     5.7334980125
H       20.2067091392     0.8968957840     6.9401619926
H       21.3852863058     3.8659488935     6.7240791640
H       21.1123443047     3.0375479501     8.2626442831
H       20.3390094785     4.5983185235     7.9505406629
Si       16.4188194459     3.4438106862     4.3641148624
O       16.1552294332     5.0105965337     4.7383347500
O       17.9406262060     3.2897874966     3.7692141660
O       15.3758316195     2.9274387887     3.2095189713
O       16.2014535380     2.5545116072     5.7188032617
Si       16.5096850519     6.5910034170     4.4260349165
Si       13.9458660540     2.5393705024     2.4877266239
Si       18.8614647442     2.5541726776     2.6078285779
Si       15.7707358186     1.1587154367     6.4858262818
H       17.9170106716     6.8311840903     3.9308440422
H       15.5762724903     7.0041244389     3.3365475397
H       16.3159801374     7.4293453472     5.6630343176
H       12.8018711122     3.2945011020     3.0697947650
H       13.9443681943     2.8346540046     1.0190535543
H       18.5077708469     3.2902278290     1.3834161988
H       13.6911329698     1.0853164744     2.6938956436
H       18.5937377401     1.0767484139     2.3633584204
H       16.4692105291     0.9553142925     7.8087072555
H       14.2806927246     0.9999132878     6.7494270742
H       20.3434647667     2.6955908993     2.8677702457
H       16.1923623251     0.0735876061     5.5739073900
32
# Point 4 Energy = 0.0
C       20.6244986983     3.6450064657     7.4675568661
H       18.9431570793     3.5818029122     6.1285348680
C       19.4180279629     2.9263520773     6.8680017184
H       18.6703875854     2.7468706060     7.6510880379
H       20.5583794927     1.7480258124     5.4384531406
C       19.7866260022     1.6002190629     6.2039654904
H       18.9192723530     1.1288656208     5.7238531805
H       20.1854888394     0.8869840067     6.9335255826
H       21.3731525920     3.8577327481     6.6953997873
H       21.1061908260     3.0378086189     8.2395558608
H       20.3318320788     4.5969432731     7.9219121404
Si       16.4070563978     3.4546836545     4.3443756949
O       16.0984502537     5.0123516229     4.7246665181
O       17.9281893089     3.3586262613     3.7326007199
O       15.3658681223     2.9007432326     3.2049874269
O       16.2297743638     2.5533516107     5.6977460111
Si       16.5167665549     6.5845606067     4.4443097585
Si       13.9343006453     2.5253936731     2.4781993977
Si       18.8796391543     2.5651997208     2.6334711042
Si       15.7863637699     1.1793526973     6.4970580971
H       17.9312130170     6.8168553502     3.9502933737
H       15.5908246500     7.0356938582     3.3683520755
H       16.3423029144     7.3904814949     5.7020254009
H       12.7854539135     3.2842478676     3.0510769754
H       13.9376014144     2.8159214803     1.0078218278
H       18.5557061844     3.2786626676     1.3943009337
H       13.6781176822     1.0739742016     2.6893881416
H       18.6412722044     1.0726679517     2.3937359905
H       16.4989300127     0.9973622913     7.8159485409
H       14.2961594560     1.0147392941     6.7863303551
H       20.3500260276     2.7204310604     2.9401498085
H       16.1969510426     0.0813901980     5.5984805353
32
# Point 5 Energy = 0.0
C       20.6136876770     3.6390861211     7.4366584240
H       18.9283534398     3.5703698785     6.1042417939
C       19.4032152477     2.9189847795     6.8471472473
H       18.6575984672     2.7474845577     7.6338389625
H       20.5394456710     1.7257397579     5.4265420550
C       19.7653208552     1.5869861707     6.1913393324
H       18.8958977185     1.1175767104     5.7127032704
H       20.1583284730     0.8750709836     6.9253429206
H       21.3593450105     3.8451350826     6.6598032344
H       21.0977673442     3.0366397050     8.2109022877
H       20.3245582741     4.5947305691     7.8854788116
Si       16.3924723280     3.4646823111     4.3199857013
O       16.0416747139     5.0131789519     4.7035719793
O       17.9101893787     3.4241854974     3.6906576131
O       15.3515807346     2.8721101629     3.1992245948
O       16.2558296417     2.5551311683     5.6733681647
Si       16.5259929356     6.5749633494     4.4663538725
Si       13.9195435295     2.5077918434     2.4663215549
Si       18.9029107053     2.5809556296     2.6653186311
Si       15.8052997737     1.2064689793     6.5117093541
H       17.9475897373     6.8006131930     3.9743450782
H       15.6082622972     7.0734175317     3.4091990549
H       16.3721069044     7.3380639562     5.7497463877
H       12.7650994165     3.2714222854     3.0268394383
H       13.9294847761     2.7904546396     0.9936831659
H       18.6152655305     3.2697230119     1.4099817504
H       13.6617657350     1.0594599037     2.6852289486
H       18.7060357443     1.0722562933     2.4310304667
H       16.5370970298     1.0520370768     7.8239810974
H       14.3168453094     1.0356554684     6.8333037087
H       20.3560936468     2.7599689634     3.0295931754
H       16.2033225533     0.0929574672     5.6297232820
32
# Point 6 Energy = 0.0
C       20.6015448236     3.6305475206     7.3998018308
H       18.9116946581     3.5568630668     6.0747015852
C       19.3856376699     2.9101525315     6.8221129438
H       18.6420222602     2.7494846641     7.6128715444
H       20.5151248801     1.6973199751     5.4125824147
C       19.7386664856     1.5704879427     6.1770690817
H       18.8662267191     1.1036534200     5.7010451322
H       20.1247658952     0.8607126772     6.9167795335
H       21.3442868663     3.8270635997     6.6176995156
H       21.0871986516     3.0334761208     8.1772359814
H       20.3177963095     4.5912107270     7.8412998976
Si       16.3756683783     3.4736130048     4.2909723988
O       15.9860101576     5.0133427338     4.6747556478
O       17.8874203238     3.4854889823     3.6433270539
O       15.3333673621     2.8416163133     3.1925801126
O       16.2797003209     2.5599402112     5.6458711443
Si       16.5371760128     6.5616066196     4.4912246369
Si       13.9019343574     2.4865130895     2.4525672584
Si       18.9307461206     2.6027752287     2.7025146633
Si       15.8275544203     1.2405432359     6.5294637142
H       17.9659443943     6.7828243239     4.0024320247
H       15.6286528034     7.1152238711     3.4587190502
H       16.4039059264     7.2710280125     5.8040010892
H       12.7413244662     3.2562683638     2.9972494453
H       13.9203502134     2.7576111314     0.9770801829
H       18.6847505482     3.2657874338     1.4311052599
H       13.6421913479     1.0418959635     2.6824405959
H       18.7887184897     1.0776765519     2.4749788065
H       16.5834282991     1.1193805695     7.8319607402
H       14.3431008549     1.0638926375     6.8899633309
H       20.3595904271     2.8163350855     3.1333014309
H       16.2114801564     0.1089663907     5.6674573125
32
# Point 7 Energy = 0.0
C       20.5884057437     3.6187558549     7.3575423827
H       18.8935979091     3.5408477977     6.0403638389
C       19.3654983256     2.8995093823     6.7935243423
H       18.6238101822     2.7529340032     7.5887150582
H       20.4853198818     1.6618745215     5.3977278625
C       19.7065284829     1.5502414697     6.1621970565
H       18.8300588974     1.0867635574     5.6899430172
H       20.0844242560     0.8435789339     6.9090798135
H       21.3283804670     3.8024746145     6.5697247985
H       21.0746194716     3.0277537075     8.1392711260
H       20.3121234711     4.5858594717     7.7896326580
Si       16.3573274728     3.4812787233     4.2574371702
O       15.9325736040     5.0130968350     4.6380419442
O       17.8608395042     3.5416031345     3.5906427509
O       15.3117006398     2.8094249894     3.1854628975
O       16.3015444157     2.5677602270     5.6154840133
Si       16.5501576967     6.5438949547     4.5179542186
Si       13.8818974460     2.4615722634     2.4374706572
Si       18.9624079085     2.6318878871     2.7440042084
Si       15.8531948883     1.2819700578     6.5498310626
H       17.9862079235     6.7637557403     4.0342057054
H       15.6520849967     7.1588266721     3.5164379606
H       16.4361526715     7.1885400103     5.8622741627
H       12.7147331725     3.2390071944     2.9625539608
H       13.9105931441     2.7168600204     0.9585738416
H       18.7620173038     3.2692618928     1.4579981275
H       13.6196164100     1.0214966922     2.6820411161
H       18.8895458557     1.0914308220     2.5254492772
H       16.6376328947     1.1991805501     7.8387911512
H       14.3753756682     1.1007094009     6.9556544980
H       20.3581355783     2.8910634569     3.2478461572
H       16.2214743166     0.1300871612     5.7112885247
32
# Point 8 Energy = 0.0
C       20.5745951813     3.6030947179     7.3106227622
H       18.8744934748     3.5219180625     6.0018299309
C       19.3430318075     2.8867462407     6.7621323675
H       18.6031680278     2.7578782366     7.5619731455
H       20.4499762670     1.6187011551     5.3832810847
C       19.6688405766     1.5258983720     6.1478614091
H       18.7872942633     1.0667164356     5.6805147979
H       20.0370152357     0.8234899806     6.9035509309
H       21.3119943065     3.7703952591     6.5167536554
H       21.0601706156     3.0189285332     8.0978856929
H       20.3080799788     4.5781026136     7.7309420532
Si       16.3382096570     3.4874874913     4.2195571179
O       15.8824878007     5.0126669615     4.5933755272
O       17.8315509620     3.5916576107     3.5327470499
O       15.2871292891     2.7758047786     3.1783247170
O       16.3216057168     2.5784764255     5.5824597736
Si       16.5647937157     6.5212888096     4.5456029217
Si       13.8599381298     2.4330700982     2.4216189948
Si       18.9970027444     2.6693403366     2.7885155234
Si       15.8823431871     1.3310276438     6.5721548293
H       18.0084048397     6.7435827537     4.0696076606
H       15.6785922814     7.2018150757     3.5817556345
H       16.4672658650     7.0900986023     5.9218513946
H       12.6860135691     3.2198432141     2.9230773593
H       13.9006617484     2.6678072609     0.9388486458
H       18.8444941122     3.2824184483     1.4905223399
H       13.5943694572     0.9985962809     2.6850273519
H       19.0081994885     1.1163359377     2.5823288744
H       16.6994217522     1.2909174746     7.8431702684
H       14.4142024699     1.1473354937     7.0294366715
H       20.3492477838     2.9849150925     3.3692364739
H       16.2333862951     0.1569466029     5.7605984001
32
# Point 9 Energy = 0.0
C       20.5604213765     3.5829830312     7.2599668091
H       18.8548193323     3.4997132602     5.9598452774
C       19.3185015726     2.8716092366     6.7287996595
H       18.5803602717     2.7643566302     7.5333067668
H       20.4090706313     1.5673267428     5.3706730235
C       19.6255996265     1.4972765095     6.1352721445
H       18.7379291587     1.0434964314     5.6739047605
H       19.9823383760     0.8004491967     6.9015304021
H       21.2954505088     3.7299472611     6.4598967037
H       21.0439958264     3.0064955236     8.0541102860
H       20.3061652464     4.5673232244     7.6659015512
Si       16.3191415915     3.4920646356     4.1775845277
O       15.8368758861     5.0122381605     4.5408205010
O       17.8007792198     3.6348687267     3.4699032182
O       15.2602735406     2.7411486774     3.1716388728
O       16.3402170646     2.5918958224     5.5470715472
Si       16.5809293568     6.4933477603     4.5733089294
Si       13.8366312792     2.4012169615     2.4056432403
Si       19.0335491380     2.7159252263     2.8345691869
Si       15.9151708942     1.3878443309     6.5956280280
H       18.0325932909     6.7223958921     4.1089104853
H       15.7080662753     7.2417530420     3.6539317785
H       16.4956630539     6.9756182290     5.9799479512
H       12.6559270885     3.1989780837     2.8792210398
H       13.8910365117     2.6102288049     0.9187135602
H       18.9292661094     3.3072087054     1.5279787168
H       13.5668762996     0.9736800087     2.6923550516
H       19.1437521772     1.1554546427     2.6453844519
H       16.7685147576     1.3937170876     7.8436535663
H       14.4601772215     1.2049008775     7.1100788666
H       20.3305784217     3.0977530058     3.4930698581
H       16.2473094949     0.1900862713     5.8145445982
32
# Point 10 Energy = 0.0
C       20.5461692247     3.5578929829     7.2066716858
H       18.8350150197     3.4739363340     5.9152898047
C       19.2921954554     2.8539175781     6.6944849397
H       18.5557108674     2.7724119477     7.5034172176
H       20.3625981031     1.5075436047     5.3614347761
C       19.5768585033     1.4643880765     6.1256820035
H       18.6820494907     1.0172920737     5.6712511473
H       19.9202771735     0.7746701483     6.9043482545
H       21.2790125577     3.6803724247     6.4004947146
H       21.0262362399     2.9900063726     8.0091153397
H       20.3068331656     4.5528720443     7.5953945806
Si       16.3010054434     3.4948668361     4.1318460314
O       15.7968576127     5.0119479220     4.4805605493
O       17.7698418979     3.6705636870     3.4025060175
O       15.2318216997     2.7059899843     3.1658756690
O       16.3578002367     2.6077680517     5.5096109027
Si       16.5983717046     6.4597684253     4.6003301154
Si       13.8126104414     2.3663567043     2.3902052617
Si       19.0710484443     2.7721228935     2.8804916406
Si       15.9518909097     1.4523644730     6.6193198971
H       18.0587845977     6.7002115917     4.1527289145
H       15.7401720276     7.2762808934     3.7320768717
H       16.5197998419     6.8454888334     6.0338306639
H       12.6252977030     3.1766283128     2.8314623842
H       13.8822107233     2.5441060911     0.8990963708
H       19.0131912720     3.3450807512     1.5690554480
H       13.5376513258     0.9474131475     2.7049153129
H       19.2946123467     1.2119816239     2.7140863694
H       16.8446423109     1.5063120078     7.8387354890
H       14.5139352825     1.2743523651     7.1960665982
H       20.3001474595     3.2284770321     3.6147054227
H       16.2633315176     0.2299167850     5.8720749662
32
# Point 11 Energy = 0.0
C       20.5320916023     3.5273689590     7.1519919743
H       18.8155130241     3.4443726615     5.8691619604
C       19.2644186984     2.8335795588     6.6602203097
H       18.5296005285     2.7820968445     7.4730257667
H       20.3105591609     1.4394415444     5.3571539503
C       19.5227171505     1.4274618829     6.1203457228
H       18.6198215688     0.9885177667     5.6736428923
H       19.8507933758     0.7465947290     6.9132770083
H       21.2628722270     3.6210608801     6.3401011121
H       21.0070229471     2.9690861022     7.9641897533
H       20.3104850957     4.5340816670     7.5205111983
Si       16.2847237305     3.4957972023     4.0827400099
O       15.7635422217     5.0118843311     4.4129004445
O       17.7401169420     3.6982067259     3.3310876206
O       15.2025239926     2.6710125853     3.1614744885
O       16.3748607156     2.6258068989     5.4703862863
Si       16.6168600741     6.4204155407     4.6260745455
Si       13.7885534050     2.3289886327     2.3759814407
Si       19.1085596626     2.8380603366     2.9244479383
Si       15.9927465757     1.5243143495     6.6422122418
H       18.0868443821     6.6769890568     4.2019983498
H       15.7742703309     7.3032160914     3.8151485641
H       16.5382214664     6.7006058710     6.0809260120
H       12.5949959898     3.1530451467     2.7803548879
H       13.8746670258     2.4696633557     0.8810299463
H       19.0930594508     3.3968148759     1.6118425453
H       13.5072863344     0.9206638604     2.7235066111
H       19.4585048778     1.2890769611     2.7874269337
H       16.9275427088     1.6270164345     7.8269444213
H       14.5761248715     1.3563573447     7.2856255850
H       20.2565624543     3.3750334200     3.7294813669
H       16.2815180085     0.2766703825     5.9319534720
32
# Point 12 Energy = 0.0
C       20.5183984168     3.4910473825     7.0973157518
H       18.7967276351     3.4109085091     5.8225563632
C       19.2354847279     2.8106053383     6.6270821457
H       18.5024602825     2.7934751217     7.4428513777
H       20.2529480524     1.3634332464     5.3594155984
C       19.4633136689     1.3869572760     6.1204686070
H       18.5514828852     0.9578248269     5.6820667559
H       19.7739216089     0.7168994734     6.9294711708
H       21.2471356618     3.5515823416     6.2804521023
H       20.9864674603     2.9434480847     7.9207114939
H       20.3174589603     4.5102852202     7.4425398547
Si       16.2712405213     3.4948194941     4.0307322663
O       15.7380164686     5.0120881325     4.3382697229
O       17.7130054481     3.7174262214     3.2563184685
O       15.1731846613     2.6370521254     3.1588137883
O       16.3919776712     2.6457098645     5.4297212917
Si       16.6360377701     6.3753447198     4.6501169684
Si       13.7651656692     2.2897839291     2.3636425691
Si       19.1452705908     2.9134913578     2.9644918596
Si       16.0379983042     1.6031697482     6.6632452770
H       18.1163807162     6.6526558872     4.2579217688
H       15.8093563476     7.3206470944     3.9019507153
H       16.5496289887     6.5423675122     6.1189065844
H       12.5659186418     3.1285339390     2.7265291879
H       13.8688522722     2.3874032022     0.8656286403
H       19.1657774897     3.4624007722     1.6539164250
H       13.4764391707     0.8945149545     2.7488024539
H       19.6325013839     1.3896529576     2.8637569850
H       17.0169543979     1.7537185124     7.8069472732
H       14.6473779994     1.4511978038     7.3767660639
H       20.1991969562     3.5345023367     3.8329577262
H       16.3018997710     0.3303546141     5.9927981029
32
# Point 13 Energy = 0.0
C       20.5052438422     3.4486772855     7.0441315508
H       18.7790417047     3.3735477686     5.7766345920
C       19.2057045412     2.7851151521     6.5961557386
H       18.4747617809     2.8066166298     7.4135876375
H       20.1897455659     1.2802701310     5.3697276653
C       19.3988177440     1.3435669597     6.1271453308
H       18.4773354515     0.9260983897     5.6973464433
H       19.6897670832     0.6864870200     6.9538980903
H       21.2318094081     3.4717201345     6.2234223465
H       20.9646509435     2.9129073854     7.8801096050
H       20.3280138555     4.4808403241     7.3629526583
Si       16.2614991418     3.4919697622     3.9763499825
O       15.7213262223     5.0125575387     4.2572289994
O       17.6898906590     3.7280417021     3.1790023393
O       15.1446527830     2.6050848593     3.1581810023
O       16.4097895438     2.6671735138     5.3879525533
Si       16.6554281138     6.3248155219     4.6721997573
Si       13.7431629085     2.2495929895     2.3538304253
Si       19.1805584122     2.9978000846     2.9986326879
Si       16.0879075713     1.6881278627     6.6813721395
H       18.1466263860     6.6271430402     4.3218864954
H       15.8440238479     7.3270137238     3.9911317335
H       16.5529603328     6.3726378776     6.1457528527
H       12.5389637177     3.1034705526     2.6706948088
H       13.8651526984     2.2981365798     0.8540535862
H       19.2285610360     3.5409751429     1.6924931952
H       13.4458239010     0.8702595130     2.7813156578
H       19.8131087028     1.5161288911     2.9406697403
H       17.1126022326     1.8838953145     7.7776580515
H       14.7282784699     1.5586605333     7.4673511533
H       20.1283079772     3.7032588662     3.9211667842
H       16.3244640213     0.3907109501     6.0531297558
32
# Point 14 Energy = 0.0
C       20.4927132097     3.4001411161     6.9939851254
H       18.7627924859     3.3324255907     5.7325889163
C       19.1753761956     2.7573416960     6.5684943322
H       18.4470053114     2.8215853794     7.3858804038
H       20.1209193806     1.1910449305     5.3894324345
C       19.3294290449     1.2982058134     6.1412912922
H       18.3977443544     0.8944368383     5.7200769792
H       19.5985092825     0.6564597833     6.9872637195
H       21.2167883562     3.3815067396     6.1709641879
H       20.9416139946     2.8773921500     7.8438172233
H       20.3423108065     4.4451589701     7.2833819277
Si       16.2564167940     3.4873640578     3.9201742377
O       15.7144506232     5.0132551168     4.1704790278
O       17.6720941615     3.7300893956     3.1000649651
O       15.1178122297     2.5762016839     3.1597453553
O       16.4289757734     2.6899031532     5.3454275093
Si       16.6744176607     6.2692934665     4.6922179320
Si       13.7232537377     2.2094404085     2.3471322670
Si       19.2140327394     3.0900284961     3.0249165111
Si       16.1427178348     1.7780874335     6.6956205789
H       18.1763249099     6.6004270117     4.3953525534
H       15.8764643017     7.3211669708     4.0811789596
H       16.5474834714     6.1936772892     6.1597912070
H       12.5150023909     3.0783127309     2.6136423691
H       13.8638720344     2.2030027091     0.8474665934
H       19.2791101280     3.6308330783     1.7246410275
H       13.4162041223     0.8493759181     2.8213617691
H       19.9964149100     1.6701771949     3.0149606146
H       17.2141769561     2.0146555672     7.7383432679
H       14.8193258193     1.6779329773     7.5551911822
H       20.0450776051     3.8771953545     3.9908504395
H       16.3491499741     0.4571829787     6.1114304505
32
# Point 15 Energy = 0.0
C       20.4808119680     3.3454746320     6.9484252326
H       18.7482583143     3.2878174215     5.6915992747
C       19.1447762496     2.7276255541     6.5450738968
H       18.4197066444     2.8384214022     7.3603079753
H       20.0464351274     1.0971764808     5.4196076579
C       19.2553829496     1.2519828919     6.1635706346
H       18.3131435466     0.8641109370     5.7505596278
H       19.5004139570     0.6280733270     7.0299388916
H       21.2018487055     3.2812580941     6.1250290805
H       20.9173495189     2.8369523048     7.8132156221
H       20.3603916968     4.4027433630     7.2055853222
Si       16.2568566515     3.4812015478     3.8628316057
O       15.7182684674     5.0141169671     4.0788719686
O       17.6608307703     3.7238447765     3.0205356192
O       15.0935707686     2.5515662139     3.1635376091
O       16.4502352213     2.7136165257     5.3025027112
Si       16.6922495162     6.2094397248     4.7101890428
Si       13.7061239377     2.1705050114     2.3440555812
Si       19.2455549030     3.1889270979     3.0415183621
Si       16.2026317686     1.8716424148     6.7051592937
H       18.2036328623     6.5725738754     4.4797143704
H       15.9045092673     7.3024012429     4.1704068901
H       16.5328958071     6.0080430606     6.1597131043
H       12.4948482687     3.0536049520     2.5562460365
H       13.8652153806     2.1034740181     0.8469739184
H       19.3157457034     3.7295186283     1.7475338945
H       13.3883903039     0.8334789792     2.8690260913
H       20.1782811478     1.8524913477     3.0826865763
H       17.3213077183     2.1428148157     7.6887153607
H       14.9208935812     1.8075180222     7.6381631030
H       19.9515716683     4.0519867462     4.0396626255
H       16.3758482085     0.5288996237     6.1662083793
