32
# Point -15 Energy = 0.0
C       20.7770368229     3.5407604993     7.4607334844
H       19.1134202575     3.4804784388     6.1097827882
C       19.5769550813     2.8087002249     6.8526574803
H       18.8228883716     2.6482057300     7.6343587657
H       20.6367441246     1.5855815880     5.3876775323
C       19.8837971073     1.4695033288     6.1757699343
H       18.9814482754     1.0398350526     5.7210705733
H       20.2674528446     0.7377142321     6.8939685568
H       21.5383946950     3.7509497297     6.7014844648
H       21.2445904802     2.9513671087     8.2540344949
H       20.4589918033     4.4947584225     7.8924403642
Si       16.7580046679     3.2345180674     4.5110207022
O       16.1498491290     4.7267157015     4.3724665265
O       18.0367247884     2.9510328529     3.5560666039
O       15.5561885682     3.1577360461     3.4205402694
O       15.8803620948     2.5426112581     5.7167189819
Si       15.9939188730     6.3461142434     4.3193781589
Si       14.3011463976     2.8963293877     2.5512273291
Si       19.1599506809     2.5007069748     2.3719172020
Si       15.5918788364     1.2934816330     6.8046215797
H       17.2400418829     7.1392782114     3.8606848245
H       14.9869353589     6.4257471642     3.3204454420
H       15.5909192311     7.0741089392     5.6379218007
H       13.0488612200     3.6654696553     2.9664277360
H       14.1886879069     3.2025650160     0.9452068267
H       18.6049163258     3.3768953169     1.5487327586
H       13.6087454143     1.4196078700     2.3950483672
H       18.8159980522     1.1612582497     2.3032009273
H       16.4068199444     1.4179590897     8.0447596257
H       14.2602859219     1.5404889582     6.9500055902
H       20.4165918176     2.8054667117     2.9686520509
H       15.9694336242     0.0873562974     6.0781436172
32
# Point -14 Energy = 0.0
C       20.7620485544     3.5576429385     7.4676117831
H       19.0987841986     3.4969792753     6.1152102501
C       19.5628290540     2.8261311421     6.8579236124
H       18.8083541400     2.6632294130     7.6387165594
H       20.6297142545     1.6080094484     5.3947252750
C       19.8757833117     1.4884040678     6.1814353772
H       18.9763463588     1.0547421895     5.7249094858
H       20.2618261926     0.7583624661     6.9002070267
H       21.5236167035     3.7687774379     6.7087638913
H       21.2296155737     2.9667488193     8.2598408789
H       20.4446151672     4.5111152735     7.9009713984
Si       16.7320282006     3.2511364059     4.5034109859
O       16.1533772221     4.7585506000     4.3964945640
O       18.0249170479     2.9629306240     3.5672328411
O       15.5373410111     3.1486549796     3.4059094473
O       15.8832535673     2.5444689476     5.7201699775
Si       16.0537090442     6.3833284173     4.3367686445
Si       14.2730394127     2.8594437981     2.5473034537
Si       19.1281515330     2.4926761430     2.3761486095
Si       15.6041893340     1.2653820374     6.7717468960
H       17.3317378184     7.1200890245     3.8832055330
H       15.0520345619     6.5104372397     3.3295877103
H       15.6718065960     7.1206675937     5.6529594815
H       13.0200691307     3.6169906048     2.9708577994
H       14.1643697632     3.1536336761     0.9484856103
H       18.5857039595     3.3632830745     1.5215378224
H       13.6212911372     1.3714542193     2.4270363836
H       18.7826815535     1.1461740969     2.3055750750
H       16.4085117452     1.3646687346     8.0226043034
H       14.2573897551     1.4717350919     6.9296070408
H       20.4083667447     2.7881153827     2.9410942816
H       16.0004779530     0.0793388367     6.0191133610
32
# Point -13 Energy = 0.0
C       20.7476304985     3.5733665758     7.4744637139
H       19.0845568880     3.5127096711     6.1207961807
C       19.5491823876     2.8425915365     6.8631221955
H       18.7943945882     2.6771034669     7.6430523746
H       20.6229350592     1.6298335400     5.4012869757
C       19.8681273060     1.5065189489     6.1866696646
H       18.9715585441     1.0690161787     5.7283174730
H       20.2566132618     0.7780462297     6.9057906250
H       21.5093216108     3.7856227977     6.7159800647
H       21.2152937565     2.9807596647     8.2654087690
H       20.4308836108     4.5262054306     7.9097590563
Si       16.7062708614     3.2674333657     4.4961682605
O       16.1574413133     4.7888178312     4.4213079286
O       18.0137731360     2.9749199226     3.5798947459
O       15.5191831688     3.1396890454     3.3917770823
O       15.8878041187     2.5462461545     5.7241348227
Si       16.1107359742     6.4167565804     4.3515920351
Si       14.2454528466     2.8247116357     2.5444713635
Si       19.0974849896     2.4869053831     2.3821127094
Si       15.6164934135     1.2393902553     6.7394951801
H       17.4164499425     7.0977541683     3.9012238484
H       15.1157903427     6.5869304070     3.3363065165
H       15.7491088182     7.1647846317     5.6640356249
H       12.9931137079     3.5719805096     2.9774689284
H       14.1405058978     3.1087381257     0.9532710814
H       18.5673576390     3.3513956227     1.4969057873
H       13.6332361454     1.3279855816     2.4586091095
H       18.7511370024     1.1332830337     2.3079267760
H       16.4107428370     1.3123558231     8.0001119163
H       14.2558523680     1.4063039615     6.9081072877
H       20.4000804385     2.7720083761     2.9156992631
H       16.0294681269     0.0731375445     5.9618979994
32
# Point -12 Energy = 0.0
C       20.7339095672     3.5878299168     7.4812436127
H       19.0708662533     3.5275577734     6.1264935685
C       19.5361276940     2.8579851342     6.8682299595
H       18.7811168109     2.6897739563     7.6473452195
H       20.6164980687     1.6508847188     5.4073836249
C       19.8609156862     1.5237217986     6.1914940563
H       18.9671622694     1.0825350416     5.7313249160
H       20.2518844228     0.7966549177     6.9107660939
H       21.4956424378     3.8013429517     6.7230824957
H       21.2017375763     2.9933160374     8.2707120382
H       20.4179433663     4.5399470245     7.9187243405
Si       16.6808542824     3.2833019429     4.4892535346
O       16.1621872304     4.8174058598     4.4467932482
O       18.0033601440     2.9868669488     3.5940327267
O       15.5018212001     3.1307646684     3.3780934484
O       15.8940883738     2.5479625266     5.7285186769
Si       16.1646472211     6.4465710547     4.3639314003
Si       14.2184664489     2.7921559122     2.5425239775
Si       19.0680928030     2.4832757895     2.3897270026
Si       15.6287025797     1.2156190666     6.7080918852
H       17.4939227666     7.0731413654     3.9150191640
H       15.1773382709     6.6552354773     3.3406131503
H       15.8224250208     7.2064340184     5.6713292094
H       12.9680628309     3.5305341478     2.9859173409
H       14.1172898661     3.0678714647     0.9593129420
H       18.5499835122     3.3412843035     1.4748506547
H       13.6445185697     1.2890474191     2.4894326315
H       18.7214635394     1.1224885923     2.3102113200
H       16.4134163038     1.2613869869     7.9774688175
H       14.2554439372     1.3446130774     6.8858595820
H       20.3918452896     2.7572271527     2.8925299465
H       16.0562462564     0.0685649543     5.9068547749
32
# Point -11 Energy = 0.0
C       20.7210011205     3.6009522203     7.4878946618
H       19.0578313016     3.5414235776     6.1322418570
C       19.5237677368     2.8722319445     6.8732144209
H       18.7686165498     2.7012069054     7.6515647022
H       20.6104887710     1.6710026340     5.4130352458
C       19.8542273788     1.5398989148     6.1959285712
H       18.9632281691     1.0951856292     5.7339624640
H       20.2477015988     0.8140946044     6.9151833815
H       21.4827019765     3.8158121825     6.7300096894
H       21.1890467723     3.0043596949     8.2757176517
H       20.4059276827     4.5522812023     7.9277712550
Si       16.6558946198     3.2986353537     4.4826114374
O       16.1677618137     4.8442063872     4.4728177776
O       17.9937334565     2.9986279619     3.6096089517
O       15.4853528670     3.1218015332     3.3647946245
O       15.9021594236     2.5496385666     5.7332084859
Si       16.2151333629     6.4729644933     4.3739130693
Si       14.1921530301     2.7617814507     2.5412410437
Si       19.0400996351     2.4816436944     2.3989008554
Si       15.6407188321     1.1941686757     6.6777644830
H       17.5640180447     7.0471032646     3.9249236415
H       15.2358721686     6.7154734342     3.3425949730
H       15.8913594508     7.2455716585     5.6750782556
H       12.9449724142     3.4927132230     2.9958443797
H       14.0949130323     3.0309998256     0.9663536722
H       18.5336855655     3.3329608052     1.4553416126
H       13.6550790974     1.2544604085     2.5191879939
H       18.6937646763     1.1136704988     2.3123754760
H       16.4164001293     1.2121442343     7.9548958027
H       14.2559143656     1.2870377915     6.8632365632
H       20.3837835996     2.7438351735     2.8716065608
H       16.0806719569     0.0654140558     5.8543417999
32
# Point -10 Energy = 0.0
C       20.7090059562     3.6126748356     7.4943486351
H       19.0455592302     3.5542209957     6.1379664478
C       19.5121925043     2.8852698647     6.8780331218
H       18.7569752352     2.7113894771     7.6556702780
H       20.6049837885     1.6900380563     5.4182593571
C       19.8481307922     1.5549509526     6.1999905057
H       18.9598173058     1.1068657073     5.7362593628
H       20.2441153766     0.8302895063     6.9190938485
H       21.4706098183     3.8289236523     6.7366889433
H       21.1773052404     3.0138585857     8.2803852523
H       20.3949537440     4.5631733672     7.9367870809
Si       16.6314999199     3.3133296373     4.4761692151
O       16.1743091744     4.8691162411     4.4992294209
O       17.9849350365     3.0100518928     3.6265670840
O       15.4698652463     3.1127146022     3.3518018664
O       15.9120481950     2.5512960381     5.7380741980
Si       16.2619308422     6.4961443805     4.3817069665
Si       14.1665776228     2.7335771748     2.5403893628
Si       19.0136118245     2.4818415621     2.4095377495
Si       15.6524427877     1.1751269518     6.6487401738
H       17.6267055344     7.0204614474     3.9313161599
H       15.2906633899     6.7678701389     3.3424161570
H       15.9555256061     7.2821339379     5.6755852038
H       12.9238859690     3.4585486518     3.0068780516
H       14.0735638417     2.9980645573     0.9741287166
H       18.5185632692     3.3263921589     1.4383079252
H       13.6648614576     1.2240261774     2.5475707103
H       18.6681450029     1.1066852404     2.3143632781
H       16.4195385620     1.1650226371     7.9326464340
H       14.2570063715     1.2339055288     6.8406259710
H       20.3760210989     2.7318736175     2.8529120268
H       16.1026308558     0.0634644250     5.8047158551
32
# Point -9 Energy = 0.0
C       20.6980077204     3.6229616923     7.5005260204
H       19.0341428208     3.5658793063     6.1435787020
C       19.5014765996     2.8970555819     6.8826332772
H       18.7462574112     2.7203304410     7.6596109369
H       20.6000481539     1.7078545486     5.4230696801
C       19.8426811375     1.5687941470     6.2036932290
H       18.9569784995     1.1174854860     5.7382420770
H       20.2411623112     0.8451827037     6.9225486654
H       21.4594597414     3.8405903013     6.7430364893
H       21.1665784584     3.0218067399     8.2846670299
H       20.3851201070     4.5726135436     7.9456431309
Si       16.6077675971     3.3272859862     4.4698363848
O       16.1819666497     4.8920388956     4.5258569940
O       17.9769917640     3.0209832286     3.6448325482
O       15.4554325587     3.1034160158     3.3390216249
O       15.9237634871     2.5529583956     5.7429705888
Si       16.3048239784     6.5163274277     4.3875254410
Si       14.1417967632     2.7075183539     2.5397234618
Si       18.9887160941     2.4836796039     2.4215373662
Si       15.6637820426     1.1585702614     6.6212431837
H       17.6820514242     6.9939924406     3.9346157388
H       15.3410774941     6.8127467003     3.3403147097
H       16.0145518905     7.3160366190     5.6732203496
H       12.9048342684     3.4280429888     3.0186349147
H       14.0534270711     2.9689843453     0.9823671166
H       18.5047085896     3.3214983591     1.4236449547
H       13.6738128035     1.1975327856     2.5742903209
H       18.6447060224     1.1013675301     2.3161219861
H       16.4226651976     1.1204280768     7.9110038509
H       14.2584692415     1.1854915676     6.8184257372
H       20.3686805065     2.7213587436     2.8363989350
H       16.1220421947     0.0624891829     5.7583299143
32
# Point -8 Energy = 0.0
C       20.6880708491     3.6317990403     7.5063366505
H       19.0236582252     3.5763439991     6.1489765941
C       19.4916770818     2.9075648174     6.8869519798
H       18.7365086885     2.7280599564     7.6633254782
H       20.5957328596     1.7243295677     5.4274752606
C       19.8379180995     1.5813609371     6.2070454206
H       18.9547459481     1.1269686171     5.7399333796
H       20.2388626401     0.8587362117     6.9255975595
H       21.4493275559     3.8507450238     6.7489581126
H       21.1569115107     3.0282233570     8.2885080009
H       20.3765047388     4.5806159456     7.9541961050
Si       16.5847821239     3.3404127107     4.4635052323
O       16.1908605640     4.9128856409     4.5525108976
O       17.9699138526     3.0312651416     3.6643133721
O       15.4421141882     3.0938167926     3.3263463983
O       15.9372925352     2.5546511663     5.7477396464
Si       16.3436462111     6.5337340021     4.3916206626
Si       14.1178579304     2.6835686686     2.5389869172
Si       18.9654781413     2.4869482196     2.4347973713
Si       15.6746590685     1.1445647637     6.5954916217
H       17.7302051953     6.9684158461     3.9352749855
H       15.3865877902     6.8505080143     3.3365959038
H       16.0680887351     7.3471740250     5.6684228822
H       12.8878351253     3.4011727975     3.0307225371
H       14.0346830413     2.9436571641     0.9907928066
H       18.4922026882     3.3181525142     1.4112204281
H       13.6818840625     1.1747597442     2.5990702302
H       18.6235416553     1.0975325467     2.3176073552
H       16.4256167354     1.0787749698     7.8902759690
H       14.2600721566     1.1420164504     6.7970383391
H       20.3618755861     2.7122808701     2.8219968357
H       16.1388650161     0.0622624782     5.7155304264
32
# Point -7 Energy = 0.0
C       20.6792391422     3.6391945702     7.5116809061
H       19.0141632455     3.5855770634     6.1540460916
C       19.4828318867     2.9167919958     6.8909170368
H       18.7277543565     2.7346287255     7.6667434347
H       20.5920728559     1.7393551214     5.4314801011
C       19.8338640361     1.5926000944     6.2100508356
H       18.9531373330     1.1352527266     5.7413520002
H       20.2372186073     0.8709305336     6.9282880001
H       21.4402695012     3.8593402788     6.7543503192
H       21.1483278297     3.0331512533     8.2918467575
H       20.3691637201     4.5872178599     7.9622900952
Si       16.5626130400     3.3526267811     4.4570522535
O       16.2011019438     4.9315764611     4.5789843485
O       17.9636934160     3.0407428106     3.6849015998
O       15.4299529757     3.0838282774     3.3136565115
O       15.9526019451     2.5564022063     5.7522134201
Si       16.3782806500     6.5485826975     4.3942807193
Si       14.0947991999     2.6616819925     2.5379144379
Si       18.9439411316     2.4914212898     2.4492148153
Si       15.6850180163     1.1331680155     6.5716938798
H       17.7713857033     6.9443845502     3.9337740585
H       15.4267853569     6.8816299977     3.3316224933
H       16.1158170041     7.3754184156     5.6616991383
H       12.8728933231     3.3778908116     3.0427426569
H       14.0175068078     2.9219619800     0.9991267066
H       18.4811125094     3.3161832779     1.4008803900
H       13.6890303467     1.1554824122     2.6216479833
H       18.6047338152     1.0949788472     2.3187877098
H       16.4282463353     1.0404838708     7.8707890031
H       14.2616160704     1.1036450157     6.7768643350
H       20.3557059053     2.7046048776     2.8096189349
H       16.1531025898     0.0625671888     5.6766543864
32
# Point -6 Energy = 0.0
C       20.6715350451     3.6451760543     7.5164514831
H       19.0056961976     3.5935567948     6.1586632567
C       19.4749589268     2.9247494373     6.8944484313
H       18.7199987574     2.7401065979     7.6697866324
H       20.5890856396     1.7528381154     5.4350833247
C       19.8305228482     1.6024764687     6.2127086101
H       18.9521525678     1.1422895672     5.7425128395
H       20.2362135587     0.8817638336     6.9306648303
H       21.4323212680     3.8663472926     6.7591020518
H       21.1408287432     3.0366548349     8.2946166783
H       20.3631306624     4.5924779682     7.9697592196
Si       16.5413133791     3.3638549258     4.4503405418
O       16.2127823472     4.9480407034     4.6050552786
O       17.9583032904     3.0492668699     3.7064752325
O       15.4189738704     3.0733633192     3.3008228156
O       15.9696388419     2.5582417631     5.7562172037
Si       16.4086599920     6.5610851274     4.3958245948
Si       14.0726491742     2.6418038167     2.5362347236
Si       18.9241241876     2.4968602677     2.4646871249
Si       15.6948299263     1.1244307292     6.5500445954
H       17.8058672217     6.9224768620     3.9306155251
H       15.4613852618     6.9066460294     3.3258023282
H       16.1574573657     7.4006194438     5.6536177731
H       12.8600007469     3.3581277775     3.0542950694
H       14.0020673624     2.9037601506     1.0070896458
H       18.4714873959     3.3153792302     1.3924545620
H       13.6952115198     1.1394756632     2.6417760501
H       18.5883483453     1.0934918513     2.3196466326
H       16.4304355836     1.0059788615     7.8528793220
H       14.2629432926     1.0704869767     6.7582951039
H       20.3502523777     2.6982721056     2.7991676492
H       16.1648049029     0.0632025608     5.6420262298
32
# Point -5 Energy = 0.0
C       20.6649596777     3.6497896325     7.5205356553
H       18.9982754133     3.6002771947     6.1626969907
C       19.4680559315     2.9314661711     6.8974603393
H       18.7132254756     2.7445807124     7.6723713016
H       20.5867705316     1.7647005121     5.4382798297
C       19.8278796112     1.6109704631     6.2150140487
H       18.9517732966     1.1480448820     5.7434276909
H       20.2358119004     0.8912508582     6.9327702964
H       21.4254976905     3.8717549913     6.7630969008
H       21.1343938669     3.0388177422     8.2967475356
H       20.3584168572     4.5964742240     7.9764308021
Si       16.5209185894     3.3740342970     4.4432230399
O       16.2259699790     4.9622176329     4.6304889687
O       17.9536962366     3.0566968966     3.7289006271
O       15.4091830113     3.0623371936     3.2877102101
O       15.9883320996     2.5602022954     5.7595729300
Si       16.4347658337     6.5714410024     4.3965962379
Si       14.0514272400     2.6238722899     2.5336740287
Si       18.9060210231     2.5030189537     2.4811127252
Si       15.7040960075     1.1183985473     6.5307202585
H       17.8339660995     6.9031903539     3.9263203286
H       15.4902288277     6.9261330881     3.3195741706
H       16.1927801645     7.4226035903     5.6448016794
H       12.8491367604     3.3417939274     3.0649821741
H       13.9885268820     2.8888965054     1.0144060653
H       18.4633558711     3.3154948440     1.3857610260
H       13.7003929870     1.1265167746     2.6592231111
H       18.5744315243     1.0928478105     2.3201843031
H       16.4321042381     0.9756846599     7.8368837470
H       14.2639441703     1.0425989346     6.7417049530
H       20.3455736132     2.6932034811     2.7905387906
H       16.1740691893     0.0639915377     5.6119545942
32
# Point -4 Energy = 0.0
C       20.6594936044     3.6530978460     7.5238179205
H       18.9918994046     3.6057470401     6.1660122891
C       19.4621010360     2.9369864562     6.8998635787
H       18.7073983408     2.7481532642     7.6744106003
H       20.5851086838     1.7748793884     5.4410613452
C       19.8259009984     1.6180773278     6.2169597941
H       18.9519631843     1.1524980614     5.7441063531
H       20.2359599418     0.8994217094     6.9346443813
H       21.4197931132     3.8755687648     6.7662157100
H       21.1289823234     3.0397402840     8.2981673967
H       20.3550121389     4.5993013864     7.9821289703
Si       16.5014459982     3.3831127341     4.4355464972
O       16.2407062569     4.9740569559     4.6550414405
O       17.9498046446     3.0629048415     3.7520352631
O       15.4005672884     3.0506683036     3.2741818095
O       16.0085935529     2.5623180253     5.7621026588
Si       16.4566273832     6.5798335430     4.3969579604
Si       14.0311441819     2.6078188822     2.5299602833
Si       18.8895988976     2.5096487907     2.4983913768
Si       15.7128488256     1.1151137259     6.5138746144
H       17.8560285686     6.8869371329     3.9214249086
H       15.5132819302     6.9406980406     3.3133926456
H       16.2216152158     7.4411735131     5.6359166432
H       12.8402688538     3.3287800939     3.0744140264
H       13.9770400546     2.8772001226     1.0208083641
H       18.4567227515     3.3162576645     1.3806102774
H       13.7045467372     1.1163875473     2.6737757670
H       18.5630072942     1.0928181705     2.3204176484
H       16.4332171574     0.9500234238     7.8231285245
H       14.2645605438     1.0199876906     6.7274429162
H       20.3417031005     2.6893036883     2.7836243877
H       16.1810385935     0.0647875810     5.5867290074
32
# Point -3 Energy = 0.0
C       20.6550982894     3.6551775010     7.5261828890
H       18.9865476639     3.6099886884     6.1684738329
C       19.4570540747     2.9413680850     6.9015683327
H       18.7024631788     2.7509389838     7.6758173806
H       20.5840638028     1.7833269499     5.4434177751
C       19.8245364611     1.6238063391     6.2185372453
H       18.9526689761     1.1556416574     5.7445579934
H       20.2365875663     0.9063205439     6.9363253296
H       21.4151823971     3.8778091338     6.7683394510
H       21.1245347112     3.0395367493     8.2988046970
H       20.3528863969     4.6010682977     7.9866785067
Si       16.4828948336     3.3910486724     4.4271559181
O       16.2570029924     4.9835193708     4.6784635768
O       17.9465408423     3.0677782921     3.7757307721
O       15.3930944050     3.0382787105     3.2601035188
O       16.0303191445     2.5646242261     5.7636320676
Si       16.4743195595     6.5864252757     4.3972834152
Si       14.0118031504     2.5935687126     2.5248275677
Si       18.8747980711     2.5165044898     2.5164243330
Si       15.7211514164     1.1146166497     6.4996340796
H       17.8724201081     6.8740402588     3.9164793414
H       15.5306294643     6.9509644946     3.3077133330
H       16.2438608872     7.4561073053     5.6276569187
H       12.8333535640     3.3189585209     3.0822136699
H       13.9677534973     2.8684848560     1.0260416945
H       18.4515667804     3.3173763413     1.3768087523
H       13.7076526194     1.1088757049     2.6852405374
H       18.5540753190     1.0931742420     2.3203795212
H       16.4337880770     0.9294112672     7.8119173306
H       14.2647859423     1.0026147101     6.7158247015
H       20.3386472537     2.6864661559     2.7783143130
H       16.1858991538     0.0654808140     5.5666165643
32
# Point -2 Energy = 0.0
C       20.6517181300     3.6561174200     7.5275182592
H       18.9821820363     3.6130366750     6.1699497163
C       19.4528584820     2.9446805308     6.9024869794
H       18.6983501884     2.7530624111     7.6765070117
H       20.5835835197     1.7900105185     5.4453387030
C       19.8237200730     1.6281799055     6.2197380871
H       18.9538222412     1.1574808003     5.7447926038
H       20.2376106062     0.9120042447     6.9378502496
H       21.4116224848     3.8785103565     6.7693522240
H       21.1209756860     3.0383326641     8.2985903521
H       20.3519916322     4.6018949825     7.9899087757
Si       16.4652467815     3.3978107483     4.4178992441
O       16.2748403440     4.9905771713     4.7005058912
O       17.9437980682     3.0712234550     3.7998361094
O       15.3867134304     3.0250945494     3.2453487412
O       16.0533900110     2.5671562729     5.7639938579
Si       16.4879604842     6.5913542667     4.3979504163
Si       13.9934009454     2.5810406063     2.5180206932
Si       18.8615319152     2.5233497770     2.5351144215
Si       15.7290945076     1.1169471236     6.4880934324
H       17.8835166475     6.8647310378     3.9120462169
H       15.5424662900     6.9575605901     3.3029790028
H       16.2594918313     7.4671577371     5.6207281072
H       12.8283376344     3.3121834644     3.0880224881
H       13.9608052531     2.8625496857     1.0298689628
H       18.4478389844     3.3185491693     1.3741619504
H       13.7096997853     1.1037756584     2.6934459758
H       18.5476099478     1.0936920851     2.3201171245
H       16.4338801822     0.9142545450     7.8035187807
H       14.2646627613     0.9904015713     6.7071253420
H       20.3363843585     2.6845786184     2.7744969733
H       16.1888753570     0.0660033578     5.5518586665
32
# Point -1 Energy = 0.0
C       20.6492829184     3.6560161307     7.5277177264
H       18.9787485526     3.6149361542     6.1703151077
C       19.4494436546     2.9470029917     6.9025368512
H       18.6949767690     2.7546550482     7.6764000776
H       20.5836012915     1.7949124828     5.4468149386
C       19.8233728941     1.6312326220     6.2205557955
H       18.9553416629     1.1580325447     5.7448224055
H       20.2389337393     0.9165410893     6.9392556931
H       21.4090544030     3.8777189936     6.7691442431
H       21.1182169680     3.0362620437     8.2974597912
H       20.3522644050     4.6019096389     7.9916575435
Si       16.4484670207     3.4033771570     4.4076319963
O       16.2941656861     4.9952148830     4.7209238192
O       17.9414521209     3.0731677425     3.8242007423
O       15.3813557985     3.0110463833     3.2298029280
O       16.0776735621     2.5699485081     5.7630310055
Si       16.4977083936     6.5947308557     4.3993338642
Si       13.9759295471     2.5701469618     2.5092996318
Si       18.8496877884     2.5299630493     2.5543661385
Si       15.7367921800     1.1221454116     6.4793120602
H       17.8896977642     6.8591469491     3.9086998575
H       15.5490851446     6.9611080445     3.2996079235
H       16.2685648130     7.4740516422     5.6158279318
H       12.8251593517     3.3082916981     3.0915052880
H       13.9563243317     2.8591789898     1.0320757726
H       18.4454619321     3.3194728114     1.3724772621
H       13.7106881919     1.1008887385     2.6982447069
H       18.5435601127     1.0941575065     2.3196898810
H       16.4336036889     0.9049459883     7.7981539983
H       14.2642769084     0.9832362081     6.7015731279
H       20.3348644380     2.6835289850     2.7720593592
H       16.1902245672     0.0663337463     5.5426678920
32
# Point 0 Energy = 0
C       20.6477110000     3.6549790000     7.5266840000
H       18.9761800000     3.6157410000     6.1694560000
C       19.4467280000     2.9484220000     6.9016430000
H       18.6922510000     2.7558520000     7.6754250000
H       20.5840390000     1.7980300000     5.4478400000
C       19.8234060000     1.6330100000     6.2209870000
H       18.9571360000     1.1573250000     5.7446630000
H       20.2404540000     0.9200090000     6.9405780000
H       21.4074060000     3.8754920000     6.7676150000
H       21.1161610000     3.0334640000     8.2953550000
H       20.3536290000     4.6012450000     7.9917750000
Si       16.4325060000     3.4077350000     4.3962220000
O       16.3148940000     4.9974300000     4.7394840000
O       17.9393640000     3.0735620000     3.8486780000
O       15.3769370000     2.9960700000     3.2133680000
O       16.1030250000     2.5730330000     5.7606000000
Si       16.5037570000     6.5966350000     4.4017980000
Si       13.9593780000     2.5607940000     2.4984440000
Si       18.8391290000     2.5361430000     2.5740860000
Si       15.7443760000     1.1302530000     6.4733110000
H       17.8913405600     6.8573308000     3.9070238400
H       15.5508605600     6.9622108000     3.2979838400
H       16.2712205600     7.4764908000     5.6136238400
H       12.8237502400     3.3071035200     3.0923555200
H       13.9544302400     2.8581435200     1.0324755200
H       18.4443303200     3.3198514400     1.3715668800
H       13.7106302400     1.1000235200     2.6995155200
H       18.5418503200     1.0943714400     2.3191668800
H       16.4331100800     0.9018602400     7.7959848800
H       14.2637500800     0.9809802400     6.6993448800
H       20.3340103200     2.6832114400     2.7708868800
H       16.1902300800     0.0665002400     5.5392248800
32
# Point 1 Energy = 0.0
C       20.6468927942     3.6531199724     7.5243171864
H       18.9743791063     3.6155129789     6.1672581420
C       19.4446032149     2.9490315521     6.8997270423
H       18.6900564385     2.7567912930     7.6735068580
H       20.5847922582     1.7993766292     5.4483993316
C       19.8237062738     1.6335692810     6.2210206610
H       18.9590903882     1.1553969986     5.7443228262
H       20.2420477212     0.9224972492     6.9418424085
H       21.4065749175     3.8718992860     6.7646616489
H       21.1146855160     3.0300854444     8.2922127790
H       20.3559798592     4.6000395454     7.9901118998
Si       16.4172823367     3.4108757086     4.3835391913
O       16.3369105800     4.9972277872     4.7559693342
O       17.9373716176     3.0723836214     3.8731339743
O       15.3733410991     2.9801000094     3.1959514775
O       16.1292938577     2.5764425577     5.7565695699
Si       16.5063559281     6.5971098105     4.4057079853
Si       13.9437185316     2.5528720410     2.4852408706
Si       18.8297046736     2.5417161775     2.5942012464
Si       15.7520153959     1.1413197558     6.4700827003
H       17.8888436005     6.8592100408     3.9076257177
H       15.5482589933     6.9614702125     3.2984758043
H       16.2677263664     7.4741369636     5.6147609987
H       12.8240195342     3.3084129953     3.0902818782
H       13.9552201783     2.8591900081     1.0308976677
H       18.4443337315     3.3194021587     1.3712609162
H       13.7095404104     1.1009853234     2.6971506903
H       18.5424007992     1.0941555351     2.3186406911
H       16.4326324144     0.9053712829     7.7971073551
H       14.2632623696     0.9834730232     6.7005983432
H       20.3337240887     2.6835402693     2.7708989366
H       16.1892156052     0.0665864875     5.5416892270
32
# Point 2 Energy = 0.0
C       20.6467116487     3.6505575995     7.5205297587
H       18.9732391765     3.6143199708     6.1636223024
C       19.4429547445     2.9489304423     6.8967214779
H       18.6882726400     2.7576106126     7.6705813019
H       20.5857501467     1.7989812526     5.4484835525
C       19.8241562289     1.6329777674     6.2206509268
H       18.9610859498     1.1522974748     5.7438154708
H       20.2435901527     0.9241039523     6.9430749178
H       21.4064494161     3.8670203364     6.7601943791
H       21.1136642746     3.0262762067     8.2879787632
H       20.3592028970     4.5984328863     7.9865355581
Si       16.4027029764     3.4127963404     4.3694712320
O       16.3600730268     4.9946226803     4.7701849543
O       17.9353016320     3.0696347155     3.8974432800
O       15.3704393374     2.9630758642     3.1774819324
O       16.1563198799     2.5802062243     5.7508237274
Si       16.5057852513     6.5961619067     4.4114110157
Si       13.9289234313     2.5462638092     2.4695012844
Si       18.8212431702     2.5465368759     2.6146408932
Si       15.7598848327     1.1553987826     6.4695774580
H       17.8826029147     6.8646124365     3.9111235562
H       15.5417992898     6.9594574003     3.3014164810
H       16.2584364107     7.4666236194     5.6198191280
H       12.8258723640     3.3119987370     3.0850267037
H       13.9587810091     2.8620519040     1.0272053482
H       18.4453360192     3.3178637028     1.3713988896
H       13.7074475725     1.1035847230     2.6910692911
H       18.5451098591     1.0933544831     2.3182086317
H       16.4324302855     0.9158300213     7.8015384274
H       14.2630130102     0.9905434511     6.7054378006
H       20.3338831801     2.6844456809     2.7720126979
H       16.1875178717     0.0667301397     5.5501842179
32
# Point 3 Energy = 0.0
C       20.6470651200     3.6474084739     7.5152628568
H       18.9726649962     3.6122335059     6.1584810342
C       19.4416822204     2.9482181087     6.8925849806
H       18.6867956185     2.7584424099     7.6666094043
H       20.5868141711     1.7968858813     5.4481016989
C       19.8246530240     1.6313099050     6.2198899666
H       18.9630182683     1.1480844062     5.7431717163
H       20.2449739604     0.9249315340     6.9443135766
H       21.4069296737     3.8609383666     6.7541531689
H       21.1129879479     3.0221807365     8.2826222748
H       20.3631978059     4.5965583852     7.9809478976
Si       16.3886833307     3.4135029617     4.3539407820
O       16.3842092999     4.9896464469     4.7819632981
O       17.9329839282     3.0653414743     3.9214852615
O       15.3681085132     2.9449494005     3.1579261450
O       16.1839289781     2.5843430298     5.7432691646
Si       16.5023275156     6.5937669233     4.4192122876
Si       13.9149817381     2.5408537249     2.4510786412
Si       18.8135479451     2.5504884511     2.6353180474
Si       15.7681330140     1.1725377862     6.4716917235
H       17.8729881996     6.8732827680     3.9181251030
H       15.5320123645     6.9566886614     3.3070762261
H       16.2437470912     7.4535774214     5.6292616063
H       12.8292270496     3.3176348418     3.0763856957
H       13.9652001107     2.8664608239     1.0213146562
H       18.4471560461     3.3150055970     1.3718206709
H       13.7044068855     1.1076464819     2.6812323424
H       18.5498380335     1.0918398092     2.3179536166
H       16.4327354701     0.9335368814     7.8092047275
H       14.2631827829     1.0020163399     6.7138815141
H       20.3343376575     2.6858708585     2.7741059276
H       16.1854618396     0.0671196036     5.5647793472
32
# Point 4 Energy = 0.0
C       20.6478491929     3.6437873698     7.5084737750
H       18.9725571805     3.6093272720     6.1517861832
C       19.4406841200     2.9469938787     6.8872901886
H       18.6855225567     2.7594131096     7.6615652655
H       20.5878836855     1.7931450436     5.4472700265
C       19.8250939236     1.6286466439     6.2187565465
H       18.9647831673     1.1428235740     5.7424281915
H       20.2460950253     0.9250867782     6.9455973705
H       21.4079119413     3.8537405291     6.7464954067
H       21.1125486250     3.0179390302     8.2761240026
H       20.3678617178     4.5945431592     7.9732723557
Si       16.3751317818     3.4130070552     4.3368932040
O       16.4091241385     4.9823448556     4.7911670847
O       17.9302461596     3.0595550840     3.9451514542
O       15.3662170684     2.9256796949     3.1372756354
O       16.2119412253     2.5888654393     5.7338336587
Si       16.4962831842     6.5898672297     4.4293875546
Si       13.9018860302     2.5365198645     2.4298545148
Si       18.8064107034     2.5534876480     2.6561488974
Si       15.7769040767     1.1927860113     6.4762822413
H       17.8603661274     6.8848690409     3.9292370329
H       15.5194461773     6.9536431673     3.3156921160
H       16.2241236810     7.4346086095     5.6434457390
H       12.8340004569     3.3250836941     3.0641917534
H       13.9745530052     2.8721378723     1.0131807808
H       18.4495946994     3.3106300239     1.3723784454
H       13.7004886706     1.1130001523     2.6676291487
H       18.5564304639     1.0895135314     2.3179577971
H       16.4337895859     0.9587602446     7.8199428632
H       14.2639572202     1.0177175905     6.7259010547
H       20.3349197030     2.6877821784     2.7770524044
H       16.1833753054     0.0679966242     5.5855026667
32
# Point 5 Energy = 0.0
C       20.6489601226     3.6398049184     7.5001370608
H       18.9728141163     3.6056754703     6.1435099697
C       19.4398596618     2.9453550040     6.8808243852
H       18.6843536359     2.7606406828     7.6554363575
H       20.5888579738     1.7878248505     5.4460124057
C       19.8253783211     1.6250740575     6.2172760738
H       18.9662788170     1.1365875388     5.7416269877
H       20.2468544170     0.9246791216     6.9469658485
H       21.4092904595     3.8455160666     6.7371972991
H       21.1122416205     3.0136840025     8.2684766533
H       20.3730909658     4.5925053419     7.9634554194
Si       16.3619516394     3.4113249439     4.3182976520
O       16.4346038421     4.9727773969     4.7976937783
O       17.9269172835     3.0523509193     3.9683471138
O       15.3646270059     2.9052342846     3.1155469274
O       16.2401735814     2.5937787834     5.7224671329
Si       16.4879657830     6.5843729802     4.4421791224
Si       13.8896333932     2.5331347602     2.4057394914
Si       18.7996157947     2.5554864785     2.6770535663
Si       15.7863332396     1.2161931553     6.4831683895
H       17.8451021757     6.8989224182     3.9450556907
H       15.5046508382     6.9507589964     3.3274748897
H       16.2000901063     7.4093189988     5.6626065881
H       12.8401086333     3.3340981330     3.0483157022
H       13.9869016703     2.8787960570     1.0027994489
H       18.4524396333     3.3045768020     1.3729387543
H       13.6957779466     1.1194799032     2.6502768879
H       18.5647207026     1.0863116029     2.3183001428
H       16.4358355364     0.9917317535     7.8334976993
H       14.2655206590     1.0374802248     6.7414270537
H       20.3354474379     2.6901722967     2.7807226275
H       16.1815835864     0.0696540562     5.6123382402
32
# Point 6 Energy = 0.0
C       20.6502956041     3.6355657499     7.4902448839
H       18.9733334524     3.6013514319     6.1336450707
C       19.4391100247     2.9433951003     6.8731895168
H       18.6831930179     2.7622330145     7.6482232157
H       20.5896377406     1.7810016853     5.4443605537
C       19.8254090037     1.6206819804     6.2154804745
H       18.9674070803     1.1294545809     5.7408151466
H       20.2471593816     0.9238191053     6.9484589349
H       21.4109588737     3.8363545485     6.7262545300
H       21.1119663845     3.0095394884     8.2596851917
H       20.3787822369     4.5905520732     7.9514670786
Si       16.3490429263     3.4084772940     4.2981468026
O       16.4604215867     4.9610165430     4.8014780969
O       17.9228307568     3.0438267898     3.9909919011
O       15.3631956775     2.8835902181     3.0927804148
O       16.2684427174     2.5990812333     5.7091416932
Si       16.4776973236     6.5771641112     4.4577938636
Si       13.8782261083     2.5305662999     2.3786726924
Si       18.7929445536     2.5564723064     2.6979567760
Si       15.7965441275     1.2428084136     6.4921355725
H       17.8275630597     6.9148987272     3.9661577157
H       15.4881661809     6.9484311259     3.3426195410
H       16.1722166664     7.3773105988     5.6868466835
H       12.8474672404     3.3444239891     3.0286652683
H       14.0022927904     2.8861427248     0.9902068473
H       18.4554704334     3.2967259863     1.3733838215
H       13.6903732283     1.1269243794     2.6292193008
H       18.5745344744     1.0822057140     2.3190544660
H       16.4391107722     1.0326428560     7.8495235521
H       14.2680525709     1.0611499090     6.7603567281
H       20.3357288013     2.6930612777     2.7849846772
H       16.1804058034     0.0724327439     5.6452243483
32
# Point 7 Energy = 0.0
C       20.6517555033     3.6311668564     7.4788071428
H       18.9740132738     3.5964264423     6.1222042702
C       19.4383391207     2.9412028056     6.8644019405
H       18.6819492793     2.7642866553     7.6399388838
H       20.5901262068     1.7727607250     5.4423541472
C       19.8250929216     1.6155626467     6.2134079709
H       18.9680743618     1.1215076345     5.7400440375
H       20.2469236973     0.9226168362     6.9501168080
H       21.4128113130     3.8263441652     6.7136826296
H       21.1116268425     3.0056184836     8.2497669744
H       20.3848333186     4.5887778557     7.9373009014
Si       16.3363040213     3.4044888549     4.2764559095
O       16.4863429562     4.9471466993     4.8024933237
O       17.9178273362     3.0341006814     4.0130201106
O       15.3617774552     2.8607352416     3.0690385011
O       16.2965679975     2.6047642028     5.6938510348
Si       16.4658039190     6.5680931133     4.4764020507
Si       13.8676720795     2.5286789416     2.3486207353
Si       18.7861793592     2.5564667981     2.7187884644
Si       15.8076474858     1.2726792896     6.5029391753
H       17.8081190819     6.9321611936     3.9930890454
H       15.4705118572     6.9470095019     3.3613172788
H       16.1411061849     7.3381961680     5.7161298901
H       12.8559917426     3.3558029736     3.0051832777
H       14.0207557461     2.8938824889     0.9754787402
H       18.4584637716     3.2869989453     1.3736125013
H       13.6843848189     1.1351768422     2.6045249906
H       18.5856932233     1.0772040616     2.3202878654
H       16.4438419838     1.0816414058     7.8675878919
H       14.2717258990     1.0885896677     6.7825618511
H       20.3355652780     2.6964964184     2.7897052507
H       16.1801525641     0.0767174040     5.6840517649
32
# Point 8 Energy = 0.0
C       20.6532422505     3.6266961969     7.4658514138
H       18.9747530306     3.5909687940     6.1092198187
C       19.4374540151     2.9388606692     6.8544920183
H       18.6805354159     2.7668859549     7.6306082501
H       20.5902298651     1.7631943393     5.4400408834
C       19.8243415423     1.6098093582     6.2111028471
H       18.9681920295     1.1128332338     5.7393687289
H       20.2460675071     0.9211804781     6.9519799127
H       21.4147432091     3.8155701176     6.6995171414
H       21.1111312910     3.0020216388     8.2387518613
H       20.3911435522     4.5872632906     7.9209738582
Si       16.3236331873     3.3993884510     4.2532613683
O       16.5121313812     4.9312629558     4.8007513986
O       17.9117574325     3.0233081215     4.0343804984
O       15.3602253142     2.8366690903     3.0444032197
O       16.3243744752     2.6108131567     5.6766093117
Si       16.4526116003     6.5569884823     4.4981368548
Si       13.8579850684     2.5273352193     2.3155763405
Si       18.7791072502     2.5555238501     2.7394842992
Si       15.8197411623     1.3058501963     6.5153088161
H       17.7871459954     6.9499846670     4.0263525149
H       15.4521801403     6.9467966866     3.3837678386
H       16.1073790464     7.2916114863     5.7502795823
H       12.8655974102     3.3679758390     2.9778452806
H       14.0423004025     2.9017206138     0.9587289056
H       18.4611982714     3.2753580019     1.3735408177
H       13.6779326841     1.1440856052     2.5762854779
H       18.5980172520     1.0713510797     2.3220595834
H       16.4502412078     1.1388282668     7.8871772896
H       14.2767072645     1.1196837545     6.8078964694
H       20.3347553127     2.7005508274     2.7947507307
H       16.1811250327     0.0829315771     5.7286620279
32
# Point 9 Energy = 0.0
C       20.6546610220     3.6222315655     7.4514228329
H       18.9754543032     3.5850430739     6.0947426353
C       19.4363651132     2.9364442836     6.8435036682
H       18.6788685694     2.7701025563     7.6202673989
H       20.5898589793     1.7524004277     5.4374765452
C       19.8230709061     1.6035152118     6.2086152745
H       18.9676765165     1.1035204932     5.7388474436
H       20.2445167769     0.9196148065     6.9540891535
H       21.4166519465     3.8041131514     6.6838136592
H       21.1103920095     2.9988360271     8.2266823702
H       20.3976141170     4.5860741964     7.9025260142
Si       16.3109300237     3.3932092058     4.2286189859
O       16.5375532177     4.9134697727     4.7963018650
O       17.9044830257     3.0115992992     4.0550357751
O       15.3583923619     2.8114048331     3.0189735468
O       16.3516957586     2.6172087666     5.6574496024
Si       16.4384423400     6.5436587161     4.5230943520
Si       13.8491848109     2.5263974808     2.2795567972
Si       18.7715229982     2.5537266621     2.7599860375
Si       15.8329111160     1.3423608730     6.5289526752
H       17.7650260267     6.9675615567     4.0663943524
H       15.4336314527     6.9480446506     3.4101911441
H       16.0716576454     7.2372289583     5.7889811142
H       12.8761991883     3.3806857057     2.9466568007
H       14.0669147584     2.9093667928     0.9401070008
H       18.4634588625     3.2618048142     1.3731020865
H       13.6711440089     1.1535047454     2.5446131395
H       18.6113283247     1.0647261954     2.3244202258
H       16.4585031541     1.2042538929     7.9077052875
H       14.2831587376     1.1543406887     6.8362037583
H       20.3330973043     2.7053208943     2.7999881551
H       16.1836152244     0.0915317019     5.7788456622
32
# Point 10 Energy = 0.0
C       20.6559198306     3.6178397491     7.4355839712
H       18.9760214856     3.5787096885     6.0788414601
C       19.4349862334     2.9340216635     6.8314939515
H       18.6768696307     2.7739952243     7.6089630726
H       20.5889279239     1.7404807687     5.4347251028
C       19.8212015088     1.5967719244     6.2060012469
H       18.9664492291     1.0936601389     5.7385411591
H       20.2422025504     0.9180198673     6.9564862905
H       21.4184374324     3.7920482951     6.6666477875
H       21.1093247500     2.9961342146     8.2136139131
H       20.4041482635     4.5852611169     7.8820201726
Si       16.2980968738     3.3859889530     4.2026021241
O       16.5623822635     4.8938797248     4.7892298245
O       17.8958791763     2.9991360672     4.0749618427
O       15.3561333431     2.7849701968     2.9928625967
O       16.3783766106     2.6239283214     5.6364221285
Si       16.4236103035     6.5278967035     4.5513339059
Si       13.8412970741     2.5257297754     2.2406024714
Si       18.7632316048     2.5511841564     2.7802417038
Si       15.8472331469     1.3822446454     6.5435617383
H       17.7421477772     6.9840096347     4.1135899342
H       15.4152924722     6.9509504161     3.4408374166
H       16.0345508480     7.1747720213     5.8317884532
H       12.8877114680     3.3936814278     2.9116503781
H       14.0945625071     2.9165392279     0.9197959273
H       18.4650404799     3.2463777358     1.3722466388
H       13.6641505219     1.1632950331     2.5096391168
H       18.6254516743     1.0574417233     2.3274112598
H       16.4688034627     1.2779148939     7.9285218666
H       14.2912407716     1.1924954866     6.8673215584
H       20.3303921370     2.7109228496     2.8052859867
H       16.1879072452     0.1030003548     5.8343403597
32
# Point 11 Energy = 0.0
C       20.6569296267     3.6135760047     7.4184147350
H       18.9763624507     3.5720246175     6.0616020318
C       19.4332346727     2.9316528768     6.8185327429
H       18.6744628554     2.7786099750     7.5967522992
H       20.5873554502     1.7275394529     5.4318588619
C       19.8186581335     1.5896687917     6.2033226439
H       18.9644363797     1.0833436123     5.7385133898
H       20.2390601611     0.9164897895     6.9592145294
H       21.4200026540     3.7794438663     6.6481150420
H       21.1078482440     2.9939736721     8.1996151169
H       20.4106515834     4.5848592223     7.8595415187
Si       16.2850402047     3.3777707624     4.1752998559
O       16.5864035874     4.8726124030     4.7796531088
O       17.8858351898     2.9860889277     4.0941468528
O       15.3533061331     2.7574087866     2.9661948485
O       16.4042751850     2.6309472832     5.6135923834
Si       16.4084183734     6.5094843418     4.5828788255
Si       13.8343536882     2.5251997892     2.1987755011
Si       18.7540502438     2.5480269567     2.8002055775
Si       15.8627750251     1.4255265542     6.5588138589
H       17.7189048279     6.9983817958     4.1682292198
H       15.3975565455     6.9556504293     3.4759949723
H       15.9966391225     7.1040297363     5.8781347584
H       12.9000477664     3.4067208710     2.8728825309
H       14.1251805574     2.9229689041     0.8980087087
H       18.4657510392     3.2291484237     1.3709411860
H       13.6570856595     1.1733249985     2.4715112299
H       18.6402174216     1.0496400429     2.3310646964
H       16.4812975702     1.3597506491     7.9489241997
H       14.3011158647     1.2341111208     6.9010863158
H       20.3264452551     2.7174886483     2.8105146350
H       16.1942791283     0.1178386943     5.8948291833
32
# Point 12 Energy = 0.0
C       20.6576044773     3.6094838829     7.4000122846
H       18.9763892299     3.5650393878     6.0431263240
C       19.4310313377     2.9293899288     6.8047024977
H       18.6715755967     2.7839804748     7.5837022055
H       20.5850649489     1.7136814757     5.4289586412
C       19.8153697258     1.5822918201     6.2006474118
H       18.9615688444     1.0726622620     5.7388301512
H       20.2350285407     0.9151117999     6.9623192717
H       21.4212542609     3.7663608085     6.6283306820
H       21.1058838379     2.9923965660     8.1847682014
H       20.4170323696     4.5848886106     7.8351972751
Si       16.2716719480     3.3686035024     4.1468152327
O       16.6094166222     4.8497935260     4.7677188983
O       17.8742554883     2.9726340857     4.1125901676
O       15.3497732120     2.7287811106     2.9391035139
O       16.4292648303     2.6382408732     5.5890393074
Si       16.3931550241     6.4881972327     4.6177172409
Si       13.8283925550     2.5246807160     2.1541587760
Si       18.7438096993     2.5444031308     2.8198380136
Si       15.8795987227     1.4722213806     6.5743776080
H       17.6956929868     7.0096778024     4.2305023342
H       15.3807860452     6.9622137251     3.5159951271
H       15.9584610195     7.0248708971     5.9273466172
H       12.9131203053     3.4195739819     2.8304307094
H       14.1586765668     2.9284039392     0.8749848399
H       18.4654136740     3.2102179651     1.3691678918
H       13.6500816349     1.1834720241     2.4303918809
H       18.6554614582     1.0414902214     2.3354028725
H       16.4961198866     1.4496400768     7.9681684146
H       14.3129525385     1.2791792196     6.9373353197
H       20.3210683198     2.7251614219     2.8155467351
H       16.2030048927     0.1365581504     5.9599389130
32
# Point 13 Energy = 0.0
C       20.6578618552     3.6055954231     7.3804909380
H       18.9760187125     3.5578012510     6.0235318476
C       19.4283009815     2.9272768982     6.7900980973
H       18.6681382180     2.7901286739     7.5698900002
H       20.5819847503     1.6990115543     5.4261139410
C       19.8112693786     1.5747230641     6.1980498302
H       18.9577821175     1.0617066428     5.7395600858
H       20.2300497263     0.9139654889     6.9658489695
H       21.4221031831     3.7528524124     6.6074294384
H       21.1033553231     2.9914299630     8.1691693607
H       20.4232020807     4.5853550083     7.8091163424
Si       16.2579107654     3.3585423545     4.1172637237
O       16.6312375316     4.8255542714     4.7536000219
O       17.8610602321     2.9589506288     4.1303013011
O       15.3454030943     2.6991653208     2.9117281145
O       16.4532354236     2.6457855756     5.5628536223
Si       16.3780916449     6.4638093220     4.6558031708
Si       13.8234576026     2.5240529488     2.1068552505
Si       18.7323553633     2.5404738741     2.8391051390
Si       15.8977624986     1.5223315953     6.5899159246
H       17.6729062536     7.0168579805     4.3004858063
H       15.3653162474     6.9706341293     3.5612138067
H       15.9205016582     6.9372569958     5.9786615975
H       12.9268394707     3.4320255438     2.7843902772
H       14.1949265777     2.9326138902     0.8509860213
H       18.4638682656     3.1897127658     1.3669232286
H       13.6432664854     1.1936233401     2.3864558984
H       18.6710258778     1.0331842364     2.3404382704
H       16.5133830415     1.5473987064     7.9854821244
H       14.3269292649     1.3277199924     6.9759072741
H       20.3140805038     2.7340907359     2.8202572383
H       16.2143564700     0.1596714119     6.0292386972
32
# Point 14 Energy = 0.0
C       20.6576230386     3.6019317332     7.3599820047
H       18.9751733386     3.5503535531     6.0029509961
C       19.4249725528     2.9253503218     6.7748267322
H       18.6640842108     2.7970656478     7.5554030870
H       20.5780484760     1.6836332248     5.4234230489
C       19.8062944598     1.5670401979     6.1956108076
H       18.9530163994     1.0505659364     5.7407747055
H       20.2240686298     0.9131223642     6.9698560099
H       21.4224652628     3.7389644619     6.5855650810
H       21.1001889910     2.9910864737     8.1529290717
H       20.4290758901     4.5862508694     7.7814488783
Si       16.2436831806     3.3476492063     4.0867718633
O       16.6517008965     4.8000307892     4.7374911440
O       17.8461857095     2.9452178724     4.1472989109
O       15.3400716729     2.6686575884     2.8842123072
O       16.4760942138     2.6535604667     5.5351363969
Si       16.3634804234     6.4360973812     4.6970577858
Si       13.8195986298     2.5232054824     2.0569876033
Si       18.7195478534     2.5364092868     2.8579784841
Si       15.9173226381     1.5758452588     6.6050896053
H       17.6509317057     7.0188587795     4.3781299964
H       15.3514602911     6.9808218951     3.6120696370
H       15.8831837980     6.8412534228     6.0312487094
H       12.9411131663     3.4438775466     2.7348715412
H       14.2337729124     2.9353938908     0.8262911874
H       18.4609723045     3.1677804098     1.3642167021
H       13.6367612154     1.2036767837     2.3398882709
H       18.6867590390     1.0249329461     2.3461733420
H       16.5331770142     1.6527762197     8.0000775121
H       14.3432380361     1.3797813348     7.0166413473
H       20.3053094695     2.7444278687     2.8245233974
H       16.2286051801     0.1876827860     6.1022391932
32
# Point 15 Energy = 0.0
C       20.6568135889     3.5985039594     7.3386334748
H       18.9737817374     3.5427362763     5.9815303904
C       19.4209796316     2.9236398179     6.7590077627
H       18.6593505050     2.8047926122     7.5403392457
H       20.5731954302     1.6676482604     5.4209930112
C       19.8003868794     1.5593163398     6.1934181388
H       18.9472168244     1.0393275068     5.7425486893
H       20.2170330956     0.9126457229     6.9743975394
H       21.4222618578     3.7247358301     6.5629097515
H       21.0963139093     2.9913653433     8.1361722409
H       20.4345732729     4.5875568569     7.7523657432
Si       16.2289244944     3.3359928647     4.0554761154
O       16.6706607820     4.7733638339     4.7196050133
O       17.8295844906     2.9316128990     4.1636099011
O       15.3336634254     2.6373720462     2.8567019760
O       16.4977661619     2.6615482931     5.5059978863
Si       16.3495529031     6.4048452523     4.7413708800
Si       13.8168709617     2.5220369293     2.0046982213
Si       18.7052632841     2.5323843623     2.8764346145
Si       15.9383346912     1.6327338984     6.6195606821
H       17.6301436308     7.0146100505     4.4632482588
H       15.3395147972     6.9925952905     3.6690184428
H       15.8468619457     6.7370383519     6.0842313056
H       12.9558461332     3.4549511208     2.6819968635
H       14.2750225945     2.9365685016     0.8011907797
H       18.4566011255     3.1445856563     1.3610695260
H       13.6306772249     1.2135411845     2.2908817585
H       18.7025153387     1.0169619374     2.3526003295
H       16.5555680152     1.7654546316     8.0111647760
H       14.3620873174     1.4354370422     7.0593749102
H       20.2945920601     2.7563213011     2.8282247471
H       16.2460224897     0.2210780265     6.1783923844
