32
# Point -15 Energy = 0.0
C       20.6311279701     3.7112557202     7.5582026674
H       19.0355638652     3.5439151578     6.3270280793
C       19.4109465173     2.9973286373     6.9339737901
H       18.8299105169     2.8509797529     7.5334684938
H       21.1856987489     1.9549992332     4.8675543595
C       19.8101211844     1.7365739457     6.3095568240
H       18.1572023698     0.7361633557     5.3335943128
H       20.4879232712     0.5256878708     7.4274385269
H       21.3226010144     3.9097038228     6.8713524235
H       21.0676702412     3.1304136439     8.2893265026
H       20.3401784076     4.6193587876     7.9975766590
Si       16.4277956875     3.4242761359     4.4071571158
O       16.3015301197     5.0153346703     4.7394287789
O       17.9393861561     3.0927355988     3.8695091851
O       15.3806301798     3.0004078133     3.2210064502
O       16.0946545593     2.5964576993     5.7747208644
Si       16.4853727319     6.6132985926     4.3927961102
Si       13.9688332873     2.5545139645     2.5011916040
Si       18.8480517815     2.5517056727     2.6033750359
Si       15.7382177537     1.1569522010     6.4947295884
H       17.8744724440     6.8768951711     3.9038833629
H       15.5369200952     6.9677455335     3.2814916080
H       16.2424048452     7.4997505498     5.5977068724
H       12.8267841963     3.2995950778     3.0841847421
H       13.9706250147     2.8425779474     1.0333625726
H       18.4565584289     3.3259315569     1.3939124336
H       13.7253103507     1.0939597354     2.7101457582
H       18.5585114577     1.1069184270     2.3560992882
H       16.4207628774     0.9397943790     7.8225025712
H       14.2570989514     1.0025521359     6.7136193564
H       20.3413041215     2.7063590722     2.8074757225
H       16.1938114531     0.0891601375     5.5697936999
32
# Point -14 Energy = 0.0
C       20.6323415788     3.7071979666     7.5559629166
H       19.0318238998     3.5484661380     6.3163262451
C       19.4134093343     2.9938005836     6.9316913876
H       18.8208540551     2.8444045743     7.5428565476
H       21.1460866082     1.9465241076     4.9067005084
C       19.8111607639     1.7293684395     6.3035259747
H       18.2088181688     0.7658847421     5.3619167299
H       20.4715463317     0.5526460452     7.3960161147
H       21.3283597991     3.9071119640     6.8642931016
H       21.0710035885     3.1236309533     8.2895878779
H       20.3411913306     4.6178440469     7.9970683280
Si       16.4281292009     3.4230610108     4.4063677652
O       16.3024869585     5.0140243766     4.7394284508
O       17.9393846324     3.0913218992     3.8680121303
O       15.3803614224     3.0000702734     3.2204451357
O       16.0952459313     2.5947472797     5.7737020713
Si       16.4866944571     6.6120800228     4.3934402022
Si       13.9681492970     2.5549430039     2.5009736995
Si       18.8474134872     2.5505481580     2.6012724014
Si       15.7386446880     1.1550072108     6.4931862936
H       17.8756891968     6.8754627536     3.9041117568
H       15.5379247112     6.9673297032     3.2826667268
H       16.2444733584     7.4980620146     5.5988496683
H       12.8265592804     3.3001187123     3.0847477411
H       13.9694612366     2.8436728358     1.0332750231
H       18.4556873944     3.3254562003     1.3923049168
H       13.7242480171     1.0943714727     2.7093603423
H       18.5573157917     1.1059747158     2.3534452959
H       16.4216316003     0.9370396940     7.8205988147
H       14.2575582874     1.0009805247     6.7125824053
H       20.3407855152     2.7046504676     2.8048568135
H       16.1935406769     0.0875001088     5.5675919733
32
# Point -13 Energy = 0.0
C       20.6335399025     3.7031820049     7.5537415515
H       19.0280525128     3.5530508231     6.3056521151
C       19.4158609210     2.9903093143     6.9294257728
H       18.8117808259     2.8378609646     7.5522546615
H       21.1064065002     1.9377660982     4.9457919489
C       19.8121773372     1.7222046669     6.2975109983
H       18.2606873567     0.7953666380     5.3901101623
H       20.4551542857     0.5795182662     7.3644484443
H       21.3341033835     3.9045627120     6.8572525715
H       21.0743227803     3.1168914092     8.2898674015
H       20.3421883582     4.6163711589     7.9965764445
Si       16.4284594007     3.4218620807     4.4055867831
O       16.3034344131     5.0127307524     4.7394289026
O       17.9393823175     3.0899274793     3.8665298225
O       15.3800949886     2.9997404315     3.2198912299
O       16.0958320913     2.5930579537     5.7726938879
Si       16.4880028781     6.6108768332     4.3940786251
Si       13.9674718152     2.5553719548     2.5007610152
Si       18.8467801145     2.5494078902     2.5991901315
Si       15.7390685764     1.1530855685     6.4916587023
H       17.8768931245     6.8740484202     3.9043377620
H       15.5389188812     6.9669211358     3.2838320551
H       16.2465217842     7.4963928337     5.5999816667
H       12.8263368416     3.3006405288     3.0853088761
H       13.9683080686     2.8447613862     1.0331919344
H       18.4548230155     3.3249913908     1.3907135349
H       13.7231960983     1.0947835916     2.7085858019
H       18.5561304905     1.1050466394     2.3508173321
H       16.4224933286     0.9343164538     7.8187133912
H       14.2580146941     0.9994280741     6.7115572116
H       20.3402702933     2.7029651462     2.8022621308
H       16.1932732202     0.0858613989     5.5654124907
32
# Point -12 Energy = 0.0
C       20.6347228941     3.6992083035     7.5515389081
H       19.0242497335     3.5576692886     6.2950058088
C       19.4183013117     2.9868551806     6.9271772683
H       18.8026907138     2.8313493477     7.5616630245
H       21.0666576010     1.9287248011     4.9848261394
C       19.8131711349     1.7150829514     6.2915124047
H       18.3128080210     0.8246099942     5.4181740220
H       20.4387465713     0.6063023591     7.3327348969
H       21.3398317974     3.9020565171     6.8502312404
H       21.0776277534     3.1101956093     8.2901655299
H       20.3431693128     4.6149406152     7.9961012321
Si       16.4287864119     3.4206793123     4.4048142277
O       16.3043724710     5.0114537950     4.7394300821
O       17.9393794016     3.0885523609     3.8650624354
O       15.3798310949     2.9994180971     3.2193447379
O       16.0964131441     2.5913897585     5.7716964180
Si       16.4892978859     6.6096890222     4.3947112306
Si       13.9668011230     2.5558004796     2.5005534856
Si       18.8461519727     2.5482848524     2.5971284839
Si       15.7394895868     1.1511873279     6.4901469966
H       17.8780841362     6.8726522254     3.9045612993
H       15.5399025273     6.9665196913     3.2849873477
H       16.2485498774     7.4947430856     5.6011026566
H       12.8261170644     3.3011601657     3.0858679628
H       13.9671658546     2.8458431568     1.0331132076
H       18.4539656112     3.3245370050     1.3891384567
H       13.7221549694     1.0951957407     2.7078221535
H       18.5549559823     1.1041341308     2.3482157279
H       16.4233481746     0.9316248508     7.8168465550
H       14.2584683276     0.9978947576     6.7105438720
H       20.3397587526     2.7013032030     2.7996920224
H       16.1930093856     0.0842440136     5.5632555256
32
# Point -11 Energy = 0.0
C       20.6358905080     3.6952773272     7.5493553208
H       19.0204155917     3.5623216050     6.2843874412
C       19.4207305415     2.9834385323     6.9249461959
H       18.7935836024     2.8248701462     7.5710818233
H       21.0268391022     1.9193998096     5.0238005256
C       19.8141423884     1.7080036132     6.2855307026
H       18.3651782513     0.8536157740     5.4461077375
H       20.4223226439     0.6329961136     7.3008748468
H       21.3455450732     3.8995938257     6.8432295136
H       21.0809184468     3.1035441485     8.2904827186
H       20.3441340191     4.6135529047     7.9956429123
Si       16.4291103581     3.4195126744     4.4040501579
O       16.3053011199     5.0101935044     4.7394319387
O       17.9393760726     3.0871965661     3.8636101422
O       15.3795699549     2.9991030833     3.2188056661
O       16.0969891937     2.5897427339     5.7707097661
Si       16.4905793733     6.6085165907     4.3953378718
Si       13.9661374970     2.5562282459     2.5003510471
Si       18.8455293675     2.5471790273     2.5950877148
Si       15.7399078847     1.1493125451     6.4886513599
H       17.8792621428     6.8712742245     3.9047822905
H       15.5408755721     6.9661252333     3.2861323618
H       16.2505573965     7.4931128518     5.6022124290
H       12.8259001306     3.3016772680     3.0864248200
H       13.9660349332     2.8469177115     1.0330387460
H       18.4531154961     3.3240929200     1.3875798500
H       13.7211249994     1.0956075744     2.7070694155
H       18.5537926895     1.1032371230     2.3456408127
H       16.4241962495     0.9289650785     7.8149985612
H       14.2589193421     0.9963805522     6.7095424853
H       20.3392511863     2.6996647309     2.7971468335
H       16.1927494717     0.0826479607     5.5611213517
32
# Point -10 Energy = 0.0
C       20.6370427014     3.6913895364     7.5471911218
H       19.0165501183     3.5670078370     6.2737971226
C       19.4231486461     2.9800597165     6.9227328764
H       18.7844593747     2.8184237810     7.5805112419
H       20.9869502127     1.9097907222     5.0627125415
C       19.8150913304     1.7009669675     6.2795663990
H       18.4177961312     0.8823849603     5.4739107574
H       20.4058819769     0.6595972834     7.2688676624
H       21.3512432459     3.8971750789     6.8362477944
H       21.0841948021     3.0969376179     8.2908194217
H       20.3450823046     4.6122085123     7.9952017044
Si       16.4294313612     3.4183621377     4.4032946332
O       16.3062203483     5.0089498823     4.7394344233
O       17.9393725163     3.0858601171     3.8621731155
O       15.3793117791     2.9987952062     3.2182740222
O       16.0975603427     2.5881169212     5.7697340375
Si       16.4918472350     6.6073595415     4.3959584039
Si       13.9654812095     2.5566549269     2.5001536385
Si       18.8449126005     2.5460903967     2.5930680786
Si       15.7403236338     1.1474612781     6.4871719761
H       17.8804270574     6.8699144736     3.9050006585
H       15.5418379402     6.9657376292     3.2872668572
H       16.2525441042     7.4915022157     5.6033107778
H       12.8256862184     3.3021914874     3.0869792702
H       13.9649156376     2.8479846199     1.0329684550
H       18.4522729810     3.3236590131     1.3860378811
H       13.7201065517     1.0960187522     2.7063276083
H       18.5526410288     1.1023555485     2.3430929137
H       16.4250376636     0.9263373311     7.8131696649
H       14.2593678891     0.9948854387     6.7085531520
H       20.3387478845     2.6980498201     2.7946269065
H       16.1924937730     0.0810732493     5.5590102423
32
# Point -9 Energy = 0.0
C       20.6381794217     3.6875454123     7.5450466507
H       19.0126533336     3.5717280643     6.2632349677
C       19.4255556529     2.9767191002     6.9205376383
H       18.7753179019     2.8120106929     7.5899514693
H       20.9469901314     1.8998969483     5.1015595892
C       19.8160181870     1.6939733468     6.2736200120
H       18.4706599682     0.9109183360     5.5015824485
H       20.3894240582     0.6861035716     7.2367126676
H       21.3569263423     3.8948007374     6.8292864941
H       21.0874567510     3.0903766315     8.2911761031
H       20.3460139860     4.6109079450     7.9947778325
Si       16.4297495357     3.4172276870     4.4025477181
O       16.3071301364     5.0077229458     4.7394374884
O       17.9393689115     3.0845430496     3.8607515340
O       15.3790567712     2.9984942941     3.2177498184
O       16.0981266855     2.5865123783     5.7687693438
Si       16.4931013574     6.6062178922     4.3965726812
Si       13.9648325263     2.5570802058     2.4999612026
Si       18.8443019676     2.5450189540     2.5910698374
Si       15.7407369892     1.1456336026     6.4857090373
H       17.8815787848     6.8685730423     3.9052163252
H       15.5427895480     6.9653567583     3.2883905915
H       16.2545097538     7.4899112773     5.6043974941
H       12.8254754992     3.3027024867     3.0875311378
H       13.9638082957     2.8490434589     1.0329022434
H       18.4514383710     3.3232351706     1.3845127226
H       13.7190999835     1.0964289440     2.7055967586
H       18.5515014118     1.1014893504     2.3405723683
H       16.4258725179     0.9237418229     7.8113601306
H       14.2598141118     0.9934094158     6.7075759802
H       20.3382491310     2.6964585728     2.7921325922
H       16.1922425764     0.0795199045     5.5569224813
32
# Point -8 Energy = 0.0
C       20.6393009513     3.6837446834     7.5429219194
H       19.0087253817     3.5764817482     6.2527009050
C       19.4279518488     2.9734164095     6.9183605029
H       18.7661592823     2.8056306324     7.5994023405
H       20.9069590954     1.8897232600     5.1403398882
C       19.8169233383     1.6870224688     6.2676916538
H       18.5237625656     0.9392217971     5.5291247034
H       20.3729485114     0.7125137346     7.2044110244
H       21.3625946986     3.8924705190     6.8223456738
H       21.0907045713     3.0838609806     8.2915528372
H       20.3469292872     4.6096509447     7.9943712679
Si       16.4300651319     3.4161089922     4.4018093576
O       16.3080307001     5.0065123826     4.7394410844
O       17.9393655270     3.0832450410     3.8593453505
O       15.3788051810     2.9981999948     3.2172329749
O       16.0986884868     2.5849287719     5.7678156404
Si       16.4943419248     6.6050913469     4.3971806548
Si       13.9641916949     2.5575037075     2.4997736367
Si       18.8436977562     2.5439643715     2.5890929384
Si       15.7411482433     1.1438291710     6.4842625018
H       17.8827175150     6.8672496481     3.9054292505
H       15.5437305641     6.9649823127     3.2895034944
H       16.2564545094     7.4883397560     5.6054725422
H       12.8252681957     3.3032098915     3.0880803169
H       13.9627131484     2.8500938475     1.0328399922
H       18.4506119340     3.3228210614     1.3830043049
H       13.7181055705     1.0968377585     2.7048767610
H       18.5503741535     1.1006381810     2.3380791147
H       16.4267011153     0.9211782195     7.8095699380
H       14.2602582937     0.9919521215     6.7066109156
H       20.3377552226     2.6948906785     2.7896638550
H       16.1919962000     0.0779875660     5.5548580188
32
# Point -7 Energy = 0.0
C       20.6404069516     3.6799884706     7.5408175446
H       19.0047662011     3.5812694905     6.2421951818
C       19.4303370362     2.9701525585     6.9162020611
H       18.7569831976     2.7992846405     7.6088643557
H       20.8668554552     1.8792644310     5.1790501394
C       19.8178068796     1.6801151834     6.2617821866
H       18.5771069662     0.9672918084     5.5565348048
H       20.3564547707     0.7388244290     7.1719603822
H       21.3682480784     3.8901855138     6.8154260421
H       21.0939378992     3.0773919812     8.2919504211
H       20.3478276758     4.6084386700     7.9939824471
Si       16.4303781417     3.4150063147     4.4010797204
O       16.3089218162     5.0053184985     4.7394451689
O       17.9393624566     3.0819664367     3.8579549372
O       15.3785571633     2.9979123008     3.2167235864
O       16.0992456890     2.5833665025     5.7668731750
Si       16.4955685706     6.6039801982     4.3977820994
Si       13.9635589852     2.5579251790     2.4995909285
Si       18.8431002581     2.5429269177     2.5871379116
Si       15.7415574251     1.1420484295     6.4828327650
H       17.8838429111     6.8659446659     3.9056393257
H       15.5446606900     6.9646143424     3.2906051810
H       16.2583777787     7.4867880854     5.6065355694
H       12.8250644262     3.3037134133     3.0886265802
H       13.9616305842     2.8511353411     1.0327816399
H       18.4497939959     3.3224167597     1.3815130066
H       13.7171237244     1.0972449324     2.7041677613
H       18.5492597324     1.0998022337     2.3356138301
H       16.4275233772     0.9186472113     7.8077995973
H       14.2607004490     0.9905138753     6.7056582106
H       20.3372664222     2.6933465893     2.7872213727
H       16.1917548913     0.0764765960     5.5528174262
32
# Point -6 Energy = 0.0
C       20.6414973755     3.6762772432     7.5387338589
H       19.0007758137     3.5860913553     6.2317178988
C       19.4327112433     2.9669279081     6.9140626378
H       18.7477895163     2.7929731539     7.6183376965
H       20.8266784698     1.8685198763     5.2176877168
C       19.8186690380     1.6732518106     6.2558921232
H       18.6306914889     0.9951291769     5.5838121665
H       20.3399423834     0.7650332550     7.1393600540
H       21.3738865148     3.8879461681     6.8085280035
H       21.0971566722     3.0709702369     8.2923693137
H       20.3487089752     4.6072716177     7.9936115867
Si       16.4306886741     3.4139196460     4.4003588731
O       16.3098034658     5.0041413176     4.7394496989
O       17.9393598714     3.0807072735     3.8565804709
O       15.3783129112     2.9976310515     3.2162216692
O       16.0997983817     2.5818256346     5.7659420614
Si       16.4967811865     6.6028844706     4.3983768745
Si       13.9629346488     2.5583443206     2.4994130278
Si       18.8425097560     2.5419065844     2.5852050141
Si       15.7419646819     1.1402914608     6.4814200214
H       17.8849548832     6.8646581677     3.9058464749
H       15.5455798456     6.9642527385     3.2916954163
H       16.2602793267     7.4852563730     5.6075863740
H       12.8248643518     3.3042127359     3.0891697631
H       13.9605609135     2.8521675353     1.0327271022
H       18.4489848484     3.3220221533     1.3800389963
H       13.7161547835     1.0976501534     2.7034697926
H       18.5481585410     1.0989814511     2.3331768456
H       16.4283393996     0.9161490162     7.8060493738
H       14.2611407126     0.9890946881     6.7047179791
H       20.3367830021     2.6918264002     2.7848054876
H       16.1915189234     0.0749870256     5.5508009870
32
# Point -5 Energy = 0.0
C       20.6425721883     3.6726114435     7.5366711836
H       18.9967542520     3.5909473834     6.2212691435
C       19.4350745072     2.9637427970     6.9119425480
H       18.7385781162     2.7866965885     7.6278225346
H       20.7864274437     1.8574891875     5.2562500033
C       19.8195100468     1.6664326468     6.2500219626
H       18.6845142531     1.0227349118     5.6109563074
H       20.3234109208     0.7911377912     7.1066093858
H       21.3795100531     3.8857529009     6.8016519505
H       21.1003608405     3.0645963226     8.2928099617
H       20.3495730233     4.6061502579     7.9932588942
Si       16.4309968415     3.4128489689     4.3996468794
O       16.3106756382     5.0029808549     4.7394546325
O       17.9393579436     3.0794675770     3.8552221214
O       15.3780726174     2.9973560832     3.2157272382
O       16.1003466592     2.5803062218     5.7650224102
Si       16.4979796762     6.6018041802     4.3989648442
Si       13.9623189336     2.5587608346     2.4992398855
Si       18.8419265298     2.5409033525     2.5832944924
Si       15.7423701636     1.1385583358     6.4800244593
H       17.8860533528     6.8633902147     3.9060506242
H       15.5464879604     6.9638973889     3.2927739733
H       16.2621589352     7.4837447157     5.6086247618
H       12.8246681329     3.3047075468     3.0897097060
H       13.9595044403     2.8531900307     1.0326762963
H       18.4481847790     3.3216371223     1.3785824347
H       13.7151990795     1.0980531110     2.7027828859
H       18.5470709649     1.0981757661     2.3307684793
H       16.4291492844     0.9136838354     7.8043195244
H       14.2615792222     0.9876945627     6.7037903322
H       20.3363052330     2.6903301909     2.7824165284
H       16.1912885670     0.0735188748     5.5488089751
32
# Point -4 Energy = 0.0
C       20.6436313568     3.6689915099     7.5346298374
H       18.9927015486     3.5958376102     6.2108489989
C       19.4374268651     2.9605975622     6.9098421053
H       18.7293488740     2.7804553588     7.6373190396
H       20.7461017032     1.8461719580     5.2947343731
C       19.8203301390     1.6596579842     6.2441722022
H       18.7385733859     1.0501100251     5.6379667594
H       20.3068599752     0.8171355816     7.0737077212
H       21.3851187402     3.8836061262     6.7947982732
H       21.1035503557     3.0582708095     8.2932728101
H       20.3504196601     4.6050750573     7.9929245743
Si       16.4313027542     3.4117942685     4.3989438041
O       16.3115383231     5.0018371282     4.7394599296
O       17.9393568429     3.0782473731     3.8538800577
O       15.3778364706     2.9970872362     3.2152403100
O       16.1008906140     2.5788083201     5.7641143324
Si       16.4991639449     6.6007393454     4.3995458748
Si       13.9617120828     2.5591744294     2.4990714547
Si       18.8413508548     2.5399172024     2.5814065913
Si       15.7427740175     1.1368491281     6.4786462679
H       17.8871382433     6.8621408688     3.9062517006
H       15.5473849654     6.9635481854     3.2938406275
H       16.2640163900     7.4822532132     5.6096505413
H       12.8244759267     3.3051975413     3.0902462536
H       13.9584614624     2.8542024346     1.0326291418
H       18.4473940704     3.3212615476     1.3771434815
H       13.7142569373     1.0984535008     2.7021070746
H       18.5459973828     1.0973851115     2.3283890473
H       16.4299531314     0.9112518715     7.8026103067
H       14.2620161127     0.9863135061     6.7028753828
H       20.3358333812     2.6888580387     2.7800548207
H       16.1910640881     0.0720721658     5.5468416644
32
# Point -3 Energy = 0.0
C       20.6446748493     3.6654178765     7.5326101366
H       18.9886177366     3.6007620664     6.2004575433
C       19.4397683543     2.9574925384     6.9077616219
H       18.7201016651     2.7742498785     7.6468273780
H       20.7057005969     1.8345677835     5.3331381926
C       19.8211295473     1.6529281111     6.2383433372
H       18.7928670229     1.0772555306     5.6648430673
H       20.2902891609     0.8430241355     7.0406544021
H       21.3907126248     3.8815062530     6.7879673591
H       21.1067251712     3.0519942653     8.2937583017
H       20.3512487277     4.6040464792     7.9926088292
Si       16.4316065204     3.4107555325     4.3982497128
O       16.3123915100     5.0007101577     4.7394655515
O       17.9393567356     3.0770466886     3.8525544482
O       15.3776046560     2.9968243550     3.2147609025
O       16.1014303365     2.5773319880     5.7632179403
Si       16.5003338995     6.5996899876     4.4001198342
Si       13.9611143341     2.5595848198     2.4989076914
Si       18.8407830013     2.5389481144     2.5795415537
Si       15.7431763875     1.1351639139     6.4772856371
H       17.8882094795     6.8609101929     3.9064496315
H       15.5482707922     6.9632050240     3.2948951574
H       16.2658514808     7.4807819676     5.6106635229
H       12.8242878862     3.3056824221     3.0907792539
H       13.9574322717     2.8552043611     1.0325855609
H       18.4466130005     3.3208953109     1.3757222949
H       13.7133286749     1.0988510252     2.7014423942
H       18.5449381666     1.0966094203     2.3260388636
H       16.4307510381     0.9088533285     7.8009219780
H       14.2624515156     0.9849515301     6.7019732461
H       20.3353677086     2.6874100188     2.7777206872
H       16.1908457470     0.0706469229     5.5448993286
32
# Point -2 Energy = 0.0
C       20.6457026354     3.6618909736     7.5306123945
H       18.9845028488     3.6057207780     6.1900948501
C       19.4420990118     2.9544280585     6.9057014084
H       18.7108363640     2.7680805599     7.6563477141
H       20.6652234967     1.8226762630     5.3714588211
C       19.8219085039     1.6462433115     6.2325358607
H       18.8473933098     1.1041724421     5.6915847877
H       20.2736981143     0.8688009283     7.0074487699
H       21.3962917574     3.8794536855     6.7811595929
H       21.1098852416     3.0457672539     8.2942668772
H       20.3520600705     4.6030649834     7.9923118579
Si       16.4319082462     3.4097327511     4.3975646717
O       16.3132351888     4.9995999665     4.7394714607
O       17.9393577852     3.0758655507     3.8512454607
O       15.3773773546     2.9965672882     3.2142890352
O       16.1019659153     2.5758772864     5.7623333468
Si       16.5014894490     6.5986561303     4.4006865920
Si       13.9605259202     2.5599917265     2.4987485538
Si       18.8402232350     2.5379960687     2.5776996209
Si       15.7435774147     1.1335027721     6.4759427577
H       17.8892669881     6.8596982509     3.9066443451
H       15.5491453740     6.9628678049     3.2959373439
H       16.2676640015     7.4793310834     5.6116635200
H       12.8241041610     3.3061618994     3.0913085593
H       13.9564171536     2.8561954307     1.0325454785
H       18.4458418419     3.3205382945     1.3743190320
H       13.7124146038     1.0992453928     2.7007888828
H       18.5438936812     1.0958486259     2.3237182403
H       16.4315431004     0.9064884117     7.7992547961
H       14.2628855595     0.9836086508     6.7010840391
H       20.3349084728     2.6859862040     2.7754144473
H       16.1906337991     0.0692431730     5.5429822415
32
# Point -1 Energy = 0.0
C       20.6467146859     3.6584112274     7.5286369218
H       18.9803569183     3.6107137659     6.1797609881
C       19.4444188744     2.9514044532     6.9036617737
H       18.7015528435     2.7619478144     7.6658802093
H       20.6246697983     1.8104969982     5.4096936115
C       19.8226672401     1.6396038657     6.2267502635
H       18.9021504042     1.1308617697     5.7181914877
H       20.2570864946     0.8944634013     6.9740901655
H       21.4018561899     3.8774488227     6.7743753564
H       21.1130305228     3.0395903353     8.2947989752
H       20.3528535345     4.6021310264     7.9920338571
Si       16.4322080351     3.4087259170     4.3968887479
O       16.3140693492     4.9985065801     4.7394776215
O       17.9393601517     3.0747039877     3.8499532619
O       15.3771547434     2.9963158890     3.2138247292
O       16.1024974369     2.5744442791     5.7614606660
Si       16.5026305038     6.5976378000     4.4012460199
Si       13.9599470683     2.5603948770     2.4985940032
Si       18.8396718161     2.5370610454     2.5758810323
Si       15.7439772366     1.1318657842     6.4746178210
H       17.8903106975     6.8585051074     3.9068357701
H       15.5500086449     6.9625364326     3.2969669709
H       16.2694537498     7.4779006682     5.6126503480
H       12.8239248967     3.3066356914     3.0918340258
H       13.9554163875     2.8571752711     1.0325088220
H       18.4450808618     3.3201903815     1.3729338485
H       13.7115150281     1.0996363189     2.7001465807
H       18.5428642844     1.0951026618     2.3214274872
H       16.4323294116     0.9041573279     7.7976090186
H       14.2633183694     0.9822848890     6.7002078812
H       20.3344559267     2.6845866653     2.7731364175
H       16.1904284941     0.0678609452     5.5410906766
32
# Point 0 Energy = 0
C       20.6477110000     3.6549790000     7.5266840000
H       18.9761800000     3.6157410000     6.1694560000
C       19.4467280000     2.9484220000     6.9016430000
H       18.6922510000     2.7558520000     7.6754250000
H       20.5840390000     1.7980300000     5.4478400000
C       19.8234060000     1.6330100000     6.2209870000
H       18.9571360000     1.1573250000     5.7446630000
H       20.2404540000     0.9200090000     6.9405780000
H       21.4074060000     3.8754920000     6.7676150000
H       21.1161610000     3.0334640000     8.2953550000
H       20.3536290000     4.6012450000     7.9917750000
Si       16.4325060000     3.4077350000     4.3962220000
O       16.3148940000     4.9974300000     4.7394840000
O       17.9393640000     3.0735620000     3.8486780000
O       15.3769370000     2.9960700000     3.2133680000
O       16.1030250000     2.5730330000     5.7606000000
Si       16.5037570000     6.5966350000     4.4017980000
Si       13.9593780000     2.5607940000     2.4984440000
Si       18.8391290000     2.5361430000     2.5740860000
Si       15.7443760000     1.1302530000     6.4733110000
H       17.8913405600     6.8573308000     3.9070238400
H       15.5508605600     6.9622108000     3.2979838400
H       16.2712205600     7.4764908000     5.6136238400
H       12.8237502400     3.3071035200     3.0923555200
H       13.9544302400     2.8581435200     1.0324755200
H       18.4443303200     3.3198514400     1.3715668800
H       13.7106302400     1.1000235200     2.6995155200
H       18.5418503200     1.0943714400     2.3191668800
H       16.4331100800     0.9018602400     7.7959848800
H       14.2637500800     0.9809802400     6.6993448800
H       20.3340103200     2.6832114400     2.7708868800
H       16.1902300800     0.0665002400     5.5392248800
32
# Point 1 Energy = 0.0
C       20.6486915260     3.6515947604     7.5247539561
H       18.9719721048     3.6208025304     6.1591799624
C       19.4490264046     2.9454810695     6.8996454137
H       18.6829306810     2.7497935705     7.6849822609
H       20.5433304835     1.7852745390     5.4858952669
C       19.8241249970     1.6264620286     6.2152465844
H       19.0123487364     1.1835626657     5.7709986682
H       20.2238003260     0.9454350950     6.9069115777
H       21.4129412196     3.8735836560     6.7608789231
H       21.1192766058     3.0273888562     8.2959354120
H       20.3543862882     4.6004074056     7.9915354940
Si       16.4328022282     3.4067600213     4.3955645043
O       16.3157091136     4.9963702817     4.7394905625
O       17.9393694749     3.0724396421     3.8474198554
O       15.3767242874     2.9958294973     3.2129188776
O       16.1035486723     2.5716435468     5.7597514748
Si       16.5048688310     6.5956477850     4.4023423997
Si       13.9588189300     2.5611888425     2.4982985133
Si       18.8385950345     2.5352419336     2.5723147811
Si       15.7447738226     1.1286645381     6.4720225037
H       17.8923564878     6.8561754200     3.9072084809
H       15.5517010384     6.9618908351     3.2989877275
H       16.2729642103     7.4751016197     5.6145838031
H       12.8235803227     3.3075651252     3.0928729006
H       13.9534589806     2.8590998184     1.0324455068
H       18.4435904733     3.3195213691     1.3702182956
H       13.7097605313     1.1004067320     2.6988957548
H       18.5408521340     1.0936549141     2.3169367516
H       16.4338851768     0.8995973978     7.7943826578
H       14.2641807960     0.9796947623     6.6984951702
H       20.3335718925     2.6818606211     2.7686661709
H       16.1900387889     0.0651611197     5.5373851483
32
# Point 2 Energy = 0.0
C       20.6496562720     3.6482588460     7.5228470586
H       18.9677332915     3.6258983038     6.1489329030
C       19.4513141506     2.9425819209     6.8976692867
H       18.6735917859     2.7437728671     7.6945521166
H       20.5025438147     1.7722307444     5.5238568645
C       19.8248244741     1.6199601562     6.2095294561
H       19.0677862268     1.2095763440     5.7971983965
H       20.2071252253     0.9707390872     6.8730903360
H       21.4184619351     3.8717240999     6.7541674622
H       21.1223773347     3.0213653684     8.2965406021
H       20.3551252918     4.5996186111     7.9913155012
Si       16.4330968301     3.4058009499     4.3949163189
O       16.3165147040     4.9953274256     4.7394972787
O       17.9393767358     3.0713369090     3.8461789701
O       15.3765167754     2.9955942299     3.2124773792
O       16.1040685514     2.5702759509     5.7589151914
Si       16.5059659429     6.5946761574     4.4028791079
Si       13.9582700680     2.5615791465     2.4981575088
Si       18.8380701635     2.5343577955     2.5705675774
Si       15.7451708464     1.1271004452     6.4707525017
H       17.8933584430     6.8550389995     3.9073896289
H       15.5525300435     6.9615764365     3.2999784456
H       16.2746845526     7.4737332030     5.6155300797
H       12.8234152844     3.3080202456     3.0933860446
H       13.9525028607     2.8600438209     1.0324187166
H       18.4428615691     3.3192000347     1.3688882235
H       13.7089061770     1.1007856852     2.6982873200
H       18.5398700524     1.0929529914     2.3147373648
H       16.4346548091     0.8973689557     7.7928025803
H       14.2646106474     0.9784284535     6.6976588606
H       20.3331408838     2.6805342332     2.7664745575
H       16.1898548571     0.0638435820     5.5355717200
32
# Point 3 Energy = 0.0
C       20.6506051834     3.6449717315     7.5209636343
H       18.9634635679     3.6310283724     6.1387148933
C       19.4535912493     2.9397249326     6.8957149470
H       18.6642341556     2.7377903536     7.7041347414
H       20.4616784138     1.7588977983     5.5617220413
C       19.8255046428     1.6135047005     6.2038361324
H       19.1234472031     1.2353664978     5.8232615181
H       20.1904284350     0.9959182530     6.8391135552
H       21.4239681761     3.8699137740     6.7474810169
H       21.1254631163     3.0153941524     8.2971710325
H       20.3558458288     4.5988791252     7.9911152272
Si       16.4333898868     3.4048578166     4.3942775230
O       16.3173107391     4.9943014973     4.7395041172
O       17.9393859206     3.0702538628     3.8449555263
O       15.3763146192     2.9953640841     3.2120435390
O       16.1045846986     2.5689303209     5.7580912796
Si       16.5070482266     6.5937201817     4.4034079934
Si       13.9577316198     2.5619646709     2.4980209609
Si       18.8375546259     2.5334905926     2.5688446474
Si       15.7455671820     1.1255608517     6.4695012076
H       17.8943463350     6.8539216377     3.9075672105
H       15.5533474909     6.9612675423     3.3009557723
H       16.2763813643     7.4723857011     5.6164624785
H       12.8232552493     3.3084686346     3.0938948168
H       13.9515621399     2.8609751796     1.0323950889
H       18.4421438552     3.3188873417     1.3675768340
H       13.7080674585     1.1011601276     2.6976902759
H       18.5389044104     1.0922656316     2.3125690549
H       16.4354190416     0.8951751749     7.7912449296
H       14.2650397318     0.9771813859     6.6968360917
H       20.3327175253     2.6792323734     2.7643123762
H       16.1896785072     0.0625477000     5.5337848968
32
# Point 4 Energy = 0.0
C       20.6515382373     3.6417338207     7.5191039780
H       18.9591629669     3.6361927324     6.1285259771
C       19.4558577365     2.9369104236     6.8937826934
H       18.6548576578     2.7318464346     7.7137302821
H       20.4207338086     1.7452753367     5.5994881310
C       19.8261657296     1.6070959200     6.1981670902
H       19.1793298649     1.2609341335     5.8491876610
H       20.1737097351     1.0209698662     6.8049805847
H       21.4294600017     3.8681530500     6.7408199520
H       21.1285339127     3.0094757464     8.2978271278
H       20.3565477559     4.5981893846     7.9909348523
Si       16.4336814902     3.4039306264     4.3936481871
O       16.3180972091     4.9932925348     4.7395110496
O       17.9393971728     3.0691905348     3.8437496862
O       15.3761179754     2.9951389345     3.2116173851
O       16.1050971901     2.5676067320     5.7572798565
Si       16.5081156014     6.5927798961     4.4039289373
Si       13.9572037858     2.5623451753     2.4978888440
Si       18.8370486560     2.5326403048     2.5671462198
Si       15.7459629508     1.1240458517     6.4682688154
H       17.8953201003     6.8528234030     3.9077411575
H       15.5541533206     6.9609640774     3.3019195064
H       16.2780544638     7.4710592327     5.6173808275
H       12.8231003437     3.3089100490     3.0943990938
H       13.9506370651     2.8618935571     1.0323745647
H       18.4414375722     3.3185831781     1.3662842759
H       13.7072446448     1.1015298078     2.6971046742
H       18.5379555291     1.0915927703     2.3104321198
H       16.4361779565     0.8930162672     7.7897099621
H       14.2654681580     0.9759536020     6.6960269919
H       20.3323020458     2.6779551022     2.7621799260
H       16.1895099614     0.0612735140     5.5320249498
32
# Point 5 Energy = 0.0
C       20.6524554119     3.6385455127     7.5172683811
H       18.9548315212     3.6413913748     6.1183661933
C       19.4581136469     2.9341387103     6.8918728224
H       18.6454621585     2.7259415134     7.7233388828
H       20.3797095560     1.7313630050     5.6371524663
C       19.8268079593     1.6007340689     6.1925228034
H       19.2354324264     1.2862802476     5.8749764613
H       20.1569689310     1.0458911688     6.7706907793
H       21.4349374718     3.8664422944     6.7341846293
H       21.1315896872     3.0036106845     8.2985093098
H       20.3572309313     4.5975498223     7.9907745538
Si       16.4339717296     3.4030193869     4.3930283822
O       16.3188741036     4.9923005790     4.7395180486
O       17.9394106325     3.0681469572     3.8425616106
O       15.3759269966     2.9949186603     3.2111989476
O       16.1056060993     2.5663052617     5.7564810401
Si       16.5091679885     6.5918553416     4.4044418226
Si       13.9566867610     2.5627204260     2.4977611351
Si       18.8365524827     2.5318069120     2.5654725212
Si       15.7463582707     1.1225555419     6.4670555188
H       17.8962796770     6.8517443649     3.9079114027
H       15.5549474734     6.9606659712     3.3028694493
H       16.2797036734     7.4697539185     5.6182849577
H       12.8229506901     3.3093442538     3.0948987563
H       13.9497278769     2.8627986236     1.0323570880
H       18.4407429545     3.3182874331     1.3650106961
H       13.7064379975     1.1018944816     2.6965305689
H       18.5370237217     1.0909343439     2.3083268546
H       16.4369316334     0.8908924460     7.7881979336
H       14.2658960315     0.9747451492     6.6952316914
H       20.3318946690     2.6767024779     2.7600775021
H       16.1893494357     0.0600210671     5.5302921497
32
# Point 6 Energy = 0.0
C       20.6533566860     3.6354072020     7.5154571315
H       18.9504692631     3.6466242858     6.1082355756
C       19.4603590148     2.9314101066     6.8899856279
H       18.6360475224     2.7200759917     7.7329606843
H       20.3386052425     1.7171604610     5.6747123806
C       19.8274315551     1.5944193968     6.1869037428
H       19.2917531143     1.3114058279     5.9006275640
H       20.1402058544     1.0706793722     6.7362435000
H       21.4404006474     3.8647818675     6.7275754061
H       21.1346304038     2.9977994959     8.2992179969
H       20.3578952154     4.5969608666     7.9906345053
Si       16.4342606918     3.4021241079     4.3924181798
O       16.3196414124     4.9913256729     4.7395250883
O       17.9394264361     3.0671231629     3.8413914593
O       15.3757418306     2.9947031449     3.2107882576
O       16.1061114975     2.5650259902     5.7556949487
Si       16.5102053107     6.5909465613     4.4049465343
Si       13.9561807344     2.5630901963     2.4976378136
Si       18.8360663288     2.5309903945     2.5638237762
Si       15.7467532558     1.1210900217     6.4658615121
H       17.8972250047     6.8506845933     3.9080778794
H       15.5557298912     6.9603731569     3.3038054058
H       16.2813288194     7.4684698814     5.6191747025
H       12.8228064068     3.3097710217     3.0953936891
H       13.9488348086     2.8636900570     1.0323426054
H       18.4400602311     3.3179999970     1.3637562403
H       13.7056477707     1.1022539115     2.6959680164
H       18.5361092936     1.0902902894     2.3062535519
H       16.4376801493     0.8888039252     7.7867090995
H       14.2663234540     0.9735560790     6.6944503219
H       20.3314956132     2.6754745566     2.7580053959
H       16.1891971402     0.0587904043     5.5285867666
32
# Point 7 Energy = 0.0
C       20.6542420394     3.6323192778     7.5136705132
H       18.9460762247     3.6518914465     6.0981341525
C       19.4625938737     2.9287249236     6.8881214015
H       18.6266136129     2.7142502696     7.7425958242
H       20.2974204854     1.7026673763     5.7121652085
C       19.8280367385     1.5881521487     6.1813103755
H       19.3482901677     1.3363118532     5.9261406227
H       20.1234203635     1.0953316574     6.7016381150
H       21.4458495902     3.8631721238     6.7209926363
H       21.1376560273     2.9920427045     8.2999536041
H       20.3585404704     4.5964229416     7.9905148767
Si       16.4345484606     3.4012448021     4.3918176519
O       16.3203991249     4.9903678623     4.7395321445
O       17.9394447163     3.0661191854     3.8402393910
O       15.3755626211     2.9944922765     3.2103853478
O       16.1066134535     2.5637689995     5.7549217010
Si       16.5112274923     6.5900536007     4.4054429595
Si       13.9556858897     2.5634542659     2.4975188620
Si       18.8355904118     2.5301907322     2.5622002064
Si       15.7471480165     1.1196493925     6.4646869897
H       17.8981560246     6.8496441590     3.9082405216
H       15.5565005171     6.9600855721     3.3047271838
H       16.2829297326     7.4672072463     5.6200498980
H       12.8226676079     3.3101901336     3.0958837814
H       13.9479580872     2.8645675423     1.0323310665
H       18.4393896246     3.3177207615     1.3625210524
H       13.7048742112     1.1026078675     2.6954170752
H       18.5352125422     1.0896605445     2.3042125015
H       16.4384235785     0.8867509198     7.7852437144
H       14.2667505234     0.9723864474     6.6936830165
H       20.3311050913     2.6742713927     2.7559638953
H       16.1890532787     0.0575815734     5.5269090695
32
# Point 8 Energy = 0.0
C       20.6551114527     3.6292821244     7.5119088065
H       18.9416524377     3.6571928329     6.0880619475
C       19.4648182563     2.9260834693     6.8862804319
H       18.6171602924     2.7084647453     7.7522444368
H       20.2561549337     1.6878834385     5.7495082879
C       19.8286237289     1.5819325649     6.1757431649
H       19.4050418388     1.3609992908     5.9515152990
H       20.1066123437     1.1198451758     6.6668740007
H       21.4512843630     3.8616134116     6.7144366693
H       21.1406665234     2.9863408293     8.3007165424
H       20.3591665605     4.5959364666     7.9904158345
Si       16.4348351175     3.4003814842     4.3912268710
O       16.3211472305     4.9894271950     4.7395391939
O       17.9394656019     3.0651350588     3.8391055629
O       15.3753895071     2.9942859477     3.2099902523
O       16.1071120335     2.5625343739     5.7541614160
Si       16.5122344597     6.5891765074     4.4059309871
Si       13.9552024043     2.5638124219     2.4974042652
Si       18.8351249429     2.5294079055     2.5606020314
Si       15.7475426597     1.1182337585     6.4635321457
H       17.8990726793     6.8486231332     3.9083992639
H       15.5572592952     6.9598031584     3.3056345942
H       16.2845062477     7.4659661398     5.6209103828
H       12.8225344038     3.3106013787     3.0963689264
H       13.9470979325     2.8654307724     1.0323224235
H       18.4387313522     3.3174496194     1.3613052745
H       13.7041175579     1.1029561265     2.6948778057
H       18.5343337568     1.0890450474     2.3022039901
H       16.4391619925     0.8847336452     7.7838020320
H       14.2671773343     0.9712363146     6.6929299101
H       20.3307233108     2.6730930383     2.7539532836
H       16.1889180490     0.0563946240     5.5252593263
32
# Point 9 Energy = 0.0
C       20.6559649072     3.6262961208     7.5101722879
H       18.9371979332     3.6625284159     6.0780189786
C       19.4670321944     2.9234860489     6.8844630051
H       18.6076874213     2.7027198154     7.7619066531
H       20.2148082684     1.6728083532     5.7867389612
C       19.8291927439     1.5757608810     6.1702025710
H       19.4620063956     1.3854690934     5.9767512602
H       20.0897817074     1.1442170501     6.6319505434
H       21.4567050292     3.8601060729     6.7079078505
H       21.1436618582     2.9806943840     8.3015072196
H       20.3597733513     4.5955018561     7.9903375413
Si       16.4351207408     3.3995341717     4.3906459100
O       16.3218857182     4.9885037213     4.7395462149
O       17.9394892178     3.0641708181     3.8379901307
O       15.3752226231     2.9940840556     3.2096030063
O       16.1076073010     2.5613222002     5.7534142131
Si       16.5132261405     6.5883153314     4.4064105080
Si       13.9547304501     2.5641644579     2.4972940106
Si       18.8346701276     2.5286418948     2.5590294680
Si       15.7479372881     1.1168432258     6.4623971742
H       17.8999749129     6.8476215877     3.9085540418
H       15.5580061706     6.9595258616     3.3065274514
H       16.2860582034     7.4647466906     5.6217559985
H       12.8224069001     3.3110045540     3.0968490216
H       13.9462545576     2.8662794480     1.0323166316
H       18.4380856244     3.3171864649     1.3601090473
H       13.7033780422     1.1032984725     2.6943502708
H       18.5334732183     1.0884437373     2.3002283015
H       16.4398954600     0.8827523178     7.7823843048
H       14.2676039769     0.9701057451     6.6921911387
H       20.3303504736     2.6719395435     2.7519738404
H       16.1887916424     0.0552296082     5.5236378039
32
# Point 10 Energy = 0.0
C       20.6568023840     3.6233616416     7.5084612300
H       18.9327127416     3.6678981621     6.0680052591
C       19.4692357185     2.9209329652     6.8826694046
H       18.5981948583     2.6970158756     7.7715826012
H       20.1733802036     1.6574418467     5.8238545777
C       19.8297439980     1.5696373286     6.1646890502
H       19.5191821332     1.4097221837     6.0018481710
H       20.0729283945     1.1684443762     6.5968671411
H       21.4621116521     3.8586504441     6.7014065214
H       21.1466419978     2.9751038776     8.3023260400
H       20.3603607100     4.5951195208     7.9902801563
Si       16.4354054057     3.3987028847     4.3900748422
O       16.3226145763     4.9875974944     4.7395531871
O       17.9395156848     3.0632264991     3.8368932493
O       15.3750620986     2.9938865022     3.2092236466
O       16.1080993166     2.5601325674     5.7526802122
Si       16.5142024638     6.5874701250     4.4068814151
Si       13.9542701928     2.5645101749     2.4971880884
Si       18.8342261652     2.5278926811     2.5574827309
Si       15.7483320001     1.1154779037     6.4612822696
H       17.9008626705     6.8466395953     3.9087047911
H       15.5587410893     6.9592536319     3.3074055725
H       16.2875854421     7.4635490295     5.6225865889
H       12.8222851985     3.3113994650     3.0973239684
H       13.9454281684     2.8671132776     1.0323136486
H       18.4374526461     3.3169311938     1.3589325097
H       13.7026558876     1.1036346973     2.6938345353
H       18.5326311995     1.0878565544     2.2982857170
H       16.4406240459     0.8808071550     7.7809907849
H       14.2680305376     0.9689948081     6.6914668398
H       20.3299867755     2.6708109569     2.7500258416
H       16.1886742436     0.0540865807     5.5220447685
32
# Point 11 Energy = 0.0
C       20.6576239439     3.6204789323     7.5067758319
H       18.9281969534     3.6733019391     6.0580207489
C       19.4714289253     2.9184244098     6.8808998456
H       18.5886825379     2.6913532021     7.7812723475
H       20.1318706130     1.6417840716     5.8608525889
C       19.8302777562     1.5635620353     6.1592029640
H       19.5765659296     1.4337610942     6.0268066714
H       20.0560524295     1.1925241163     6.5616231052
H       21.4675043657     3.8572467405     6.6949329428
H       21.1496069948     2.9695696756     8.3031733179
H       20.3609285947     4.5947897368     7.9902437836
Si       16.4356892222     3.3978875910     4.3895137221
O       16.3233338426     4.9867085101     4.7395600984
O       17.9395451485     3.0623020853     3.8358150282
O       15.3749080793     2.9936931629     3.2088521991
O       16.1085881894     2.5589654925     5.7519595049
Si       16.5151634130     6.5866408878     4.4073436328
Si       13.9538218016     2.5648493672     2.4970864907
Si       18.8337932589     2.5271602078     2.5559619682
Si       15.7487269436     1.1141378197     6.4601875797
H       17.9017359465     6.8456771751     3.9088514643
H       15.5594640386     6.9589863899     3.3082688257
H       16.2890878829     7.4623732158     5.6234020467
H       12.8221694168     3.3117859081     3.0977936983
H       13.9446189558     2.8679319869     1.0323134396
H       18.4368326138     3.3166836863     1.3577757528
H       13.7019513147     1.1039645844     2.6933306461
H       18.5318079644     1.0872834075     2.2963764323
H       16.4413478819     0.8788982672     7.7796216645
H       14.2684571543     0.9679034966     6.6907571230
H       20.3296324200     2.6697072771     2.7481094784
H       16.1885660671     0.0529655274     5.5204804166
32
# Point 12 Energy = 0.0
C       20.6584291829     3.6176490606     7.5051167320
H       18.9236503055     3.6787402276     6.0480657105
C       19.4736115271     2.9159612852     6.8791549550
H       18.5791499513     2.6857328279     7.7909763239
H       20.0902784274     1.6258315230     5.8977293629
C       19.8307940116     1.5575357874     6.1537452434
H       19.6341627318     1.4575793751     6.0516220483
H       20.0391535513     1.2164535347     6.5262180003
H       21.4728828923     3.8558959568     6.6884878555
H       21.1525564017     2.9640930616     8.3040499068
H       20.3614764201     4.5945136352     7.9902288509
Si       16.4359720956     3.3970885999     4.3889627299
O       16.3240432545     4.9858371335     4.7395669005
O       17.9395776079     3.0613979129     3.8347558548
O       15.3747606179     2.9935040957     3.2084887705
O       16.1090737504     2.5578214506     5.7512523630
Si       16.5161086300     6.5858279643     4.4077969103
Si       13.9533854284     2.5651818830     2.4969892189
Si       18.8333715901     2.5264446871     2.5544677296
Si       15.7491219933     1.1128235129     6.4591135425
H       17.9025944219     6.8447347031     3.9089939245
H       15.5601747368     6.9587242550     3.3091167925
H       16.2905649688     7.4612197610     5.6242019868
H       12.8220595760     3.3121637418     3.0982579893
H       13.9438271978     2.8687352140     1.0323159491
H       18.4362257651     3.3164439588     1.3566391617
H       13.7012645734     1.1042879794     2.6928387795
H       18.5310038374     1.0867244368     2.2945011593
H       16.4420667305     0.8770264326     7.7782775032
H       14.2688836800     0.9668322738     6.6900622839
H       20.3292875670     2.6686288543     2.7462254484
H       16.1884671745     0.0518668745     5.5189453722
32
# Point 13 Energy = 0.0
C       20.6592181953     3.6148720754     7.5034840571
H       18.9190729081     3.6842127514     6.0381400433
C       19.4757836297     2.9135436245     6.8774348817
H       18.5695970440     2.6801548819     7.8006945344
H       20.0486039529     1.6095864760     5.9344831352
C       19.8312930011     1.5515585508     6.1483161611
H       19.6919691833     1.4811795542     6.0762949140
H       20.0222318466     1.2402297656     6.4906514602
H       21.4782473970     3.8545981020     6.6820714434
H       21.1554902986     2.9586741848     8.3049560376
H       20.3620042050     4.5942912970     7.9902354054
Si       16.4362541251     3.3963058285     4.3884218963
O       16.3247428816     4.9849833078     4.7395735814
O       17.9396131833     3.0605138857     3.8337157917
O       15.3746198249     2.9933191673     3.2081333703
O       16.1095560945     2.5567003969     5.7505588472
Si       16.5170381647     6.5850313013     4.4082411923
Si       13.9529611879     2.5655075525     2.4968962600
Si       18.8329613077     2.5257459793     2.5530000979
Si       15.7495172570     1.1115349479     6.4580602592
H       17.9034381577     6.8438121193     3.9091321307
H       15.5608732330     6.9584671338     3.3099493779
H       16.2920167216     7.4600886605     5.6249863374
H       12.8219557650     3.3125328174     3.0987167923
H       13.9430530201     2.8695227414     1.0323211414
H       18.4356322466     3.3162118349     1.3555227777
H       13.7005957972     1.1046047050     2.6923589600
H       18.5302189906     1.0861794788     2.2926600116
H       16.4427806936     0.8751916634     7.7769584348
H       14.2693102118     0.9657811024     6.6893824011
H       20.3289523716     2.6675755651     2.7443738607
H       16.1883777029     0.0507905473     5.5174397648
32
# Point 14 Energy = 0.0
C       20.6599914740     3.6121476398     7.5018776319
H       18.9144651817     3.6897189372     6.0282434515
C       19.4779457027     2.9111711120     6.8757394970
H       18.5600241792     2.6746190820     7.8104267425
H       20.0068475776     1.5930496325     5.9711112522
C       19.8317752865     1.5456299915     6.1429156003
H       19.7499745128     1.5045730551     6.1008313572
H       20.0052877300     1.2638490849     6.4549222222
H       21.4835983938     3.8533528557     6.6756835546
H       21.1584092145     2.9533127574     8.3058915658
H       20.3625123925     4.5941223838     7.9902632748
Si       16.4365356221     3.3955390000     4.3878911905
O       16.3254330206     4.9841467579     4.7395801799
O       17.9396521743     3.0596497568     3.8326947266
O       15.3744859532     2.9931381255     3.2077859836
O       16.1100356141     2.5556020002     5.7498789198
Si       16.5179522679     6.5842506501     4.4086765691
Si       13.9525492966     2.5658261289     2.4968076341
Si       18.8325626654     2.5250638830     2.5515588913
Si       15.7499131879     1.1102717544     6.4570276577
H       17.9042673844     6.8429092068     3.9092661216
H       15.5615597097     6.9582148070     3.3107667158
H       16.2934434337     7.4589796317     5.6257552443
H       12.8218582079     3.3128928643     3.0991702090
H       13.9422965608     2.8702943720     1.0323290344
H       18.4350522346     3.3159871543     1.3544264543
H       13.6999452387     1.1049144927     2.6918911628
H       18.5294536904     1.0856483245     2.2908527608
H       16.4434902990     0.8733935514     7.7756643621
H       14.2697372068     0.9647495889     6.6887174603
H       20.3286271043     2.6665472172     2.7425544790
H       16.1882980825     0.0497362005     5.5159634532
32
# Point 15 Energy = 0.0
C       20.6607339751     3.6094980310     7.5003115090
H       18.9098159895     3.6952748366     6.0183849461
C       19.4800850167     2.9088630522     6.8740818340
H       18.5504163112     2.6691467215     7.8201842009
H       19.9649896006     1.5761829068     6.0076044407
C       19.8322314708     1.5397675302     6.1375616426
H       19.8084326271     1.5274626616     6.1250440503
H       19.9883115755     1.2873197032     6.4190413677
H       21.4889228388     3.8521808077     6.6693397406
H       21.1612966038     2.9480339772     8.3068738790
H       20.3629836649     4.5940303549     7.9903227756
Si       16.4368099232     3.3947971352     4.3873741464
O       16.3261045643     4.9833374556     4.7395852280
O       17.9396897075     3.0588143194     3.8317011512
O       15.3743558241     2.9929654759     3.2074485260
O       16.1105028604     2.5545390130     5.7492177544
Si       16.5188411768     6.5834951925     4.4090973328
Si       13.9521488477     2.5661386552     2.4967227665
Si       18.8321746777     2.5244042272     2.5501565342
Si       15.7502998546     1.1090484348     6.4560242537
H       17.9050734142     6.8420349789     3.9093930765
H       15.5622269320     6.9579722910     3.3115594567
H       16.2948313018     7.4579052662     5.6264998221
H       12.8217636926     3.3132456493     3.0996124699
H       13.9415604772     2.8710467900     1.0323381120
H       18.4344871373     3.3157718179     1.3533592120
H       13.6993128712     1.1052187161     2.6914384805
H       18.5287090107     1.0851357312     2.2890952981
H       16.4441823741     0.8716511724     7.7744063435
H       14.2701542546     0.9637515208     6.6880725041
H       20.3283101499     2.6655516257     2.7407832574
H       16.1882218742     0.0487159487     5.5145292477
