32
# Point -15 Energy = 0.0
C       20.8459598747     3.4546527958     7.3608124825
H       19.0221049611     3.6259210152     6.2021108197
C       19.4382346818     2.8049712477     6.7990356583
H       19.2323729771     3.2768870175     7.7686603461
H       20.2992119960     2.3932313064     6.0311282663
C       19.5419336705     1.5980222314     6.1619991185
H       19.4908197426     0.6769201869     5.5836123296
H       20.4372993556     1.3885328837     6.7575018430
H       21.7336076345     4.0707370608     7.2724230556
H       20.8286998425     3.1947857723     8.4234943280
H       19.7925112480     3.7200315495     7.5660500624
Si       16.4196610619     3.3936491925     4.3835930993
O       16.3344042602     4.9886879738     4.7316021964
O       17.9161232163     3.0350921677     3.8184355388
O       15.3424231028     3.0022280530     3.2103955512
O       16.0942815816     2.5635888935     5.7466670829
Si       16.5463149483     6.5795319636     4.3965986535
Si       13.9122904863     2.5944719773     2.5126812581
Si       18.7899296108     2.4851822973     2.5306040182
Si       15.7150542441     1.1204883069     6.4623292227
H       17.9322994776     6.8193692888     3.8856438401
H       15.5870213369     6.9657222353     3.3042481264
H       16.3429390987     7.4613767644     5.6126027703
H       12.7957885285     3.3582164488     3.1212584482
H       13.8946106879     2.8956228179     1.0472037435
H       18.3954151307     3.2796043459     1.3350607892
H       13.6402195281     1.1374095917     2.7125615629
H       18.4657517712     1.0502437753     2.2759196012
H       16.4181326848     0.8790443849     7.7763610541
H       14.2378011658     0.9980585724     6.7053866735
H       20.2900193709     2.6069517148     2.7106724638
H       16.1347433220     0.0540681668     5.5205113556
32
# Point -14 Energy = 0.0
C       20.8344048393     3.4650352377     7.3685493689
H       19.0197036554     3.6241480268     6.1967796539
C       19.4392538925     2.8119425984     6.8031629804
H       19.1910842903     3.2502174648     7.7786471843
H       20.3313844538     2.3704136440     5.9904039635
C       19.5634712889     1.5950394079     6.1657929265
H       19.4745918554     0.6886463692     5.5680290648
H       20.4338026968     1.3513827821     6.7849361618
H       21.7212832067     4.0784778795     7.2494109451
H       20.8513712628     3.1745704207     8.4232662900
H       19.8006032049     3.7812231679     7.5965153764
Si       16.4197033263     3.3944601813     4.3835909110
O       16.3339188004     4.9892786952     4.7311622624
O       17.9161958336     3.0361426213     3.8186727566
O       15.3427868440     3.0024894912     3.2104866044
O       16.0941992616     2.5645435474     5.7470637785
Si       16.5454883711     6.5804660882     4.3956632086
Si       13.9126547575     2.5940745165     2.5125979632
Si       18.7904238070     2.4861309385     2.5312088696
Si       15.7155343983     1.1218704078     6.4629372089
H       17.9314768160     6.8204056342     3.8848582428
H       15.5862355310     6.9659979298     3.3031222620
H       16.3417357624     7.4625192118     5.6114274579
H       12.7959325494     3.3577253230     3.1208397771
H       13.8951334767     2.8948069342     1.0470581892
H       18.3957992214     3.2800467462     1.3353644663
H       13.6409816520     1.1370148599     2.7128971188
H       18.4666087858     1.0509769441     2.2768769214
H       16.4183054393     0.8808398099     7.7771253561
H       14.2380828634     0.9989906463     6.7058332771
H       20.2904109188     2.6082928502     2.7114051275
H       16.1354175376     0.0551316241     5.5214796849
32
# Point -13 Energy = 0.0
C       20.8227106439     3.4757486303     7.3767352283
H       19.0172554513     3.6224727474     6.1918954172
C       19.4402765011     2.8191959201     6.8076546264
H       19.1496626285     3.2218960081     7.7867386236
H       20.3621437444     2.3460272670     5.9503384893
C       19.5844260332     1.5927575368     6.1696507561
H       19.4551224952     0.7021049813     5.5548454777
H       20.4286577915     1.3141771708     6.8098415948
H       21.7088888551     4.0844375798     7.2250303296
H       20.8738485860     3.1559187038     8.4217917368
H       19.8120252585     3.8430790882     7.6270557477
Si       16.4198925208     3.3952689226     4.3837273574
O       16.3333933127     4.9898538670     4.7308742628
O       17.9164953948     3.0373465234     3.8191621559
O       15.3434292566     3.0026558273     3.2106268001
O       16.0942398739     2.5654462101     5.7475630306
Si       16.5444885162     6.5814098192     4.3949160908
Si       13.9133938297     2.5934475216     2.5124462628
Si       18.7913010563     2.4873360792     2.5321282078
Si       15.7162254876     1.1231539209     6.4635998364
H       17.9304969434     6.8215970086     3.8843730349
H       15.5853240546     6.9662007872     3.3021143316
H       16.3401750707     7.4636353407     5.6104354209
H       12.7963272079     3.3568852342     3.1202742679
H       13.8961165665     2.8937781361     1.0468467633
H       18.3965820567     3.2807210098     1.3359614112
H       13.6422484207     1.1363612127     2.7131247601
H       18.4680115454     1.0519377889     2.2781056609
H       16.4186100003     0.8825904614     7.7779962216
H       14.2385689976     0.9996728659     6.7062170993
H       20.2911590037     2.6100372963     2.7125719645
H       16.1364834951     0.0561505332     5.5225223914
32
# Point -12 Energy = 0.0
C       20.8108286382     3.4868295459     7.3854234541
H       19.0147012187     3.6208857440     6.1874799487
C       19.4412679713     2.8267567134     6.8125550132
H       19.1082526237     3.1919860647     7.7928225199
H       20.3916039990     2.3198489334     5.9107159046
C       19.6048296257     1.5911889862     6.1735866289
H       19.4321513748     0.7175281063     5.5442507037
H       20.4219178241     1.2769198552     6.8322027702
H       21.6962099682     4.0884394003     7.1989707732
H       20.8962557941     3.1389659835     8.4192060518
H       19.8269235907     3.9054352488     7.6577577926
Si       16.4202225685     3.3960795742     4.3840097777
O       16.3328059799     4.9904166859     4.7307448547
O       17.9170251271     3.0387192156     3.8199292653
O       15.3443616574     3.0027238886     3.2108102889
O       16.0943866550     2.5662981119     5.7481678761
Si       16.5432860095     6.5823678883     4.3943669896
Si       13.9145308581     2.5925776330     2.5122027022
Si       18.7925842200     2.4888200858     2.5333981938
Si       15.7171124166     1.1243372484     6.4643151941
H       17.9293348150     6.8229584725     3.8842149241
H       15.5842683492     6.9663289364     3.3012224467
H       16.3382063577     7.4647277929     5.6096340305
H       12.7969828179     3.3556743342     3.1195250045
H       13.8975989410     2.8925235333     1.0465459532
H       18.3977955336     3.2816470185     1.3368832036
H       13.6440511275     1.1354333818     2.7132173392
H       18.4699965256     1.0531465478     2.2796376496
H       16.4190167942     0.8842992948     7.7789801488
H       14.2392426727     1.0000926709     6.7065180753
H       20.2922831562     2.6122182936     2.7142274793
H       16.1379453887     0.0571268099     5.5236424020
32
# Point -11 Energy = 0.0
C       20.7987138041     3.4983118318     7.3946574133
H       19.0119923462     3.6193799373     6.1835518141
C       19.4421971237     2.8346483448     6.8179004505
H       19.0670213022     3.1605635963     7.7967901948
H       20.4198089082     2.2916249781     5.8713262730
C       19.6247211655     1.5903474620     6.1776124525
H       19.4054742599     0.7351832235     5.5365288113
H       20.4136332071     1.2396938527     6.8520214287
H       21.6830058080     4.0902188386     7.1709505519
H       20.9186815216     3.1238130396     8.4156059127
H       19.8454834109     3.9681593784     7.6886825300
Si       16.4206874833     3.3968956313     4.3844425089
O       16.3321347437     4.9909691140     4.7307797291
O       17.9177875965     3.0402769254     3.8209940194
O       15.3455940402     3.0026907979     3.2110293539
O       16.0946253818     2.5670979138     5.7488777632
Si       16.5418498713     6.5833442673     4.3940262599
Si       13.9160870057     2.5914519337     2.5118435579
Si       18.7942938415     2.4906083756     2.5350475106
Si       15.7181844707     1.1254151698     6.4650765768
H       17.9279627950     6.8245057218     3.8844095790
H       15.5830465371     6.9663806258     3.3004472810
H       16.3357786664     7.4657967266     5.6090326429
H       12.7979082681     3.3540697960     3.1185573279
H       13.8996152996     2.8910325522     1.0461324202
H       18.3994671043     3.2828490016     1.3381555177
H       13.6464201637     1.1342162054     2.7131460672
H       18.4725983105     1.0546267296     2.2814959807
H       16.4195026145     0.8859643252     7.7800774737
H       14.2400919206     1.0002327688     6.7067133245
H       20.2938006640     2.6148727004     2.7164166598
H       16.1398109643     0.0580602345     5.5248359729
32
# Point -10 Energy = 0.0
C       20.7863270758     3.5102268267     7.4044677825
H       19.0090943043     3.6179545839     6.1801249201
C       19.4430378495     2.8428933731     6.8237165644
H       19.0261588648     3.1277196176     7.7985372468
H       20.4467248765     2.2610737898     5.8319729674
C       19.6441463137     1.5902492508     6.1817347956
H       19.3749655347     0.7553688307     5.5320589639
H       20.4038565061     1.2026636037     6.8693246428
H       21.6690028229     4.0894313852     7.1407448504
H       20.9411546138     3.1105117318     8.4110450514
H       19.8679378194     4.0311356385     7.7198432167
Si       16.4212813506     3.3977206030     4.3850263201
O       16.3313574238     4.9915126021     4.7309827625
O       17.9187842835     3.0420374284     3.8223692135
O       15.3471342671     3.0025543544     3.2112746962
O       16.0949453920     2.5678426388     5.7496883855
Si       16.5401472777     6.5843428239     4.3939035886
Si       13.9180801899     2.5900581075     2.5113462269
Si       18.7964468282     2.4927298833     2.5370953222
Si       15.7194369525     1.1263799062     6.4658728897
H       17.9263500128     6.8262557268     3.8849792649
H       15.5816323939     6.9663545997     3.2997913396
H       16.3328413192     7.4668406908     5.6086412147
H       12.7991101698     3.3520480146     3.1173408501
H       13.9021937389     2.8892968013     1.0455843452
H       18.4016175555     3.2843557351     1.3397961983
H       13.6493840162     1.1326948222     2.7128824050
H       18.4758482000     1.0564055233     2.2836935056
H       16.4200532008     0.8875799975     7.7812823237
H       14.2411115463     1.0000721556     6.7067786277
H       20.2957253470     2.6180415875     2.7191718467
H       16.1420925529     0.0589493665     5.5260930313
32
# Point -9 Energy = 0.0
C       20.7736376182     3.5226020744     7.4148702983
H       19.0059899285     3.6166183843     6.1772073295
C       19.4437703060     2.8515139388     6.8300164022
H       18.9858788422     3.0935634374     7.7979645174
H       20.4722298912     2.2279091750     5.7924934243
C       19.6631547666     1.5909128837     6.1859525292
H       19.3406246726     0.7784208817     5.5312825028
H       20.3926457290     1.1660680115     6.8841690048
H       21.6538886851     4.0856682229     7.1082220118
H       20.9636212986     3.0990475984     8.4055334115
H       19.8945669667     4.0942379655     7.7511819164
Si       16.4219980674     3.3985582230     4.3857582768
O       16.3304525259     4.9920485815     4.7313547766
O       17.9200147140     3.0440190779     3.8240595663
O       15.3489867806     3.0023129624     3.2115363591
O       16.0953398852     2.5685290425     5.7505923831
Si       16.5381449392     6.5853674464     4.3940054407
Si       13.9205231012     2.5883846110     2.5106914771
Si       18.7990543658     2.4952147150     2.5395501183
Si       15.7208712613     1.1272232177     6.4666906681
H       17.9244634807     6.8282257665     3.8859391273
H       15.5799961529     6.9662499302     3.2992568118
H       16.3293466254     7.4678577236     5.6084672439
H       12.8005917174     3.3495857903     3.1158519390
H       13.9053528720     2.8873091932     1.0448834767
H       18.4042584758     3.2861975307     1.3418138128
H       13.6529666877     1.1308551428     2.7124015713
H       18.4797712107     1.0585114506     2.2862329616
H       16.4206641291     0.8891398678     7.7825843083
H       14.2423033368     0.9995891567     6.7066915927
H       20.2980656440     2.6217672415     2.7225104189
H       16.1448059221     0.0597927550     5.5273996815
32
# Point -8 Energy = 0.0
C       20.7606261924     3.5354605161     7.4258615992
H       19.0026828262     3.6153928801     6.1747984780
C       19.4443830822     2.8605324714     6.8367968743
H       18.9464177603     3.0582254482     7.7949778643
H       20.4961068160     2.1918573314     5.7527735230
C       19.6817990835     1.5923592238     6.1902524573
H       19.3026143854     0.8046957851     5.5346863202
H       20.3800681690     1.1302213671     6.8966517413
H       21.6373104518     4.0784868826     7.0733827523
H       20.9859288237     3.0893219816     8.3990361995
H       19.9256856684     4.1572964918     7.7825483979
Si       16.4228312314     3.3994132162     4.3866309602
O       16.3294000887     4.9925794060     4.7318921076
O       17.9214756325     3.0462407321     3.8260596051
O       15.3511511703     3.0019662801     3.2118042041
O       16.0958068783     2.5691551441     5.7515792798
Si       16.5358102123     6.5864227311     4.3943326773
Si       13.9234209168     2.5864215630     2.5098655483
Si       18.8021195799     2.4980931471     2.5424069702
Si       15.7224960213     1.1279384258     6.4675150586
H       17.9222687732     6.8304333386     3.8872933071
H       15.5781046681     6.9660665705     3.2988439706
H       16.3252525558     7.4688466695     5.6085131887
H       12.8023513142     3.3466619246     3.1140765878
H       13.9090981798     2.8850641615     1.0440171040
H       18.4073890145     3.2884048291     1.3442049320
H       13.6571850605     1.1286849531     2.7116855904
H       18.4843829367     1.0609733894     2.2891052168
H       16.4213431701     0.8906389617     7.7839689158
H       14.2436773977     0.9987641388     6.7064341798
H       20.3008224928     2.6260916619     2.7264304886
H       16.1479700462     0.0605903767     5.5287392603
32
# Point -7 Energy = 0.0
C       20.7472882604     3.5488185347     7.4374152796
H       18.9991996672     3.6143141474     6.1728862981
C       19.4448748267     2.8699712326     6.8440357459
H       18.9080330459     3.0218593693     7.7894882197
H       20.5180410902     2.1526891342     5.7127731556
C       19.7001327795     1.5946098989     6.1946058986
H       19.2613062792     0.8345505214     5.5427599450
H       20.3662026638     1.0955051412     6.9069198315
H       21.6188789769     4.0674570206     7.0363979243
H       21.0078183522     3.0811361170     8.3914755377
H       19.9616153137     4.2200579267     7.8136873301
Si       16.4237738300     3.4002917008     4.3876319228
O       16.3281830910     4.9931090743     4.7325850001
O       17.9231598535     3.0487204315     3.8283519619
O       15.3536204025     3.0015157085     3.2120686509
O       16.0963494655     2.5697219245     5.7526358670
Si       16.5331135781     6.5875142602     4.3948775950
Si       13.9267684984     2.5841619797     2.5088625366
Si       18.8056346982     2.5013925935     2.5456453795
Si       15.7243267579     1.1285229786     6.4683316008
H       17.9197322421     6.8328948435     3.8890304913
H       15.5759231856     6.9658056691     3.2985488275
H       16.3205271420     7.4698085235     5.6087730767
H       12.8043810041     3.3432598769     3.1120133086
H       13.9134180819     2.8825578328     1.0429802237
H       18.4109925976     3.2910046299     1.3469517681
H       13.6620450136     1.1261755453     2.7107269857
H       18.4896852154     1.0638176492     2.2922884592
H       16.4221110054     0.8920766902     7.7854188257
H       14.2452519392     0.9975835517     6.7059959771
H       20.3039867801     2.6310523433     2.7309072491
H       16.1516049620     0.0613451489     5.5300944868
32
# Point -6 Energy = 0.0
C       20.7336363496     3.5626833280     7.4494786433
H       18.9955907784     3.6134324904     6.1714445211
C       19.4452551574     2.8798507466     6.8516894413
H       18.8709986792     2.9846432835     7.7814121066
H       20.5376313703     2.1102599892     5.6725560544
C       19.7182081892     1.5976843454     6.1989664078
H       19.2173161798     0.8683111263     5.5559384412
H       20.3511394408     1.0623524773     6.9151776063
H       21.5981821187     4.0522205200     6.9976342890
H       21.0289324484     3.0741831295     8.3827340206
H       20.0026401513     4.2821464277     7.8442408651
Si       16.4248177916     3.4012013079     4.3887433251
O       16.3267890908     4.9936437070     4.7334161998
O       17.9250550259     3.0514733760     3.8309061558
O       15.3563790350     3.0009648910     3.2123213500
O       16.0969754036     2.5702348298     5.7537466971
Si       16.5300318823     6.5886485865     4.3956212344
Si       13.9305475807     2.5816034137     2.5076863926
Si       18.8095782642     2.5051336254     2.5492277737
Si       15.7263843317     1.1289809108     6.4691280152
H       17.9168241964     6.8356235940     3.8911200269
H       15.5734182023     6.9654698596     3.2983608507
H       16.3151536182     7.4707475460     5.6092293715
H       12.8066649565     3.3393711402     3.1096754261
H       13.9182803997     2.8797886068     1.0417773055
H       18.4150341706     3.2940160872     1.3500203768
H       13.6675370692     1.1233238175     2.7095320033
H       18.4956614903     1.0670641773     2.2957479326
H       16.4230003627     0.8934594698     7.7869153876
H       14.2470517036     0.9960442776     6.7053771710
H       20.3075368686     2.6366766958     2.7358902893
H       16.1557282929     0.0620642160     5.5314496783
32
# Point -5 Energy = 0.0
C       20.7197007719     3.5770497010     7.4619715195
H       18.9919283755     3.6128096205     6.1704311041
C       19.4455442692     2.8901869223     6.8596926767
H       18.8355979214     2.9467787894     7.7706733532
H       20.5544196358     2.0645525626     5.6323192678
C       19.7360740115     1.6015954009     6.2032696924
H       19.1715151607     0.9062317620     5.5745349400
H       20.3349761946     1.0312242662     6.9216905983
H       21.5748074668     4.0325583433     6.9576568178
H       21.0488407956     3.0680548795     8.3726597277
H       20.0489521352     4.3430339427     7.8737726092
Si       16.4259534150     3.4021508194     4.3899420103
O       16.3252118219     4.9941915237     4.7343602242
O       17.9271425331     3.0545092736     3.8336784788
O       15.3594018059     3.0003200649     3.2125556868
O       16.0976957604     2.5707046289     5.7548947279
Si       16.5265519590     6.5898327587     4.3965317419
Si       13.9347245809     2.5787497616     2.5063519754
Si       18.8139130607     2.5093254137     2.5530994236
Si       15.7286918458     1.1293245879     6.4698957125
H       17.9135227909     6.8386272335     3.8935098030
H       15.5705612884     6.9650634032     3.2982613236
H       16.3091354794     7.4716717805     5.6098509581
H       12.8091783676     3.3349988741     3.1070920162
H       13.9236302145     2.8767581308     1.0404231420
H       18.4194588590     3.2974457786     1.3533602162
H       13.6736323247     1.1201345329     2.7081225058
H       18.5022727696     1.0707222558     2.2994366867
H       16.4240529489     0.8948023199     7.7884401361
H       14.2491046896     0.9941574495     6.7045904956
H       20.3114367967     2.6429756366     2.7413030905
H       16.1603505499     0.0627595817     5.5327926983
32
# Point -4 Energy = 0.0
C       20.7055280413     3.5918966253     7.4747883240
H       18.9883021837     3.6125132983     6.1697886635
C       19.4457709300     2.9009870048     6.8679607186
H       18.8021130346     2.9084877695     7.7572064908
H       20.5679439941     2.0157131390     5.5924136589
C       19.7537726542     1.6063438182     6.2074364015
H       19.1250028716     0.9484500805     5.5986741804
H       20.3178099804     1.0025785644     6.9267834281
H       21.5483728494     4.0084510218     6.9171998533
H       21.0670837561     3.0622695911     8.3610719075
H       20.1005930134     4.4020299140     7.9018134612
Si       16.4271687966     3.4031492285     4.3912002550
O       16.3234524084     4.9947621458     4.7353838335
O       17.9293968543     3.0578294296     3.8366134832
O       15.3626530656     2.9995901403     3.2127670475
O       16.0985226402     2.5711471811     5.7560621123
Si       16.5226739967     6.5910733327     4.3975646639
Si       13.9392497529     2.5756129141     2.5048846975
Si       18.8185854734     2.5139614206     2.5571903766
Si       15.7312702253     1.1295750519     6.4706306557
H       17.9098180287     6.8419049403     3.8961271347
H       15.5673333813     6.9645921222     3.2982230900
H       16.3025003378     7.4725926344     5.6105932463
H       12.8118871867     3.3301610877     3.1043069299
H       13.9293900944     2.8734726258     1.0389423825
H       18.4241928545     3.3012836171     1.3569057248
H       13.6802796932     1.1166223024     2.7065357335
H       18.5094553158     1.0747864844     2.3032975829
H       16.4253141487     0.8961286653     7.7899760748
H       14.2514373541     0.9919506624     6.7036614425
H       20.3156358128     2.6499374979     2.7470456460
H       16.1654698698     0.0634476885     5.5341161589
32
# Point -3 Energy = 0.0
C       20.6911769685     3.6071841459     7.4878037841
H       18.9848128736     3.6126100277     6.1694473399
C       19.4459690751     2.9122448881     6.8763944734
H       18.7708128447     2.8700067487     7.7409617967
H       20.5778101867     1.9640705462     5.5533453150
C       19.7713377431     1.6119124888     6.2113777786
H       19.0790379133     0.9949485366     5.6282425345
H       20.2997262555     0.9768367974     6.9308291536
H       21.5185610568     3.9801181590     6.8771090641
H       21.0832273997     3.0563216117     8.3477670374
H       20.1574038554     4.4582974372     7.9279214204
Si       16.4284494633     3.4042042966     4.3924873392
O       16.3215199778     4.9953652296     4.7364480274
O       17.9317856994     3.0614241103     3.8396472397
O       15.3660874195     2.9987864563     3.2129529106
O       16.0994663633     2.5715819255     5.7572311533
Si       16.5184140166     6.5923749771     4.3986657014
Si       13.9440581999     2.5722139127     2.5033187232
Si       18.8235267989     2.5190162680     2.5614195548
Si       15.7341332028     1.1297605920     6.4713334060
H       17.9057151988     6.8454449496     3.8988832645
H       15.5637288731     6.9640631206     3.2982122294
H       16.2953016708     7.4735234233     5.6114010037
H       12.8147489693     3.3248926698     3.1013758983
H       13.9354631825     2.8699444161     1.0373677553
H       18.4291468715     3.3055003865     1.3605801566
H       13.6874053458     1.1128128586     2.7048217065
H       18.5171209547     1.0792339199     2.3072665274
H       16.4268262278     0.8974679782     7.7915085484
H       14.2540690587     0.9894677829     6.7026264804
H       20.3200696942     2.6575235456     2.7530004317
H       16.1710672389     0.0641477935     5.5354176045
32
# Point -2 Energy = 0.0
C       20.6767132170     3.6228513950     7.5008816175
H       18.9815644157     3.6131569599     6.1693297815
C       19.4461737741     2.9239367034     6.8848878060
H       18.7419399096     2.8315795252     7.7219113307
H       20.5837687830     1.9101292651     5.5157502966
C       19.7887923132     1.6182614440     6.2150033757
H       19.0349334698     1.0455324145     5.6628686777
H       20.2807881186     0.9543500182     6.9342270227
H       21.4851555002     3.9480267825     6.8382669300
H       21.0969184485     3.0497471374     8.3325262461
H       20.2189892878     4.5108972009     7.9517409916
Si       16.4297784624     3.4053208803     4.3937718975
O       16.3194316925     4.9960086967     4.7375114576
O       17.9342711040     3.0652707067     3.8427120578
O       15.3696516820     2.9979222432     3.2131129667
O       16.1005327850     2.5720293585     5.7583854824
Si       16.5138051133     6.5937389567     4.3997756914
Si       13.9490728040     2.5685833610     2.5016942293
Si       18.8286565146     2.5244444205     2.5657005810
Si       15.7372828127     1.1299137710     6.4720085549
H       17.9012372289     6.8492229113     3.9016809714
H       15.5597588582     6.9634843624     3.2981916060
H       16.2876181902     7.4744771669     5.6122136711
H       12.8177149028     3.3192458305     3.0983624053
H       13.9417388520     2.8661933473     1.0357374927
H       18.4342218060     3.3100474175     1.3643012805
H       13.6949147304     1.1087433320     2.7030389075
H       18.5251602482     1.0840229530     2.3112766335
H       16.4286214461     0.8988516674     7.7930257672
H       14.2570069558     0.9867663275     6.7015297813
H       20.3246638631     2.6656660266     2.7590409878
H       16.1771033104     0.0648794172     5.5366988608
32
# Point -1 Energy = 0.0
C       20.6622035799     3.6388164948     7.5138845632
H       18.9786567690     3.6141944903     6.1693572940
C       19.4464175865     2.9360177824     6.8933358571
H       18.7156993814     2.7934493683     7.7000549415
H       20.5857787403     1.8545361806     5.4803421173
C       19.8061481037     1.6253247236     6.2182294971
H       18.9939392985     1.0998315050     5.7019416103
H       20.2610293655     0.9353673342     6.9373663045
H       21.4480751106     3.9128661124     6.8015192048
H       21.1079261170     3.0421920455     8.3151261843
H       20.2846989847     4.5588549220     7.9730482584
Si       16.4311370656     3.4064994254     4.3950247884
O       16.3172124006     4.9966970154     4.7385346374
O       17.9368114355     3.0693330458     3.8457419563
O       15.3732879075     2.9970118784     3.2132494937
O       16.1017214580     2.5725081926     5.7595115045
Si       16.5088974442     6.5951618732     4.4008367422
Si       13.9542086201     2.5647609483     2.5000545727
Si       18.8338870105     2.5301807898     2.5699484457
Si       15.7407064428     1.1300677556     6.4726640669
H       17.8964257269     6.8532014130     3.9044236575
H       15.5554531238     6.9628641860     3.2981254751
H       16.2795512186     7.4754642716     5.6129719361
H       12.8207327529     3.3132888861     3.0953333842
H       13.9480999276     2.8622476215     1.0340927431
H       18.4393156250     3.3148582176     1.3679880159
H       13.7026968723     1.1044614296     2.7012495365
H       18.5334480214     1.0890939624     2.3152628897
H       16.4307166127     0.9003083953     7.7945193064
H       14.2602424775     0.9839132390     6.7004195368
H       20.3293378432     2.6742689644     2.7650416526
H       16.1835175761     0.0656595301     5.5379651860
32
# Point 0 Energy = 0
C       20.6477110000     3.6549790000     7.5266840000
H       18.9761800000     3.6157410000     6.1694560000
C       19.4467280000     2.9484220000     6.9016430000
H       18.6922510000     2.7558520000     7.6754250000
H       20.5840390000     1.7980300000     5.4478400000
C       19.8234060000     1.6330100000     6.2209870000
H       18.9571360000     1.1573250000     5.7446630000
H       20.2404540000     0.9200090000     6.9405780000
H       21.4074060000     3.8754920000     6.7676150000
H       21.1161610000     3.0334640000     8.2953550000
H       20.3536290000     4.6012450000     7.9917750000
Si       16.4325060000     3.4077350000     4.3962220000
O       16.3148940000     4.9974300000     4.7394840000
O       17.9393640000     3.0735620000     3.8486780000
O       15.3769370000     2.9960700000     3.2133680000
O       16.1030250000     2.5730330000     5.7606000000
Si       16.5037570000     6.5966350000     4.4017980000
Si       13.9593780000     2.5607940000     2.4984440000
Si       18.8391290000     2.5361430000     2.5740860000
Si       15.7443760000     1.1302530000     6.4733110000
H       17.8913405600     6.8573308000     3.9070238400
H       15.5508605600     6.9622108000     3.2979838400
H       16.2712205600     7.4764908000     5.6136238400
H       12.8237502400     3.3071035200     3.0923555200
H       13.9544302400     2.8581435200     1.0324755200
H       18.4443303200     3.3198514400     1.3715668800
H       13.7106302400     1.1000235200     2.6995155200
H       18.5418503200     1.0943714400     2.3191668800
H       16.4331100800     0.9018602400     7.7959848800
H       14.2637500800     0.9809802400     6.6993448800
H       20.3340103200     2.6832114400     2.7708868800
H       16.1902300800     0.0665002400     5.5392248800
32
# Point 1 Energy = 0.0
C       20.6332833834     3.6712530148     7.5391836054
H       18.9741953373     3.6177934150     6.1695685860
C       19.4471249710     2.9610839601     6.9097423539
H       18.6717030325     2.7190209361     7.6480990091
H       20.5789511487     1.7412207788     5.4188460858
C       19.8405635350     1.6412246127     6.2232381633
H       18.9252861028     1.2175045673     5.7902035172
H       20.2190026461     0.9082287015     6.9440753572
H       21.3632900948     3.8367564975     6.7370395758
H       21.1216613340     3.0235192620     8.2729910234
H       20.4248012524     4.6373387881     8.0080435905
Si       16.4338715455     3.4090201997     4.3973501346
O       16.3125085505     4.9982046767     4.7403381966
O       17.9418962042     3.0779095753     3.8514807204
O       15.3805533678     2.9951078804     3.2134773142
O       16.1044345845     2.5736135595     5.7616492771
Si       16.4984489526     6.5981478751     4.4026242542
Si       13.9645117152     2.5567243453     2.4969005757
Si       18.8443126515     2.5422529405     2.5780602439
Si       15.7482602645     1.1304933409     6.4739636728
H       17.8860437681     6.8615630879     3.9094186408
H       15.5460351489     6.9615300537     3.2977468287
H       16.2627357617     7.4775594214     5.6141330141
H       12.8267279532     3.3007630958     3.0894833768
H       13.9606406513     2.8539135051     1.0309218922
H       18.4491931967     3.3249506982     1.3749870879
H       13.7186133050     1.0954794721     2.6978889719
H       18.5502570269     1.0997835622     2.3229503959
H       16.4357894142     0.9035225560     7.7974255826
H       14.2674995156     0.9780291846     6.6983488221
H       20.3386183420     2.6923796321     2.7764948142
H       16.1971658420     0.0674088036     5.5404906757
32
# Point 2 Energy = 0.0
C       20.6189644460     3.6875431176     7.5513025685
H       18.9727557381     3.6203299799     6.1696477638
C       19.4476259299     2.9739241848     6.9175808421
H       18.6541217516     2.6831756909     7.6181858963
H       20.5710743399     1.6847173212     5.3938583410
C       19.8576124090     1.6498591125     6.2249607341
H       18.8989336562     1.2797914324     5.8376861322
H       20.1965961400     0.8998959346     6.9479722143
H       21.3160317373     3.7975244451     6.7101564843
H       21.1245222057     3.0124413402     8.2478353442
H       20.4970934167     4.6665826935     8.0220981347
Si       16.4352227924     3.4103427941     4.3984032202
O       16.3100935806     4.9990134874     4.7410850927
O       17.9443792237     3.0823201245     3.8541211008
O       15.3840958221     2.9941353873     3.2135906400
O       16.1059390408     2.5742540417     5.7626633562
Si       16.4930483717     6.5996856885     4.4032919468
Si       13.9695452477     2.5525961769     2.4954628766
Si       18.8493739668     2.5484240220     2.5818299259
Si       15.7523207193     1.1308067644     6.4746394739
H       17.8806094054     6.8658434341     3.9115603388
H       15.5410439072     6.9608267250     3.2974044122
H       16.2542152997     7.4786679349     5.6144754119
H       12.8296311418     3.2943453937     3.0867703961
H       13.9666508428     2.8495939330     1.0294687021
H       18.4538418433     3.3300733592     1.3782096092
H       13.7265454721     1.0908815704     2.6964200947
H       18.5585611704     1.1052506541     2.3265844421
H       16.4387314413     0.9053019824     7.7988489880
H       14.2714519537     0.9751191036     6.6974738674
H       20.3431050586     2.7016477837     2.7817990057
H       16.2042425283     0.0683863862     5.5417780033
32
# Point 3 Energy = 0.0
C       20.6047955852     3.7037210699     7.5629654670
H       18.9719148777     3.6233050226     6.1696530828
C       19.4482436366     2.9868309201     6.9251110627
H       18.6395283416     2.6485080901     7.5858190638
H       20.5611256652     1.6292763082     5.3732617912
C       19.8745312219     1.6587656719     6.2261425791
H       18.8784457999     1.3434305543     5.8861700613
H       20.1731983637     0.8947810049     6.9522421145
H       21.2662335918     3.7586857131     6.6872972642
H       21.1249172446     3.0005000981     8.2197958693
H       20.5691198882     4.6886183125     8.0342709661
Si       16.4365467079     3.4116831339     4.3993804076
O       16.3076962181     4.9998424861     4.7417194304
O       17.9467803011     3.0867196618     3.8565753889
O       15.3875180811     2.9931637491     3.2137254038
O       16.1075181789     2.5749523414     5.7636504228
Si       16.4876521615     6.6012265275     4.4037862156
Si       13.9744055077     2.5484661785     2.4941726929
Si       18.8542417708     2.5545454688     2.5853587034
Si       15.7564986482     1.1312066567     6.4753582405
H       17.8751359471     6.8700999665     3.9134106640
H       15.5359785252     6.9601066478     3.2969552688
H       16.2458055425     7.4798080117     5.6146366449
H       12.8324214909     3.2879489018     3.0842736886
H       13.9723747110     2.8452349752     1.0281562521
H       18.4582128680     3.3351167743     1.3812009936
H       13.7343064603     1.0862958951     2.6951605999
H       18.5666377750     1.1106709175     2.3300432158
H       16.4418907793     0.9071942622     7.8002651938
H       14.2755466546     0.9723153305     6.6967643065
H       20.3474079511     2.7108546220     2.7867386217
H       16.2113501030     0.0694267259     5.5431036821
32
# Point 4 Energy = 0.0
C       20.5908033046     3.7196632493     7.5741231443
H       18.9717080783     3.6266549335     6.1695603576
C       19.4489825772     2.9996867723     6.9323081515
H       18.6278957312     2.6151923743     7.5511660858
H       20.5498974494     1.5756056274     5.3572319630
C       19.8912911268     1.6677887268     6.2267956645
H       18.8639261609     1.4076471679     5.9348039241
H       20.1487951597     0.8925263312     6.9566927844
H       21.2146257107     3.7209781971     6.6686110182
H       21.1230823697     2.9880953423     8.1888777839
H       20.6394776757     4.7034022305     8.0449933498
Si       16.4378326583     3.4130186778     4.4002890388
O       16.3053639419     5.0006748593     4.7422458430
O       17.9490723292     3.0910321269     3.8588350561
O       15.3907819192     2.9922024399     3.2139013405
O       16.1091474159     2.5757015568     5.7646240551
Si       16.4823591122     6.6027464952     4.4041053056
Si       13.9790306430     2.5443898227     2.4930664241
Si       18.8588572755     2.5605059405     2.5886291451
Si       15.7607275459     1.1317002480     6.4761413500
H       17.8697266001     6.8742597137     3.9149517380
H       15.5309377220     6.9593749564     3.2964069311
H       16.2376484707     7.4809680900     5.6146155570
H       12.8350684898     3.2816702085     3.0820403875
H       13.9777446595     2.8408874338     1.0270198202
H       18.4622610090     3.3399793429     1.3839458287
H       13.7417863866     1.0817866188     2.6941534815
H       18.5743756581     1.1159418530     2.3333162790
H       16.4452078850     0.9091874583     7.8016889855
H       14.2797135059     0.9696765255     6.6962583872
H       20.3514763358     2.7198383519     2.7912794138
H       16.2183756917     0.0705183272     5.5444867653
32
# Point 5 Energy = 0.0
C       20.5769973708     3.7352600925     7.5847528578
H       18.9721523413     3.6303052922     6.1693614512
C       19.4498390253     3.0123771587     6.9391689369
H       18.6191530148     2.5833865766     7.5144249071
H       20.5381825493     1.5243315004     5.3457229469
C       19.9078574053     1.6767749671     6.2269532949
H       18.8552472762     1.4716861363     5.9828822828
H       20.1234049582     0.8926797373     6.9609958800
H       21.1619791253     3.6849262848     6.6540731375
H       21.1192876317     2.9757069189     8.1551908876
H       20.7068743299     4.7112069402     8.0547502379
Si       16.4390725238     3.4143259598     4.4011428852
O       16.3031410939     5.0014925572     4.7426769943
O       17.9512347607     3.0951847203     3.8609055265
O       15.3938586006     2.9912589141     3.2141384609
O       16.1107993651     2.5764911612     5.7656013320
Si       16.4772629558     6.6042217288     4.4042587352
Si       13.9833727399     2.5404180430     2.4921726401
Si       18.8631764802     2.5662009566     2.5916418005
Si       15.7649377191     1.1322889971     6.4770097452
H       17.8644818290     6.8782537061     3.9161846775
H       15.5260198737     6.9586360666     3.2957736847
H       16.2298724547     7.4821347692     5.6144222506
H       12.8375503880     3.2755981067     3.0801048173
H       13.9827140621     2.8365994936     1.0260872634
H       18.4659601738     3.3445671220     1.3864457061
H       13.7488916558     1.0774121647     2.6934305375
H       18.5816831131     1.1209670932     2.3364075859
H       16.4486137356     0.9112637709     7.8031380284
H       14.2838779905     0.9672517836     6.6959858715
H       20.3552732817     2.7284473558     2.7954132373
H       16.2252107750     0.0716459246     5.5459467594
32
# Point 6 Energy = 0.0
C       20.5633707179     3.7504241073     7.5948556384
H       18.9732478123     3.6341783072     6.1690621614
C       19.4508022613     3.0247980883     6.9457087359
H       18.6131924703     2.5532343856     7.4758182042
H       20.5267063115     1.4759619599     5.3384830711
C       19.9241917691     1.6855828583     6.2266646297
H       18.8520974005     1.5348551059     6.0298799158
H       20.0970805000     0.8947395336     6.9647402046
H       21.1090105463     3.6508196817     6.6435129994
H       21.1138160165     2.9638452901     8.1189420285
H       20.7702424031     4.7125718394     8.0640276655
Si       16.4402608378     3.4155824487     4.4019596495
O       16.3010658296     5.0022777556     4.7430311404
O       17.9532541614     3.0991129680     3.8628033389
O       15.3967296730     2.9903384744     3.2144548141
O       16.1124460709     2.5773080502     5.7666003446
Si       16.4724458975     6.6056301908     4.4042648735
Si       13.9873994817     2.5365942957     2.4915101664
Si       18.8671714316     2.5715400271     2.5944121792
Si       15.7690617139     1.1329689073     6.4779814748
H       17.8594920961     6.8820216808     3.9171268768
H       15.5213156080     6.9578936226     3.2950744002
H       16.2225842888     7.4832938987     5.6140757089
H       12.8398545632     3.2698081818     3.0784868439
H       13.9872579429     2.8324139514     1.0253771522
H       18.4693028193     3.3488002502     1.3887163419
H       13.7555497146     1.0732218268     2.6930104644
H       18.5884921207     1.1256630504     2.3393324929
H       16.4520359943     0.9134011078     7.8046302052
H       14.2879671244     0.9650778683     6.6959658964
H       20.3587764742     2.7365503750     2.7991546891
H       16.2317585475     0.0727919111     5.5475010521
32
# Point 7 Energy = 0.0
C       20.5499014618     3.7650952720     7.6044511832
H       18.9749806532     3.6381992909     6.1686785433
C       19.4518570598     3.0368621593     6.9519563013
H       18.6098784454     2.5248665750     7.4355863572
H       20.5160727662     1.4308528794     5.3350958404
C       19.9402552442     1.6940902952     6.2259872935
H       18.8540370435     1.5965670982     6.0754599177
H       20.0699010172     0.8982035903     6.9674926404
H       21.0563032249     3.6187326990     6.6366558331
H       21.1069481309     2.9530081140     8.0804132915
H       20.8288140640     4.7082169737     8.0732641553
Si       16.4413950588     3.4167679824     4.4027582983
O       16.2991681813     5.0030139294     4.7433295506
O       17.9551244062     3.1027646079     3.8645522836
O       15.3993870352     2.9894441895     3.2148646785
O       16.1140617436     2.5781373934     5.7676377657
Si       16.4679738480     6.6069529323     4.4041482220
Si       13.9910944762     2.5329523426     2.4910874081
Si       18.8708301349     2.5764521294     2.5969661904
Si       15.7730399380     1.1337308829     6.4790695446
H       17.8548321354     6.8855155569     3.9178081918
H       15.5169016635     6.9571503289     3.2943305897
H       16.2158640452     7.4844312827     5.6136012481
H       12.8419772718     3.2643586835     3.0771920980
H       13.9913716425     2.8283661038     1.0248981213
H       18.4722976930     3.3526178436     1.3907833483
H       13.7617118741     1.0692532713     2.6928983757
H       18.5947603632     1.1299640735     2.3421134333
H       16.4554060012     0.9155744177     7.8061808941
H       14.2919156580     0.9631772183     6.6962059951
H       20.3619778996     2.7440443098     2.8025353522
H       16.2379404193     0.0739375731     5.5491624136
32
# Point 8 Energy = 0.0
C       20.5365567470     3.7792430346     7.6135712249
H       18.9773269200     3.6423012173     6.1682323847
C       19.4529870529     3.0485020049     6.9579478573
H       18.6090569486     2.4984015884     7.3939799460
H       20.5067316470     1.3891876587     5.3350385107
C       19.9560110551     1.7021993188     6.2249793430
H       18.8605594139     1.6563722853     6.1194558852
H       20.0419578974     0.9026144731     6.9688514349
H       21.0042607610     3.5885721405     6.6331697378
H       21.0989500973     2.9436463589     8.0399305213
H       20.8821424308     4.6989420788     8.0828168161
Si       16.4424759101     3.4178656227     4.4035567837
O       16.2974695908     5.0036864879     4.7435941825
O       17.9568464515     3.1061016369     3.8661792741
O       15.4018322073     2.9885768806     3.2153776587
O       16.1156255194     2.5789633759     5.7687270806
Si       16.4638942292     6.6081747166     4.4039366634
Si       13.9944561094     2.5295151017     2.4909032742
Si       18.8741550562     2.5808884472     2.5993349537
Si       15.7768254893     1.1345613687     6.4802807752
H       17.8505577992     6.8887011091     3.9182664170
H       15.5128371070     6.9564077189     3.2935648060
H       16.2097637361     7.4855331105     5.6130279492
H       12.8439227659     3.2592884438     3.0762142322
H       13.9950675854     2.8244824843     1.0246497659
H       18.4749662353     3.3559802798     1.3926774461
H       13.7673535989     1.0655313346     2.6930872127
H       18.6004705795     1.1338250639     2.3447752744
H       16.4586653916     0.9177569658     7.8078009867
H       14.2956714551     0.9615574298     6.6967028256
H       20.3648823389     2.7508581441     2.8055967150
H       16.2437004731     0.0750641179     5.5509374212
32
# Point 9 Energy = 0.0
C       20.5232975387     3.7928648410     7.6222527599
H       18.9802567478     3.6464269940     6.1677467754
C       19.4541782045     3.0596710009     6.9637213652
H       18.6105644918     2.4739451285     7.3512527312
H       20.4989694621     1.3509781097     5.3377459945
C       19.9714268487     1.7098375370     6.2236919849
H       18.8711463952     1.7139701713     6.1618344902
H       20.0133388731     0.9075942193     6.9684819837
H       20.9530968307     3.5601363666     6.6327087193
H       21.0900633735     2.9361425919     7.9978294857
H       20.9300740735     4.6855342706     8.0929470548
Si       16.4435076325     3.4188619457     4.4043705203
O       16.2959838103     5.0042830386     4.7438459004
O       17.9584276598     3.1091003671     3.8677107195
O       15.4040749028     2.9877352377     3.2159987962
O       16.1171236531     2.5797699050     5.7698777806
Si       16.4602364916     6.6092840654     4.4036589706
Si       13.9974951447     2.5262947285     2.4909494589
Si       18.8771604877     2.5848220855     2.6015499985
Si       15.7803872776     1.1354433771     6.4816159162
H       17.8467057853     6.8915577624     3.9185427038
H       15.5091623476     6.9556659794     3.2927994269
H       16.2043096825     7.4865862524     5.6123862778
H       12.8457018953     3.2546171392     3.0755386570
H       13.9983707754     2.8207805639     1.0246248368
H       18.4773382932     3.3588685892     1.3944300127
H       13.7724722945     1.0620682833     2.6935607862
H       18.6056274638     1.1372212580     2.3473413359
H       16.4617710777     0.9199216427     7.8094960748
H       14.2991990390     0.9602124619     6.6974444781
H       20.3675049294     2.7569525770     2.8083831591
H       16.2490071164     0.0761535092     5.5528262049
32
# Point 10 Energy = 0.0
C       20.5100832968     3.8059819434     7.6305324006
H       18.9837381374     3.6505297311     6.1672425592
C       19.4554216564     3.0703417129     6.9693119496
H       18.6142350533     2.4515889530     7.3076557945
H       20.4929224006     1.3160858851     5.3426675776
C       19.9864759036     1.7169567358     6.2221641126
H       18.8853121230     1.7692003302     6.2026488188
H       19.9841153512     0.9128653702     6.9661326820
H       20.9028524140     3.5331702605     6.6349459549
H       21.0804968399     2.9308022066     7.9544266269
H       20.9726897807     4.6686997820     8.1038238728
Si       16.4444980308     3.4197469081     4.4052117046
O       16.2947187102     5.0047934017     4.7441033550
O       17.9598807798     3.1117498819     3.8691699117
O       15.4061311803     2.9869160978     3.2167294673
O       16.1185507533     2.5805413060     5.7710954702
Si       16.4570147399     6.6102729143     4.4033428153
Si       14.0002316116     2.5232937731     2.4912134270
Si       18.8798693360     2.5882453392     2.6036396110
Si       15.7837110628     1.1363578253     6.4830708016
H       17.8432957546     6.8940769285     3.9186775712
H       15.5059006028     6.9549239264     3.2920558063
H       16.1995075010     7.4875785295     5.6117060918
H       12.8473304448     3.2503475567     3.0751467964
H       14.0013139416     2.8172693322     1.0248120963
H       18.4794479320     3.3612815370     1.3960696516
H       13.7770832959     1.0588653211     2.6942976592
H       18.6102529561     1.1401457033     2.3498306877
H       16.4646978682     0.9220422654     7.8112667743
H       14.3024808738     0.9591252531     6.6984137078
H       20.3698682836     2.7623161579     2.8109362174
H       16.2538519839     0.0771891310     5.5548233867
32
# Point 11 Energy = 0.0
C       20.4968757608     3.8186337496     7.6384425447
H       18.9877399125     3.6545717339     6.1667360429
C       19.4567155561     3.0805029929     6.9747489185
H       18.6199047583     2.4314093398     7.2634330576
H       20.4886042464     1.2842570175     5.3493083869
C       20.0011374305     1.7235297401     6.2204191142
H       18.9026299454     1.8220169624     6.2419927923
H       19.9543354155     0.9182584539     6.9616343850
H       20.8534273187     3.5074074014     6.6395957288
H       21.0704217939     2.9278557409     7.9099983341
H       21.0102338811     4.6490241370     8.1155384456
Si       16.4454583007     3.4205134849     4.4060893324
O       16.2936784197     5.0052095102     4.7443824652
O       17.9612227767     3.1140495951     3.8705755703
O       15.4080215345     2.9861148541     3.2175686782
O       16.1199100276     2.5812629846     5.7723826074
Si       16.4542314696     6.6111360973     4.4030133733
Si       14.0026916243     2.5205070066     2.4916813924
Si       18.8823099493     2.5911655992     2.6056266246
Si       15.7867986760     1.1372849878     6.4846380831
H       17.8403338592     6.8962595706     3.9187079167
H       15.5030609346     6.9541791538     3.2913537247
H       16.1953481942     7.4884990028     5.6110151436
H       12.8488274988     3.2464690556     3.0750199727
H       14.0039331828     2.8139504712     1.0251991564
H       18.4813299635     3.3632314578     1.3976200578
H       13.7812151111     1.0559148402     2.6952750058
H       18.6143810397     1.1426054446     2.3522568584
H       16.4674387962     0.9240947809     7.8131098432
H       14.3055166557     0.9582710827     6.6995913149
H       20.3719996920     2.7669594517     2.8132907138
H       16.2582468744     0.0781562990     5.5569197742
32
# Point 12 Energy = 0.0
C       20.4836416700     3.8308720370     7.6460091976
H       18.9922338231     3.6585230512     6.1662377637
C       19.4580659625     3.0901567348     6.9800541586
H       18.6274146520     2.4134658207     7.2188179189
H       20.4859409708     1.2551601359     5.3572535833
C       20.0153964140     1.7295467015     6.2184636902
H       18.9227431866     1.8724558730     6.2799635346
H       19.9240228441     0.9237088297     6.9548896106
H       20.8046150927     3.4825982675     6.6464257960
H       21.0599694067     2.9274682327     7.8647686242
H       21.0430472398     4.6269558845     8.1281251041
Si       16.4464027090     3.4211572560     4.4070096085
O       16.2928653600     5.0055253074     4.7446962552
O       17.9624736965     3.1160065966     3.8719412826
O       15.4097691719     2.9853259010     3.2185144055
O       16.1212128307     2.5819220686     5.7737395244
Si       16.4518814769     6.6118708425     4.4026923461
Si       14.0049045519     2.5179234142     2.4923408748
Si       18.8845133714     2.5936009311     2.6075274094
Si       15.7896661562     1.1382059362     6.4863091232
H       17.8378166626     6.8981136414     3.9186649057
H       15.5006418440     6.9534282876     3.2907109430
H       16.1918140905     7.4893383270     5.6103379193
H       12.8502140116     3.2429613318     3.0751424888
H       14.0062644844     2.8108196898     1.0257748947
H       18.4830173751     3.3647398108     1.3990989538
H       13.7849047955     1.0532028341     2.6964719636
H       18.6180528983     1.1446173777     2.3546276443
H       16.4700039072     0.9260583940     7.8150196844
H       14.3083213954     0.9576210676     6.7009591901
H       20.3739287316     2.7709087312     2.8154725978
H       16.2622198171     0.0790426851     5.5591043633
32
# Point 13 Energy = 0.0
C       20.4703535131     3.8427553043     7.6532529151
H       18.9971954349     3.6623598067     6.1657533283
C       19.4594863487     3.0993144338     6.9852428557
H       18.6366113199     2.3977997912     7.1740314085
H       20.4848047894     1.2284208996     5.3661792771
C       20.0292429902     1.7350113308     6.2162893271
H       18.9453627678     1.9206016037     6.3166353323
H       19.8931803553     0.9292460252     6.9458583385
H       20.7561247931     3.4585199665     6.6552609913
H       21.0492325617     2.9297550675     7.8189068834
H       21.0715192603     4.6028119482     8.1415654005
Si       16.4473482987     3.4216760016     4.4079769429
O       16.2922817968     5.0057365527     4.7450556606
O       17.9636559706     3.1176334357     3.8732763803
O       15.4113991167     2.9845432422     3.2195647496
O       16.1224775373     2.5825075857     5.7751655784
Si       16.4499552095     6.6124763280     4.4023985368
Si       14.0069015300     2.5155283001     2.4931820587
Si       18.8865119343     2.5955766223     2.6093527114
Si       15.7923410299     1.1391032210     6.4880753708
H       17.8357347723     6.8996519795     3.9185743623
H       15.4986349193     6.9526674583     3.2901438264
H       16.1888833081     7.4900887762     5.6096961331
H       12.8515122023     3.2397979232     3.0755030152
H       14.0083424347     2.8078686056     1.0265307652
H       18.4845406985     3.3658339958     1.4005188624
H       13.7881948078     1.0507112996     2.6978712095
H       18.6213138314     1.1462050769     2.3569461665
H       16.4724174145     0.9279156708     7.8169896891
H       14.3109225172     0.9571445686     6.7025018734
H       20.3756860761     2.7742008508     2.8174996079
H       16.2658110595     0.0798383282     5.5613658015
32
# Point 14 Energy = 0.0
C       20.4569919832     3.8543453613     7.6601863894
H       19.0026057997     3.6660636865     6.1652817232
C       19.4609984877     3.1079955181     6.9903218559
H       18.6473487369     2.3844355552     7.1292795187
H       20.4850448622     1.2036492518     5.3758511949
C       20.0426731416     1.7399384690     6.2138721922
H       18.9702575762     1.9665594051     6.3520418435
H       19.8617978540     0.9349811301     6.9345415433
H       20.7076142786     3.4349939416     6.6659884325
H       21.0382609555     2.9347897240     7.7725210671
H       21.0960391385     4.5767783238     8.1558286617
Si       16.4483145489     3.4220695116     4.4089939770
O       16.2919313346     5.0058410016     4.7454686823
O       17.9647934415     3.1189460381     3.8745852073
O       15.4129366895     2.9837606190     3.2207188682
O       16.1237291799     2.5830114588     5.7766599006
Si       16.4484416979     6.6129534879     4.4021459189
Si       14.0087130081     2.5133044013     2.4941998858
Si       18.8883369785     2.5971213623     2.6111066614
Si       15.7948608986     1.1399626532     6.4899302026
H       17.8340757763     6.9008903914     3.9184537985
H       15.4970274320     6.9518923885     3.2896657910
H       16.1865343264     7.4907450742     5.6091064256
H       12.8527441979     3.2369488748     3.0760969592
H       14.0101971743     2.8050849400     1.0274627048
H       18.4859257789     3.3665431909     1.4018858888
H       13.7911291789     1.0484197021     2.6994620869
H       18.6242093318     1.1473950871     2.3592109327
H       16.4747168882     0.9296544516     7.8190137909
H       14.3133583874     0.9568126239     6.7042094289
H       20.3773015334     2.7768780284     2.8193792452
H       16.2690700028     0.0805363466     5.5636945809
32
# Point 15 Energy = 0.0
C       20.4435458487     3.8657040255     7.6668161644
H       19.0084517900     3.6696211961     6.1648164798
C       19.4626316516     3.1162253125     6.9952909821
H       18.6594882332     2.3733804769     7.0847515658
H       20.4865108410     1.1804583423     5.3861207896
C       20.0556887326     1.7443517638     6.2111758479
H       18.9972397451     2.0104351774     6.3861692285
H       19.8298610675     0.9410909817     6.9209682309
H       20.6587003545     3.4118868709     6.6785544898
H       21.0270607751     2.9426182948     7.7256585757
H       21.1169737908     4.5489230924     8.1708758871
Si       16.4493232139     3.4223393541     4.4100623972
O       16.2918197386     5.0058383074     4.7459411025
O       17.9659111190     3.1199624346     3.8758682128
O       15.4144072692     2.9829718862     3.2219776261
O       16.1249984779     2.5834285745     5.7782221976
Si       16.4473304990     6.6133047957     4.4019443031
Si       14.0103683211     2.5112331406     2.4953944831
Si       18.8900185122     2.5982652767     2.6127880493
Si       15.7972713744     1.1407736292     6.4918697281
H       17.8328264840     6.9018464888     3.9183133090
H       15.4958047038     6.9510987354     3.2892877884
H       16.1847482813     7.4913044339     5.6085809473
H       12.8539319608     3.2343827982     3.0769266586
H       14.0118544353     2.8024536778     1.0285715450
H       18.4871941649     3.3668965778     1.4032008877
H       13.7937520762     1.0463063788     2.7012410629
H       18.6267838329     1.1482151085     2.3614171322
H       16.4769508115     0.9312678097     7.8210874048
H       14.3156760731     0.9565992656     6.7060780052
H       20.3788038014     2.7789849092     2.8211103004
H       16.2720526191     0.0811328830     5.5660839771
