32
# Point -15 Energy = 0.0
C       20.6510208644     3.6278591714     7.5228812853
H       18.9740263809     3.5825748681     6.1818645285
C       19.4352973954     2.9229420912     6.9253346018
H       18.6807038812     2.7570635930     7.7034642197
H       20.5303908331     1.7330508389     5.4685143348
C       19.7900036643     1.5919330095     6.2649765245
H       18.9122229198     1.1197104618     5.8043291086
H       20.2098396655     0.8854569170     6.9894163758
H       21.4032143905     3.8290793150     6.7506553241
H       21.1247607510     3.0196207849     8.2991343223
H       20.3671632774     4.5849117936     7.9719047745
Si       16.4163736938     3.3676249292     4.4744016421
O       16.3168079007     4.9918743440     4.8396954278
O       17.9707498566     2.9913592482     3.9354106036
O       15.3469803017     2.8755544426     3.2146729866
O       16.0449056583     2.6669721652     5.9340469770
Si       16.3526829071     6.5355182855     4.1912983998
Si       13.8278121083     2.9137663219     2.4006740465
Si       18.7251079435     2.5931686028     2.4704418068
Si       16.0264719168     0.9863171878     6.1670118719
H       17.7770079430     6.8682011651     3.8835979912
H       15.4606138208     6.8460864472     3.2925101984
H       16.1904566573     7.4153094338     5.6008670483
H       12.8749599551     3.4353012020     2.8931594980
H       14.1184069547     2.9570326367     1.0081088545
H       18.3741559480     3.2640777898     1.4236607621
H       13.7325472885     1.1894124876     2.5548329610
H       18.5158225867     1.0501555161     2.3717213687
H       16.5621147297     1.0707740671     7.8269631664
H       14.5432688473     0.9401660064     6.9651053373
H       20.2683614429     2.6352383090     2.8106839090
H       16.3437281157     0.2251885678     5.5858251031
32
# Point -14 Energy = 0.0
C       20.6505658772     3.6321236226     7.5248843954
H       18.9750954074     3.5868134815     6.1813471354
C       19.4368644960     2.9265249172     6.9240237882
H       18.6817428116     2.7577821636     7.7011377366
H       20.5369345344     1.7410465416     5.4675123644
C       19.7946147118     1.5972390805     6.2617378801
H       18.9183474356     1.1243959837     5.7990026395
H       20.2142008353     0.8901838182     6.9857539716
H       21.4037618377     3.8357148694     6.7542876129
H       21.1237627555     3.0228622663     8.3006503324
H       20.3649116197     4.5879588891     7.9753640802
Si       16.4199496736     3.3713900113     4.4672037234
O       16.3176305123     4.9930397973     4.8319672986
O       17.9718885514     2.9995144498     3.9285574239
O       15.3525663386     2.8848090282     3.2114966171
O       16.0506132595     2.6601754627     5.9201337290
Si       16.3680527334     6.5425387634     4.2038691702
Si       13.8299764080     2.8866295230     2.4141195104
Si       18.7371281651     2.5906814276     2.4756871418
Si       16.0015136872     0.9878561710     6.1833308397
H       17.7923786135     6.8654069166     3.8854608068
H       15.4728214891     6.8590305901     3.2910102413
H       16.2005980816     7.4229542221     5.6002523320
H       12.8672020814     3.4202977737     2.9213459211
H       14.0952976088     2.9475392625     1.0122450579
H       18.3839999366     3.2687278253     1.4180227945
H       13.7269698480     1.1791164237     2.5727007108
H       18.5200505057     1.0538504078     2.3675270899
H       16.5478870233     1.0499362718     7.8240703308
H       14.5070015172     0.9436249160     6.9338098030
H       20.2775432935     2.6398439959     2.8073353560
H       16.3261089500     0.2036931266     5.5813175251
32
# Point -13 Energy = 0.0
C       20.6501602440     3.6359762045     7.5265743929
H       18.9760292370     3.5907670105     6.1807481958
C       19.4383156910     2.9298183947     6.9226138519
H       18.6827554027     2.7583600656     7.6988199343
H       20.5430061041     1.7485216444     5.4663593818
C       19.7988522431     1.6021737270     6.2584482958
H       18.9239796661     1.1287956284     5.7937767786
H       20.2181978784     0.8945347259     6.9820299194
H       21.4042743214     3.8417896822     6.7574963133
H       21.1228448216     3.0256840143     8.3018262808
H       20.3628910750     4.5906556736     7.9784806967
Si       16.4231440742     3.3750991060     4.4602879796
O       16.3183306461     4.9941827940     4.8244236960
O       17.9725220309     3.0073708373     3.9218228616
O       15.3575741922     2.8940357932     3.2087728027
O       16.0560686386     2.6535352091     5.9065324742
Si       16.3826865211     6.5492285126     4.2168466854
Si       13.8333609916     2.8596552624     2.4265282742
Si       18.7484579336     2.5881020612     2.4811473080
Si       15.9771171625     0.9907074946     6.2002129778
H       17.8066400496     6.8629822344     3.8874235366
H       15.4841735853     6.8714163805     3.2900251795
H       16.2101922042     7.4301230468     5.6000908803
H       12.8603607956     3.4058628683     2.9473345022
H       14.0741513632     2.9377646564     1.0161647916
H       18.3930775007     3.2733779543     1.4126860462
H       13.7224369550     1.1690940744     2.5898879349
H       18.5238444500     1.0575424739     2.3633276881
H       16.5340997126     1.0304857407     7.8213278097
H       14.4732912832     0.9475253834     6.9040872011
H       20.2859975075     2.6442951196     2.8040399692
H       16.3091463177     0.1838382257     5.5770207198
32
# Point -12 Energy = 0.0
C       20.6498035933     3.6394313095     7.5279633898
H       18.9768293636     3.5944339180     6.1800763374
C       19.4396527983     2.9328272296     6.9211186822
H       18.6837411997     2.7588045164     7.6965251431
H       20.5486160061     1.7554732833     5.4650765710
C       19.8027239075     1.6067370346     6.2551297915
H       18.9291288430     1.1329023411     5.7886745880
H       20.2218391653     0.8985160605     6.9782720045
H       21.4047536725     3.8473156262     6.7602927697
H       21.1220066585     3.0281073883     8.3026797041
H       20.3610971645     4.5930194569     7.9812606750
Si       16.4259597809     3.3787279441     4.4536587626
O       16.3189036508     4.9952819473     4.8170594699
O       17.9726571900     3.0149069864     3.9152168522
O       15.3620144403     2.9031983747     3.2065051782
O       16.0612677244     2.6470336121     5.8932534815
Si       16.3965766333     6.5555619975     4.2301852374
Si       13.8379085575     2.8329403055     2.4379001313
Si       18.7591047847     2.5854035544     2.4868280281
Si       15.9533605962     0.9948403378     6.2176820282
H       17.8197903642     6.8609123640     3.8894489325
H       15.4946569736     6.8831972356     3.2894995465
H       16.2192036539     7.4368073627     5.6003260407
H       12.8543478418     3.3920949038     2.9711088139
H       14.0549402917     2.9278775247     1.0198077247
H       18.4013875683     3.2779931661     1.4076536568
H       13.7188362540     1.1594401849     2.6062467435
H       18.5272173211     1.0612037823     2.3591485532
H       16.5208437376     1.0124178518     7.8187449225
H       14.4421341577     0.9517018351     6.8760670041
H       20.2937285397     2.6485774184     2.8008056205
H       16.2929481660     0.1656151462     5.5729489752
32
# Point -11 Energy = 0.0
C       20.6494944546     3.6425034653     7.5290644640
H       18.9774971441     3.5978129764     6.1793401954
C       19.4408771528     2.9355563017     6.9195523140
H       18.6846989644     2.7591225960     7.6942673428
H       20.5537750825     1.7618994341     5.4636857795
C       19.8062374245     1.6109295558     6.2518045454
H       18.9338047220     1.1367095762     5.7837187087
H       20.2251328028     0.9021345771     6.9745082687
H       21.4052009141     3.8523050393     6.7626898104
H       21.1212464984     3.0301537273     8.3032292583
H       20.3595239295     4.5950674859     7.9837110096
Si       16.4284008830     3.3822526720     4.4473189213
O       16.3193456685     4.9963160195     4.8098682125
O       17.9723022884     3.0221021866     3.9087486406
O       15.3658996139     2.9122612067     3.2046950650
O       16.0662071894     2.6406527108     5.8803053046
Si       16.4097168637     6.5615153834     4.2438386095
Si       13.8435589838     2.8065769730     2.4482386730
Si       18.7690788075     2.5825604948     2.4927349591
Si       15.9303212626     1.0002217245     6.2357558471
H       17.8318290529     6.8591819110     3.8915010990
H       15.5042611713     6.8943278874     3.2893765018
H       16.2275989485     7.4429991412     5.6009005358
H       12.8490805526     3.3790861422     2.9926632424
H       14.0376269908     2.9180462334     1.0231223218
H       18.4089321400     3.2825396855     1.4029283531
H       13.7160546850     1.1502450879     2.6216401238
H       18.5301841591     1.0648076252     2.3550148028
H       16.5082081065     0.9957259566     7.8163254755
H       14.4135218745     0.9559983157     6.8498642560
H       20.3007429255     2.6526777517     2.7976412620
H       16.2776193427     0.1490121558     5.5691114565
32
# Point -10 Energy = 0.0
C       20.6492302456     3.6452072275     7.5298915939
H       18.9780337265     3.6009032091     6.1785484071
C       19.4419895649     2.9380105888     6.9179288884
H       18.6856266618     2.7593211653     7.6920601400
H       20.5584944545     1.7677988559     5.4622094287
C       19.8094005169     1.6147522480     6.2484948169
H       18.9380174933     1.1402112579     5.7789313036
H       20.2280865970     0.9053972854     6.9707668973
H       21.4056162202     3.8567706228     6.7647016684
H       21.1205611164     3.0318442229     8.3034946173
H       20.3581639364     4.5968168284     7.9858396031
Si       16.4304725314     3.3856498665     4.4412698844
O       16.3196535174     4.9972639307     4.8028423785
O       17.9714667964     3.0289364492     3.9024268001
O       15.3692439807     2.9211895659     3.2033415883
O       16.0708843794     2.6343743775     5.8676948489
Si       16.4221022174     6.5670665151     4.2577603095
Si       13.8502495889     2.7806527842     2.4575512925
Si       18.7783923888     2.5795490360     2.4988736754
Si       15.9080751057     1.0068165629     6.2544462309
H       17.8427567263     6.8577747801     3.8935455125
H       15.5129781343     6.9047644065     3.2895981579
H       16.2353463915     7.4486908021     5.6017567945
H       12.8444825765     3.3669229869     3.0120030279
H       14.0221652039     2.9084376515     1.0260661417
H       18.4157160365     3.2869850374     1.3985124534
H       13.7139799946     1.1415942911     2.6359422257
H       18.5327619003     1.0683285446     2.3509512144
H       16.4962796874     0.9804021236     7.8140675601
H       14.3874433062     0.9602701954     6.8255791597
H       20.3070490766     2.6565840975     2.7945568780
H       16.2632605263     0.1340144836     5.5655118609
32
# Point -9 Energy = 0.0
C       20.6490072653     3.6475570691     7.5304595941
H       18.9784399823     3.6037038242     6.1777096075
C       19.4429902878     2.9401950816     6.9162626112
H       18.6865214533     2.7594067674     7.6899167406
H       20.5627854400     1.7731710383     5.4606704126
C       19.8122208590     1.6182064083     6.2452228570
H       18.9417777095     1.1434017338     5.7743339854
H       20.2307080344     0.9083113653     6.9670760899
H       21.4059988814     3.8607253425     6.7663439040
H       21.1199458605     3.0331997880     8.3034963690
H       20.3570082817     4.5982842488     7.9876552367
Si       16.4321807967     3.3888965322     4.4355117421
O       16.3198245668     4.9981047480     4.7959734170
O       17.9701612447     3.0353905104     3.8962592480
O       15.3720633331     2.9299495984     3.2024417924
O       16.0752972484     2.6281802938     5.8554274342
Si       16.4337286827     6.5721948689     4.2719038101
Si       13.8579154138     2.7552501163     2.4658491620
Si       18.7870599648     2.5763469313     2.5052496422
Si       15.8866964033     1.0145876644     6.2737587704
H       17.8525748372     6.8566741106     3.8955490477
H       15.5208020275     6.9144642018     3.2901059188
H       16.2424159460     7.4538751124     5.6028372902
H       12.8404844577     3.3556862775     3.0291442611
H       14.0085005207     2.8992160254     1.0286060580
H       18.4217466491     3.2912981196     1.3944078667
H       13.7125021923     1.1335681729     2.6490385867
H       18.5349691546     1.0717423643     2.3469821454
H       16.4851430176     0.9664380360     7.8119634296
H       14.3638858285     0.9643858436     6.8032967722
H       20.3126570862     2.6602855626     2.7915634259
H       16.2499671732     0.1206042425     5.5621481312
32
# Point -8 Energy = 0.0
C       20.6488206951     3.6495672648     7.5307840514
H       18.9787164454     3.6062141398     6.1768324239
C       19.4438789941     2.9421146911     6.9145677057
H       18.6873797004     2.7593855112     7.6878499186
H       20.5666594875     1.7780161562     5.4590919815
C       19.8147060411     1.6212936054     6.2420108060
H       18.9450962305     1.1462757236     5.7699477279
H       20.2330042827     0.9108840800     6.9634639146
H       21.4063472783     3.8641823364     6.7676333271
H       21.1193946910     3.0342409205     8.3032559088
H       20.3560465996     4.5994860755     7.9891675493
Si       16.4335325340     3.3919700863     4.4300433260
O       16.3198566089     4.9988176590     4.7892519101
O       17.9683970829     3.0414458341     3.8902532569
O       15.3743747846     2.9385083322     3.2019907510
O       16.0794442990     2.6220519048     5.8435068503
Si       16.4445929966     6.5768814816     4.2862227957
Si       13.8664895267     2.7304458829     2.4731471771
Si       18.7950977886     2.5729335751     2.5118681779
Si       15.8662574473     1.0234957368     6.2936927317
H       17.8612854085     6.8558622116     3.8974800127
H       15.5277289837     6.9233860024     3.2908408291
H       16.2487790948     7.4585450555     5.6040848865
H       12.8370240651     3.3454515607     3.0441138330
H       13.9965711420     2.8905418956     1.0307183967
H       18.4270336962     3.2954492888     1.3906160862
H       13.7115149363     1.1262417726     2.6608262956
H       18.5368260066     1.0750262312     2.3431314342
H       16.4748801265     0.9538260411     7.8099994765
H       14.3428365795     0.9682282533     6.7830868022
H       20.3175785476     2.6637724116     2.7886727635
H       16.2378284989     0.1087602784     5.5590122524
32
# Point -7 Energy = 0.0
C       20.6486646084     3.6512517725     7.5308812598
H       18.9788632605     3.6084335049     6.1759254692
C       19.4446547636     2.9437741477     6.9128583609
H       18.6881969776     2.7592629396     7.6858719779
H       20.5701281292     1.7823350319     5.4574976133
C       19.8168635521     1.6240156116     6.2388805754
H       18.9479841885     1.1488282647     5.7657927591
H       20.2349822119     0.9131226860     6.9599581423
H       21.4066588648     3.8671548261     6.7685879207
H       21.1189002313     3.0349875622     8.3027953284
H       20.3552670743     4.6004380599     7.9903870217
Si       16.4345352552     3.3948483324     4.4248622842
O       16.3197477321     4.9993819331     4.7826677170
O       17.9661865505     3.0470846170     3.8844154596
O       15.3761965789     2.9468336793     3.2019816701
O       16.0833245327     2.6159703545     5.8319354000
Si       16.4546924124     6.5811088613     4.3006714143
Si       13.8759033518     2.7063112414     2.4794638657
Si       18.8025237136     2.5692900556     2.5187344024
Si       15.8468282443     1.0334993570     6.3142409634
H       17.8688907672     6.8553205027     3.8993081943
H       15.5337568591     6.9314898258     3.2917439316
H       16.2544086890     7.4626936783     5.6054431872
H       12.8340468676     3.3362893219     3.0569493370
H       13.9863086996     2.8825710634     1.0323889941
H       18.4315889926     3.2994104634     1.3871381758
H       13.7109168290     1.1196846639     2.6712140978
H       18.5383538422     1.0781586712     2.3394222825
H       16.4655703655     0.9425603343     7.8081563318
H       14.3242835609     0.9716965923     6.7650035099
H       20.3218263898     2.6670361158     2.7858975629
H       16.2269265037     0.0984579282     5.5560901496
32
# Point -6 Energy = 0.0
C       20.6485319907     3.6526241130     7.5307681554
H       18.9788801421     3.6103612178     6.1749973311
C       19.4453160834     2.9451778989     6.9111486726
H       18.6889680969     2.7590438871     7.6839947056
H       20.5732029538     1.7861291072     5.4559108689
C       19.8187007784     1.6263743364     6.2358537161
H       18.9504529714     1.1510546587     5.7618884347
H       20.2366484339     0.9150343436     6.9565860635
H       21.4069301623     3.8696560352     6.7692267643
H       21.1184538297     3.0354589541     8.3021373017
H       20.3546564591     4.6011552308     7.9913249651
Si       16.4351970142     3.3975094319     4.4199651484
O       16.3194962006     4.9997768774     4.7762101210
O       17.9635425613     3.0522897992     3.8787518463
O       15.3775479141     2.9548944351     3.2024059807
O       16.0869374115     2.6099164106     5.8207139298
Si       16.4640244752     6.5848608858     4.3152045304
Si       13.8860870208     2.6829113367     2.4848212570
Si       18.8093569991     2.5653992201     2.5258531721
Si       15.8284762356     1.0445549245     6.3353898259
H       17.8753932936     6.8550294630     3.9010049124
H       15.5388849944     6.9387369401     3.2927566308
H       16.2592787954     7.4663139221     5.6068568893
H       12.8315060623     3.3282651673     3.0676989194
H       13.9776391182     2.8754536165     1.0336131719
H       18.4354262343     3.3031552464     1.3839747491
H       13.7106126055     1.1139608992     2.6801224447
H       18.5395752030     1.0811196605     2.3358771174
H       16.4572902409     0.9326382385     7.8064091093
H       14.3082165229     0.9747076444     6.7490857142
H       20.3254147335     2.6700694252     2.7832512100
H       16.2173350619     0.0896686727     5.5533617007
32
# Point -5 Energy = 0.0
C       20.6484147719     3.6536972539     7.5304622476
H       18.9787663484     3.6119964487     6.1740565569
C       19.4458608620     2.9463300074     6.9094525764
H       18.6896871448     2.7587323332     7.6822293174
H       20.5758955974     1.7894004258     5.4543552357
C       19.8202250212     1.6283717664     6.2329512716
H       18.9525142238     1.1529504224     5.7582530955
H       20.2380093584     0.9166260314     6.9533742880
H       21.4071567693     3.8716991164     6.7695699561
H       21.1180456331     3.0356734936     8.3013049644
H       20.3542001052     4.6016517491     7.9919935123
Si       16.4355263079     3.3999318780     4.4153473924
O       16.3191003467     4.9999817955     4.7698679732
O       17.9604786064     3.0570450864     3.8732677532
O       15.3784487866     2.9626602812     3.2032534204
O       16.0902828329     2.6038703876     5.8098418445
Si       16.4725868152     6.5881226955     4.3297779739
Si       13.8969697469     2.6603050925     2.4892447086
Si       18.8156181392     2.5612457543     2.5332290008
Si       15.8112660382     1.0566166064     6.3571191478
H       17.8807951941     6.8549685962     3.9025430790
H       15.5431139912     6.9450898285     3.2938210515
H       16.2633645515     7.4693984486     5.6082721276
H       12.8293625612     3.3214399505     3.0764210775
H       13.9704835071     2.8693330200     1.0343956337
H       18.4385608039     3.3066590682     1.3811259394
H       13.7105141949     1.1091290147     2.6874834920
H       18.5405136683     1.0838907156     2.3325174332
H       16.4501132412     0.9240615104     7.8047278085
H       14.2946275791     0.9771970754     6.7353569182
H       20.3283587686     2.6728664600     2.7807476887
H       16.2091190831     0.0823596860     5.5508008741
32
# Point -4 Energy = 0.0
C       20.6483038734     3.6544835022     7.5299815474
H       18.9785206714     3.6133381725     6.1731116310
C       19.4462864571     2.9472340596     6.9077837748
H       18.6903475301     2.7583312645     7.6805863933
H       20.5782177510     1.7921516288     5.4528539617
C       19.8214435260     1.6300099151     6.2301936222
H       18.9541798621     1.1545112506     5.7549039116
H       20.2390712602     0.9179044706     6.9503485353
H       21.4073333868     3.8732970889     6.7696385320
H       21.1176646729     3.0356485998     8.3003217916
H       20.3538820060     4.6019407714     7.9924056057
Si       16.4355319956     3.4020944832     4.4110034783
O       16.3185584830     4.9999759597     4.7636298277
O       17.9570086762     3.0613349850     3.8679678413
O       15.3789198567     2.9701018010     3.2045121013
O       16.0933611192     2.5978120827     5.7993171074
Si       16.4803769703     6.5908805913     4.3443487730
Si       13.9084802190     2.6385450611     2.4927626930
Si       18.8213287168     2.5568162736     2.5408659672
Si       15.7952592029     1.0696362879     6.3794022114
H       17.8850983106     6.8551164141     3.9038972540
H       15.5464455181     6.9505121636     3.2948803845
H       16.2666420421     7.4719394763     5.6096368020
H       12.8275848508     3.3158698501     3.0831844005
H       13.9647590657     2.8643452791     1.0347502844
H       18.4410095981     3.3098993463     1.3785913616
H       13.7105416372     1.1052420916     2.6932410564
H       18.5411937619     1.0864549992     2.3293636192
H       16.4441096556     0.9168375718     7.8030778835
H       14.2835115014     0.9791204381     6.7238255707
H       20.3306746565     2.6754228201     2.7784014524
H       16.2023337654     0.0764933003     5.5483759835
32
# Point -3 Energy = 0.0
C       20.6481892710     3.6549944150     7.5293444896
H       18.9781414462     3.6143851217     6.1721709442
C       19.4465897176     2.9478930948     6.9061556573
H       18.6909420440     2.7578425611     7.6790758091
H       20.5801811812     1.7943859619     5.4514298873
C       19.8223635233     1.6312907907     6.2276003265
H       18.9554620986     1.1557329963     5.7518567237
H       20.2398403514     0.9188760658     6.9475334246
H       21.4074538642     3.8744627910     6.7694543796
H       21.1172989613     3.0354005979     8.2992114706
H       20.3536848599     4.6020343339     7.9925749791
Si       16.4352232400     3.4039763906     4.4069268913
O       16.3178688415     4.9997386097     4.7574840601
O       17.9531472034     3.0651448558     3.8628560671
O       15.3789823358     2.9771905180     3.2061685672
O       16.0961730198     2.5917207417     5.7891362267
Si       16.4873922506     6.5931219477     4.3588753608
Si       13.9205470107     2.6176773447     2.4954065475
Si       18.8265112819     2.5520994211     2.5487676132
Si       15.7805139853     1.0835635481     6.4022057768
H       17.8883039798     6.8554504450     3.9050436859
H       15.5488821613     6.9549688042     3.2958792008
H       16.2690882135     7.4739286438     5.6109008680
H       12.8261487371     3.3116064077     3.0880672527
H       13.9603799876     2.8606181784     1.0346999792
H       18.4427908822     3.3128556525     1.3763700653
H       13.7106238340     1.1023478699     2.6973505433
H       18.5416408771     1.0887974379     2.3264347809
H       16.4393463753     0.9109805253     7.8014209657
H       14.2748656574     0.9804537964     6.7144854888
H       20.3323794536     2.6777357014     2.7762272836
H       16.1970239531     0.0720264299     5.5460500433
32
# Point -2 Energy = 0.0
C       20.6480600771     3.6552407409     7.5285698499
H       18.9776265817     3.6151357708     6.1712427546
C       19.4467670393     2.9483095671     6.9045812185
H       18.6914629287     2.7572669276     7.6777066648
H       20.5817977580     1.7961072957     5.4501052829
C       19.8229922713     1.6322163874     6.2251899701
H       18.9563734641     1.1566116776     5.7491258949
H       20.2403228478     0.9195468730     6.9449522791
H       21.4075112672     3.8752088497     6.7690401446
H       21.1169356003     3.0349446349     8.2979977752
H       20.3535901604     4.6019432733     7.9925161251
Si       16.4346094710     3.4055571210     4.4031101623
O       16.3170295499     4.9992489932     4.7514189631
O       17.9489090272     3.0684609871     3.8579356461
O       15.3786578978     2.9838989662     3.2082078422
O       16.0987197252     2.5855750765     5.7792942368
Si       16.4936296616     6.5948351541     4.3733177357
Si       13.9330989975     2.5977416007     2.4972101961
Si       18.8311892511     2.5470859632     2.5569368390
Si       15.7670851234     1.0983456894     6.4254901574
H       17.8904129593     6.8559472690     3.9059603192
H       15.5504273377     6.9584258230     3.2967637170
H       16.2706808443     7.4753569229     5.6120165709
H       12.8250369919     3.3086965481     3.0911573979
H       13.9572583443     2.8582705980     1.0342762103
H       18.4439241688     3.3155098758     1.3744604821
H       13.7106991137     1.1004889166     2.6997788617
H       18.5418812129     1.0909048442     2.3237485689
H       16.4358866741     0.9065117850     7.7997157012
H       14.2686895776     0.9811938302     6.7073164618
H       20.3334910558     2.6798040056     2.7742401474
H       16.1932236191     0.0689100322     5.5437811835
32
# Point -1 Energy = 0.0
C       20.6479046420     3.6552324023     7.5276766550
H       18.9769736134     3.6155883620     6.1703351404
C       19.4468144318     2.9484853535     6.9030729797
H       18.6919019534     2.7566038911     7.6764872189
H       20.5830794804     1.7973201552     5.4489017070
C       19.8233370932     1.6327887073     6.2229800366
H       18.9569268205     1.1571435191     5.7467241889
H       20.2405250186     0.9199226027     6.9426269639
H       21.4074979712     3.8755476730     6.7684191281
H       21.1165608987     3.0342946431     8.2967044431
H       20.3535783174     4.6016772001     7.9922442430
Si       16.4337003715     3.4068166668     4.3995448829
O       16.3160386504     4.9984864614     4.7454228076
O       17.9443093759     3.0712706882     3.8532090156
O       15.3779686097     2.9902008011     3.2106134752
O       16.1010028884     2.5793533538     5.7697846799
Si       16.4990858992     6.5960095966     4.3876375592
Si       13.9460657707     2.5787711432     2.4982098584
Si       18.8353868235     2.5417688716     2.5653758033
Si       15.7550236156     1.1139278506     6.4492093647
H       17.8914254348     6.8565825833     3.9066267507
H       15.5510852871     6.9608505743     3.2974819868
H       16.2713985916     7.4762146018     5.6129385957
H       12.8242389184     3.3071826068     3.0925515703
H       13.9553049283     2.8574119132     1.0335187438
H       18.4444301211     3.3178463606     1.3728603691
H       13.7107155865     1.0997028521     2.7005043482
H       18.5419417069     1.0927660274     2.3213210327
H       16.4337899638     0.9034601307     7.7979186384
H       14.2649841682     0.9813572732     6.7022850587
H       20.3340281590     2.6816284261     2.7724550449
H       16.1909554888     0.0670887078     5.5415230696
32
# Point 0 Energy = 0
C       20.6477110000     3.6549790000     7.5266840000
H       18.9761800000     3.6157410000     6.1694560000
C       19.4467280000     2.9484220000     6.9016430000
H       18.6922510000     2.7558520000     7.6754250000
H       20.5840390000     1.7980300000     5.4478400000
C       19.8234060000     1.6330100000     6.2209870000
H       18.9571360000     1.1573250000     5.7446630000
H       20.2404540000     0.9200090000     6.9405780000
H       21.4074060000     3.8754920000     6.7676150000
H       21.1161610000     3.0334640000     8.2953550000
H       20.3536290000     4.6012450000     7.9917750000
Si       16.4325060000     3.4077350000     4.3962220000
O       16.3148940000     4.9974300000     4.7394840000
O       17.9393640000     3.0735620000     3.8486780000
O       15.3769370000     2.9960700000     3.2133680000
O       16.1030250000     2.5730330000     5.7606000000
Si       16.5037570000     6.5966350000     4.4017980000
Si       13.9593780000     2.5607940000     2.4984440000
Si       18.8391290000     2.5361430000     2.5740860000
Si       15.7443760000     1.1302530000     6.4733110000
H       17.8913405600     6.8573308000     3.9070238400
H       15.5508605600     6.9622108000     3.2979838400
H       16.2712205600     7.4764908000     5.6136238400
H       12.8237502400     3.3071035200     3.0923555200
H       13.9544302400     2.8581435200     1.0324755200
H       18.4443303200     3.3198514400     1.3715668800
H       13.7106302400     1.1000235200     2.6995155200
H       18.5418503200     1.0943714400     2.3191668800
H       16.4331100800     0.9018602400     7.7959848800
H       14.2637500800     0.9809802400     6.6993448800
H       20.3340103200     2.6832114400     2.7708868800
H       16.1902300800     0.0665002400     5.5392248800
32
# Point 1 Energy = 0.0
C       20.6474664626     3.6544907994     7.5256117364
H       18.9752430523     3.6155935104     6.1686132782
C       19.4465028189     2.9481226562     6.9003038427
H       18.6925004589     2.7550124104     7.6745277249
H       20.5846874756     1.7982424220     5.4469426161
C       19.8232051069     1.6328836085     6.2192285762
H       18.9570127557     1.1571543624     5.7429547735
H       20.2401140997     0.9198128139     6.9388275759
H       21.4072271301     3.8750542473     6.7666525122
H       21.1157204705     3.0324666176     8.2939741396
H       20.3537217833     4.6006566140     7.9911242904
Si       16.4310369683     3.4082955340     4.3931314751
O       16.3135954103     4.9960621580     4.7335893086
O       17.9340890845     3.0753247248     3.8443441621
O       15.3755859254     3.0014846540     3.2164526865
O       16.1047882295     2.5665957239     5.7517318362
Si       16.5076424023     6.5967049084     4.4157609702
Si       13.9729677511     2.5438313622     2.4979539330
Si       18.8424412444     2.5302038663     2.5830693740
Si       15.7351842162     1.1472672528     6.4977406141
H       17.8901603336     6.8581675941     3.9071292798
H       15.5497624102     6.9624763282     3.2982173986
H       16.2701305901     7.4761802080     5.6140262734
H       12.8235764381     3.3084978397     3.0906863695
H       13.9545369491     2.8605538913     1.0312032676
H       18.4436471406     3.3215125184     1.3705778053
H       13.7104023781     1.1014814046     2.6968180478
H       18.5416343435     1.0957124939     2.3172989245
H       16.4338976871     0.9017224527     7.7938657090
H       14.2649892486     0.9800871216     6.6984355007
H       20.3334580935     2.6845546287     2.7695489466
H       16.1910521408     0.0670952723     5.5368224113
32
# Point 2 Energy = 0.0
C       20.6471587441     3.6537786299     7.5244794974
H       18.9741604271     3.6151460095     6.1678148068
C       19.4461346142     2.9475908179     6.8990678099
H       18.6926415184     2.7540862609     7.6738028071
H       20.5850369764     1.7979640794     5.4462316407
C       19.8227416081     1.6324135489     6.2177220378
H       18.9565700793     1.1566303694     5.7416114912
H       20.2395110120     0.9193415036     6.9373972615
H       21.4069533758     3.8742477660     6.7655562624
H       21.1152245692     3.0313170067     8.2925861742
H       20.3538363328     4.5999223144     7.9903079323
Si       16.4293042925     3.4084814986     4.3902632840
O       16.3121426388     4.9943650891     4.7277257805
O       17.9285012816     3.0765490401     3.8402089071
O       15.3739384989     3.0064225975     3.2198488108
O       16.1062958129     2.5600227170     5.7431717428
Si       16.5107409841     6.5962127867     4.4294892649
Si       13.9867689063     2.5279007991     2.4967830800
Si       18.8453493662     2.5239479756     2.5923276352
Si       15.7274846858     1.1649157844     6.5224384995
H       17.8878856272     6.8590670582     3.9069208370
H       15.5478002839     6.9616165085     3.2981321002
H       16.2681131291     7.4752765084     5.6141010564
H       12.8237288905     3.3114025118     3.0876695836
H       13.9555290254     2.8647248310     1.0297666519
H       18.4424031133     3.3228178068     1.3698906829
H       13.7099981361     1.1041054348     2.6924268885
H       18.5413216550     1.0967814267     2.3157294815
H       16.4361955856     0.9030558488     7.7915096116
H       14.2687023687     0.9787149490     6.6994839842
H       20.3323925221     2.6856606297     2.7684542427
H       16.1934145387     0.0688218917     5.5342455134
32
# Point 3 Energy = 0.0
C       20.6467741915     3.6528496523     7.5233066546
H       18.9729288680     3.6143971254     6.1670675392
C       19.4456181703     2.9468272639     6.8979452070
H       18.6926642544     2.7530703332     7.6732549960
H       20.5850993636     1.7972020734     5.4457255048
C       19.8220223469     1.6316025955     6.2164803428
H       18.9558209148     1.1557512775     5.7406396367
H       20.2386500516     0.9186000482     6.9363030620
H       21.4065755387     3.8730838666     6.7643513258
H       21.1146571396     3.0300246812     8.2912140924
H       20.3539505255     4.5990476955     7.9893431538
Si       16.4273187930     3.4082774103     4.3876053002
O       16.3105348150     4.9923214623     4.7218813040
O       17.9226173065     3.0772277528     3.8362713867
O       15.3720178465     3.0108648740     3.2235344314
O       16.1075509923     2.5532938879     5.7349074855
Si       16.5130505590     6.5951536608     4.4429504348
Si       14.0007171783     2.5130116861     2.4949748929
Si       18.8478797698     2.5173772326     2.6018596414
Si       15.7213111395     1.1831394136     6.5473373576
H       17.8845169982     6.8600029200     3.9063827096
H       15.5449843633     6.9596061718     3.2976832565
H       16.2651534646     7.4737697129     5.6138116810
H       12.8242176340     3.3158412203     3.0834336272
H       13.9573174652     2.8707202297     1.0282354425
H       18.4406228943     3.3237618471     1.3695003397
H       13.7094046498     1.1079162169     2.6863693229
H       18.5409404633     1.0975756479     2.3144678737
H       16.4400447235     0.9059026933     7.7888675293
H       14.2748873129     0.9769376958     6.7024129504
H       20.3308349562     2.6865366725     2.7676168125
H       16.1972959100     0.0716069788     5.5314300652
32
# Point 4 Energy = 0.0
C       20.6462995756     3.6517112540     7.5221121916
H       18.9715454935     3.6133460047     6.1663780980
C       19.4449487713     2.9458331426     6.8969457726
H       18.6925593075     2.7519614772     7.6728883879
H       20.5848870357     1.7959645329     5.4454418070
C       19.8210547984     1.6304542262     6.2155155015
H       18.9547788836     1.1545161571     5.7400446312
H       20.2375372800     0.9175939674     6.9355597618
H       21.4060847700     3.8715743896     6.7630624991
H       21.1140025710     3.0285992012     8.2898802453
H       20.3540425626     4.5980383502     7.9882470808
Si       16.4250916944     3.4076686759     4.3851451036
O       16.3087714100     4.9899146410     4.7160439665
O       17.9164542931     3.0773548419     3.8325302632
O       15.3698472320     3.0147936921     3.2274872672
O       16.1085578799     2.5463896554     5.7269262518
Si       16.5145690955     6.5935233271     4.4561131472
Si       14.0147508945     2.4991696887     2.4925739578
Si       18.8500590615     2.5104951947     2.6116635710
Si       15.7166921039     1.2018786787     6.5723655937
H       17.8800549147     6.8609480859     3.9054994069
H       15.5413259449     6.9564211738     3.2968278706
H       16.2612385167     7.4716496204     5.6131233521
H       12.8250566798     3.3218345208     3.0781129847
H       13.9598163390     2.8785946892     1.0266854224
H       18.4383314697     3.3243409021     1.3694009674
H       13.7086164797     1.1129318815     2.6786821251
H       18.5405191623     1.0980941347     2.3135223344
H       16.4454792817     0.9103027212     7.7858901898
H       14.2835370773     0.9748382377     6.7071375710
H       20.3288072109     2.6871913582     2.7670501747
H       16.2026628095     0.0753735759     5.5283078621
32
# Point 5 Energy = 0.0
C       20.6457219081     3.6503708443     7.5209147973
H       18.9700077334     3.6119925787     6.1657526967
C       19.4441218756     2.9446101022     6.8960786384
H       18.6923174180     2.7507569381     7.6727063125
H       20.5844124320     1.7942604480     5.4453973603
C       19.8198464441     1.6289726523     6.2148385481
H       18.9534575694     1.1529251637     5.7398307082
H       20.2361786048     0.9163292269     6.9351809263
H       21.4054725326     3.8697313029     6.7617144673
H       21.1132453634     3.0270498297     8.2886064767
H       20.3540910042     4.5968997446     7.9870368202
Si       16.4226346719     3.4066425765     4.3828696423
O       16.3068527082     4.9871297048     4.7102017330
O       17.9100298083     3.0769260234     3.8289835064
O       15.3674500814     3.0181937036     3.2316842550
O       16.1093211585     2.5392920183     5.7192142672
Si       16.5152956519     6.5913193225     4.4689469965
Si       14.0288109924     2.4863761616     2.4896259885
Si       18.8519140633     2.5033073988     2.6217368108
Si       15.7136510669     1.2210747641     6.5974480801
H       17.8745009110     6.8618753125     3.9042556464
H       15.5368386172     6.9520397103     3.2955244289
H       16.2563579526     7.4689068309     5.6120028128
H       12.8262630858     3.3293987247     3.0718476909
H       13.9629421901     2.8883908599     1.0251979856
H       18.4355545002     3.3245534058     1.3695859835
H       13.7076358405     1.1191674005     2.6694136190
H       18.5400859803     1.0983378388     2.3128997795
H       16.4525270801     0.9162899575     7.7825275684
H       14.2946392065     0.9725038654     6.7135672252
H       20.3263316095     2.6876345660     2.7667673150
H       16.2094705379     0.0800430226     5.5248062727
32
# Point 6 Energy = 0.0
C       20.6450287522     3.6488361723     7.5197327566
H       18.9683135462     3.6103378438     6.1651971415
C       19.4431333234     2.9431606202     6.8953523797
H       18.6919296592     2.7494548339     7.6727114585
H       20.5836880622     1.7920997344     5.4456082905
C       19.8184048292     1.6271630345     6.2144597124
H       18.9518705009     1.1509797593     5.7400011966
H       20.2345798224     0.9148125065     6.9351791312
H       21.4047308900     3.8675668726     6.7603316159
H       21.1123704342     3.0253859061     8.2874140563
H       20.3540751867     4.5956376158     7.9857292645
Si       16.4199599331     3.4051885263     4.3807654214
O       16.3047800405     4.9839537668     4.7043424603
O       17.9033618810     3.0759388378     3.8256285183
O       15.3648499627     3.0210521927     3.2361018591
O       16.1098461623     2.5319850021     5.7117571012
Si       16.5152307296     6.5885410985     4.4814222758
Si       14.0428412417     2.4746285535     2.4861778449
Si       18.8534716842     2.4958211900     2.6320760795
Si       15.7122061197     1.2406702553     6.6225069136
H       17.8678579907     6.8627573446     3.9026359901
H       15.5315385891     6.9464424695     3.2937327284
H       16.2505046420     7.4655331535     5.6104180144
H       12.8278564220     3.3385459481     3.0647826266
H       13.9666144159     2.9001391326     1.0238596497
H       18.4323181751     3.3243997040     1.3700481026
H       13.7064716067     1.1266347683     2.6586237287
H       18.5396687738     1.0983095318     2.3126060736
H       16.4612083058     0.9238886091     7.7787280894
H       14.3081749745     0.9700227411     6.7216065704
H       20.3234309076     2.6878772286     2.7667806256
H       16.2176630353     0.0855370465     5.5208476827
32
# Point 7 Energy = 0.0
C       20.6442072417     3.6471146509     7.5185842636
H       18.9664606673     3.6083839659     6.1647168345
C       19.4419781090     2.9414878986     6.8947751277
H       18.6913859608     2.7480544521     7.6729058585
H       20.5827249774     1.7894925065     5.4460903860
C       19.8167357997     1.6250311604     6.2143886381
H       18.9500292345     1.1486828013     5.7405585933
H       20.2327443576     0.9130506926     6.9355662812
H       21.4038517856     3.8650925836     6.7589384709
H       21.1113616782     3.0236159616     8.2863240996
H       20.3539746313     4.5942574634     7.9843413250
Si       16.4170796854     3.4032993801     4.3788180433
O       16.3025559985     4.9803773657     4.6984533666
O       17.8964684096     3.0743931819     3.8224619539
O       15.3620700526     3.0233608559     3.2407154401
O       16.1101376784     2.5244561890     5.7045391684
Si       16.5143772616     6.5851912687     4.4935095081
Si       14.0567881362     2.4639206372     2.4822766419
Si       18.8547583113     2.4880457431     2.6426774390
Si       15.7123731769     1.2606099068     6.6474630822
H       17.8601319301     6.8635676814     3.9006245956
H       15.5254460647     6.9396143580     3.2914132946
H       16.2436758382     7.4615230474     5.6083375936
H       12.8298574146     3.3492837696     3.0570652582
H       13.9707552630     2.9138556696     1.0227603375
H       18.4286492184     3.3238822448     1.3707792589
H       13.7051386185     1.1353428768     2.6463846535
H       18.5392937696     1.0980139814     2.3126459595
H       16.4715415399     0.9331115833     7.7744375977
H       14.3241228503     0.9674769540     6.7311605352
H       20.3201277273     2.6879306342     2.7671021394
H       16.2271772117     0.0917805342     5.5163496145
32
# Point 8 Energy = 0.0
C       20.6432472994     3.6452160348     7.5174864642
H       18.9644490193     3.6061347696     6.1643168771
C       19.4406539527     2.9395970724     6.8943545850
H       18.6906793669     2.7465568947     7.6732914373
H       20.5815366459     1.7864510335     5.4468587507
C       19.8148480317     1.6225848419     6.2146345707
H       18.9479480849     1.1460388714     5.7415054414
H       20.2306789979     0.9110529462     6.9363537599
H       21.4028295506     3.8623223866     6.7575581966
H       21.1102063183     3.0217511373     8.2853565146
H       20.3537715587     4.5927670561     7.9828888635
Si       16.4140076485     3.4009686652     4.3770139675
O       16.3001844495     4.9763916614     4.6925223765
O       17.8893686899     3.0722900138     3.8194806499
O       15.3591344272     3.0251115712     3.2455017830
O       16.1102030865     2.5166939727     5.6975459790
Si       16.5127390993     6.5812727470     4.5051797666
Si       14.0706014496     2.4542436093     2.4779722181
Si       18.8558009640     2.4799912697     2.6535367928
Si       15.7141579403     1.2808407654     6.6722347283
H       17.8513291472     6.8642788546     3.8982046698
H       15.5185826847     6.9315402528     3.2885281143
H       16.2358713227     7.4568710676     5.6057309447
H       12.8322898384     3.3616167640     3.0488491433
H       13.9752902988     2.9295473319     1.0219959844
H       18.4245744241     3.3230040258     1.3717711324
H       13.7036550135     1.1452987026     2.6327787696
H       18.5389881879     1.0974567880     2.3130242156
H       16.4835249330     0.9439524691     7.7695984169
H       14.3424497813     0.9649494894     6.7421247835
H       20.3164457329     2.6878073537     2.7677428710
H       16.2379326540     0.0987015803     5.5112225917
32
# Point 9 Energy = 0.0
C       20.6421390761     3.6431501709     7.5164562349
H       18.9622787687     3.6035955528     6.1640020243
C       19.4391582744     2.9374943736     6.8940980741
H       18.6898024164     2.7449648989     7.6738696598
H       20.5801353984     1.7829879702     5.4479281631
C       19.8127489158     1.6198328034     6.2152063139
H       18.9456397243     1.1430541889     5.7428437674
H       20.2283886489     0.9088289918     6.9375524433
H       21.4016589625     3.8592697858     6.7562137835
H       21.1088912957     3.0198022721     8.2845308797
H       20.3534491238     4.5911744115     7.9813875272
Si       16.4107577517     3.3981934914     4.3753391853
O       16.2976708143     4.9719914251     4.6865370629
O       17.8820820203     3.0696327223     3.8166809513
O       15.3560668379     3.0263006569     3.2504371951
O       16.1100495481     2.5086905825     5.6907624649
Si       16.5103228897     6.5767916528     4.5164043578
Si       14.0842339981     2.4455852650     2.4733148874
Si       18.8566260416     2.4716696815     2.6646495744
Si       15.7175632785     1.3013129564     6.6967401009
H       17.8414592742     6.8648643472     3.8953588118
H       15.5109743091     6.9222092262     3.2850400758
H       16.2270956816     7.4515747480     5.6025680421
H       12.8351779409     3.3755444314     3.0402891078
H       13.9801482204     2.9472061288     1.0216648732
H       18.4201208430     3.3217699271     1.3730148079
H       13.7020429290     1.1565058041     2.6179004937
H       18.5387775415     1.0966454229     2.3137447761
H       16.4971510510     0.9563889894     7.7641490203
H       14.3631195334     0.9625144996     6.7543953169
H       20.3124084141     2.6875202442     2.7687132606
H       16.2498410766     0.1062343776     5.5053721228
32
# Point 10 Energy = 0.0
C       20.6408739931     3.6409277950     7.5155098740
H       18.9599510802     3.6007731934     6.1637767546
C       19.4374893328     2.9351874595     6.8940125613
H       18.6887485170     2.7432829760     7.6746417412
H       20.5785336290     1.7791169381     5.4493129423
C       19.8104459822     1.6167850772     6.2161122855
H       18.9431166590     1.1397366664     5.7445753732
H       20.2258781583     0.9063897206     6.9391727272
H       21.4003360445     3.8559488261     6.7549275479
H       21.1074046880     3.0177809282     8.2838660872
H       20.3529922466     4.5894885338     7.9798524210
Si       16.4073445586     3.3949736277     4.3737798776
O       16.2950220208     4.9671741038     4.6804851912
O       17.8746281189     3.0664266893     3.8140590681
O       15.3528910541     3.0269274903     3.2554984333
O       16.1096849625     2.5004411502     5.6841737918
Si       16.5071375589     6.5717563224     4.5271550161
Si       14.0976418722     2.4379305734     2.4683560432
Si       18.8572595848     2.4630943065     2.6760109336
Si       15.7225872128     1.3219796481     6.7208973721
H       17.8305344779     6.8652980823     3.8920689239
H       15.5026501266     6.9116131284     3.2809133457
H       16.2173576331     7.4456337682     5.5988195450
H       12.8385468561     3.3910616192     3.0315415145
H       13.9852611641     2.9668110268     1.0218677189
H       18.4153154818     3.3201862140     1.3745010046
H       13.7003268433     1.1689646332     2.6018548497
H       18.5386863847     1.0955888455     2.3148110906
H       16.5124007683     0.9703811123     7.7580239747
H       14.3860907400     0.9602395700     6.7678657032
H       20.3080393564     2.6870827458     2.7700228979
H       16.2628034935     0.1143192282     5.4986987489
32
# Point 11 Energy = 0.0
C       20.6394448770     3.6385604789     7.5146630564
H       18.9574681952     3.5976760963     6.1636452976
C       19.4356463491     2.9326853462     6.8941046385
H       18.6875121069     2.7415172922     7.6756086564
H       20.5767438844     1.7748525415     5.4510268335
C       19.8079470251     1.6134529695     6.2173604325
H       18.9403913451     1.1360958654     5.7467017725
H       20.2231524871     0.9037471428     6.9412243988
H       21.3988581629     3.8523740918     6.7537210591
H       21.1057358903     3.0156993260     8.2833802555
H       20.3523877466     4.5877193366     7.9782981107
Si       16.4037832730     3.3913114376     4.3723225489
O       16.2922464791     4.9619397424     4.6743549159
O       17.8670271121     3.0626792958     3.8116111328
O       15.3496308468     3.0269944501     3.2606628726
O       16.1091180297     2.4919435813     5.6777654726
Si       16.5031942760     6.5661771984     4.5374041124
Si       14.1107845539     2.4312618061     2.4631479987
Si       18.8577272214     2.4542799390     2.6876157281
Si       15.7292231902     1.3427969913     6.7446250507
H       17.8185694648     6.8655545098     3.8883164018
H       15.4936425441     6.8997465033     3.2761136715
H       16.2066699270     7.4390498875     5.5944570167
H       12.8424223909     3.4081582076     3.0227632409
H       13.9905648536     2.9883280648     1.0227067394
H       18.4101851444     3.3182606438     1.3762201405
H       13.6985326649     1.1826722768     2.5847566069
H       18.5387383126     1.0942975759     2.3162260327
H       16.5292423089     0.9858719355     7.7511545821
H       14.4113173599     0.9581861403     6.7824269705
H       20.3033621817     2.6865090082     2.7716803711
H       16.2767103954     0.1229023172     5.4910992419
32
# Point 12 Energy = 0.0
C       20.6378460514     3.6360605081     7.5139307863
H       18.9548334773     3.5943140837     6.1636116476
C       19.4336296042     2.9299982694     6.8943804741
H       18.6860887868     2.7396754426     7.6767711076
H       20.5747789542     1.7702103727     5.4530828350
C       19.8052602260     1.6098489816     6.2189580797
H       18.9374763125     1.1321429088     5.7492240395
H       20.2202168861     0.9009142790     6.9437164225
H       21.3972240827     3.8485606684     6.7526150772
H       21.1038757565     3.0135701902     8.2830906238
H       20.3516244144     4.5858774767     7.9767386502
Si       16.4000897273     3.3872117714     4.3709541235
O       16.2893540141     4.9562908541     4.6681349867
O       17.8592995146     3.0583999255     3.8093332241
O       15.3463099707     3.0265068327     3.2659086212
O       16.1083583020     2.4831983435     5.6715234121
Si       16.4985063528     6.5600666760     4.5471249247
Si       14.1236250242     2.4255586672     2.4577437425
Si       18.8580541254     2.4452429354     2.6994584642
Si       15.7374603821     1.3637239169     6.7678422869
H       17.8055814202     6.8656086925     3.8840824122
H       15.4839870084     6.8866064846     3.2706087470
H       16.1950491515     7.4318268028     5.5894532264
H       12.8468308787     3.4268188022     3.0141105796
H       13.9959987551     3.0117106576     1.0242846276
H       18.4047562794     3.3160026524     1.3781623727
H       13.6966869270     1.1976221851     2.5667291715
H       18.5389559921     1.0927838242     2.3179917220
H       16.5476306008     1.0027895247     7.7434701309
H       14.4387490304     0.9564103753     6.7979674337
H       20.2984004917     2.6858140845     2.7736930879
H       16.2914420995     0.1319348100     5.4824683193
32
# Point 13 Energy = 0.0
C       20.6360731657     3.6334406382     7.5133274312
H       18.9520512502     3.5906982408     6.1636795895
C       19.4314402627     2.9271374833     6.8948458024
H       18.6844751390     2.7377662086     7.6781294991
H       20.5726516875     1.7652068821     5.4554931215
C       19.8023939632     1.6059866424     6.2209118432
H       18.9343839724     1.1278903434     5.7521426917
H       20.2170766928     0.8979049466     6.9466568154
H       21.3954338020     3.8445239393     6.7516295997
H       21.1018164153     3.0114064593     8.2830135522
H       20.3506928514     4.5839740878     7.9751876690
Si       16.3962802276     3.3826819327     4.3696619506
O       16.2863557202     4.9502323759     4.6618148411
O       17.8514660701     3.0535999587     3.8072213624
O       15.3429520288     3.0254728843     3.2712145050
O       16.1074159934     2.4742083594     5.6654338517
Si       16.4930891613     6.5534390170     4.5562917943
Si       14.1361297341     2.4207986232     2.4521965178
Si       18.8582648630     2.4360012345     2.7115332544
Si       15.7472847396     1.3847217314     6.7904691452
H       17.7915900005     6.8654363868     3.8793481205
H       15.4737219112     6.8721928036     3.2643684171
H       16.1825155524     7.4239701055     5.5837823159
H       12.8517990030     3.4470227438     3.0057379115
H       14.0015061921     3.0369002432     1.0267033344
H       18.3990548048     3.3134234803     1.3803176345
H       13.6948158903     1.2138041309     2.5479031944
H       18.5393610103     1.0910615631     2.3201093705
H       16.5675084845     1.0210495196     7.7348993300
H       14.4683322042     0.9549634093     6.8143732153
H       20.2931776934     2.6850139758     2.7760671823
H       16.3068701133     0.1413716495     5.4727004963
32
# Point 14 Energy = 0.0
C       20.6341247716     3.6307144102     7.5128660779
H       18.9491280272     3.5868408161     6.1638524999
C       19.4290821071     2.9241151824     6.8955054142
H       18.6826707636     2.7357989156     7.6796835808
H       20.5703768620     1.7598602209     5.4582679082
C       19.7993589664     1.6018807871     6.2232266600
H       18.9311288633     1.1233521423     5.7554568252
H       20.2137400092     0.8947340355     6.9500513713
H       21.3934898201     3.8402804620     6.7507830686
H       21.0995533405     3.0092216090     8.2831635819
H       20.3495867380     4.5820208345     7.9736580647
Si       16.3923723934     3.3777308763     4.3684342440
O       16.2832641544     4.9437707336     4.6553855016
O       17.8435485882     3.0482928201     3.8052714640
O       15.3395812001     3.0239028069     3.2765606982
O       16.1063035661     2.4649777023     5.6594836445
Si       16.4869595699     6.5463095217     4.5648813706
Si       14.1482694849     2.4169558627     2.4465602512
Si       18.8583841861     2.4265751299     2.7238333419
Si       15.7586737259     1.4057546231     6.8124264098
H       17.7766165544     6.8650141502     3.8740957015
H       15.4628875040     6.8565068477     3.2573663173
H       16.1690922623     7.4154861347     5.5774213116
H       12.8573543715     3.4687421206     2.9977977679
H       14.0070348320     3.0638260616     1.0300638194
H       18.3931061362     3.3105371268     1.3826755387
H       13.6929463254     1.2312026180     2.5284156369
H       18.5399752395     1.0891472755     2.3225784929
H       16.5887966081     1.0405569253     7.7253744705
H       14.5000036675     0.9538976567     6.8315233455
H       20.2877177153     2.6841270980     2.7788066335
H       16.3228522460     0.1511684925     5.4616943457
32
# Point 15 Energy = 0.0
C       20.6319996039     3.6278947503     7.5125593429
H       18.9460701765     3.5827549000     6.1641336621
C       19.4265584684     2.9209439216     6.8963637127
H       18.6806748279     2.7337835393     7.6814328097
H       20.5679676724     1.7541885665     5.4614165090
C       19.7961644440     1.5975465814     6.2259066504
H       18.9277235596     1.1185433157     5.7591647879
H       20.2102130649     0.8914163159     6.9539047569
H       21.3913948146     3.8358458773     6.7500933707
H       21.0970819205     3.0070280061     8.2835544813
H       20.3483006998     4.5800288098     7.9721625867
Si       16.3883832039     3.3723705737     4.3672596645
O       16.2800924840     4.9369153632     4.6488388833
O       17.8355678996     3.0424941270     3.8034794274
O       15.3362203601     3.0218107389     3.2819280590
O       16.1050326859     2.4555134093     5.6536598517
Si       16.4801364581     6.5386957739     4.5728717350
Si       14.1600173825     2.4140042005     2.4408883194
Si       18.8584349425     2.4169864667     2.7363515248
Si       15.7716065854     1.4267880569     6.8336368549
H       17.7606850486     6.8643196247     3.8683079148
H       15.4515270020     6.8395535257     3.2495786714
H       16.1548060211     7.4063837121     5.5703490118
H       12.8635230996     3.4919466886     2.9904339420
H       14.0125411630     3.0924029074     1.0344609106
H       18.3869340539     3.3073597207     1.3852256094
H       13.6911020745     1.2497997706     2.5084090105
H       18.5408177452     1.0870594004     2.3253974442
H       16.6114134080     1.0612110150     7.7148301823
H       14.5337025455     0.9532573620     6.8492994568
H       20.2820429623     2.6831724233     2.7819140786
H       16.3392442218     0.1612825557     5.4493521372
