32
# Point -15 Energy = 0.0
C       20.6305616881     3.7221648584     7.4796797314
H       18.9726910423     3.6486172582     6.1222445901
C       19.4334635884     2.9950750398     6.8719877496
H       18.6746142380     2.8190446073     7.6459819924
H       20.5784820552     1.8179714863     5.4497478893
C       19.8176383380     1.6662736770     6.2234850489
H       18.9538883764     1.1823981230     5.7525495239
H       20.2268794761     0.9704640522     6.9648105983
H       21.3851997302     3.9253291067     6.7110538650
H       21.1050521094     3.1245834514     8.2639439308
H       20.3332094582     4.6809595086     7.9166460401
Si       16.4645729113     3.3656770631     4.3525884762
O       16.4291930108     4.9512280053     4.6521558914
O       17.9545673680     3.0541239890     3.8698281005
O       15.3534962949     2.9786084239     3.1729993273
O       16.1459158677     2.5740185839     5.7247355346
Si       16.1692887104     6.5570214914     4.5493661183
Si       14.0267060632     2.3577984222     2.3783320394
Si       18.5438488741     2.5793168028     2.4323030999
Si       15.5527517149     1.2474848495     6.4730094405
H       18.0864229934     6.5800074434     4.1014068864
H       15.6852694428     7.0535598677     3.6401890532
H       16.5716932705     7.2292086176     5.7563940400
H       12.8548473414     3.3052684943     2.9727526843
H       14.0190381910     2.8341733923     0.9627147455
H       18.3763899360     3.2591423279     1.3929376125
H       13.7151403142     1.0783389725     2.5912976470
H       18.5815346093     1.1033174284     2.3201201611
H       16.4488954067     0.9985593988     7.8156897929
H       14.2706300549     1.0609759269     6.7332047929
H       20.3115655431     2.6700824480     2.7949352685
H       16.1945325811     0.0825088819     5.6380736875
32
# Point -14 Energy = 0.0
C       20.6347264350     3.7130308833     7.4847822720
H       18.9758869402     3.6442970735     6.1272685936
C       19.4366727229     2.9888677812     6.8754116806
H       18.6779371145     2.8119440136     7.6492771712
H       20.5800538387     1.8133832587     5.4502601027
C       19.8190700157     1.6610072824     6.2238547667
H       18.9546884939     1.1788329054     5.7522201446
H       20.2281544971     0.9631335752     6.9632754339
H       21.3899049490     3.9171577570     6.7169249600
H       21.1082306494     3.1128491154     8.2676243509
H       20.3385150670     4.6710040184     7.9242849307
Si       16.4651407117     3.3699737397     4.3570754670
O       16.4258652007     4.9558063912     4.6606010249
O       17.9560086150     3.0557702645     3.8697514313
O       15.3572447049     2.9830259301     3.1771013929
O       16.1450771188     2.5748389026     5.7282325929
Si       16.1795235170     6.5628709553     4.5313809016
Si       14.0227847611     2.3726514249     2.3900650218
Si       18.5659111812     2.5752167074     2.4408335532
Si       15.5652423970     1.2387893373     6.4720851653
H       18.0641284683     6.6214329164     4.0860810831
H       15.6698718052     7.0493452532     3.6005349064
H       16.5336738439     7.2611306080     5.7448053332
H       12.8530318003     3.3066385671     2.9851606930
H       14.0139424809     2.8356173853     0.9698592898
H       18.3880817306     3.2626017315     1.3891889354
H       13.7155266552     1.0812724197     2.6050136551
H       18.5775322320     1.0985163224     2.3207434639
H       16.4465697678     0.9892624943     7.8143726448
H       14.2696641904     1.0543410568     6.7295716100
H       20.3159293015     2.6673490778     2.7923654031
H       16.1933893929     0.0813428507     5.6271573846
32
# Point -13 Energy = 0.0
C       20.6384402856     3.7044120332     7.4898330862
H       18.9786392761     3.6402321997     6.1322621893
C       19.4395540946     2.9829855068     6.8787868634
H       18.6809669643     2.8050246762     7.6525235456
H       20.5814909819     1.8093488944     5.4506995455
C       19.8203979752     1.6561513919     6.2241531250
H       18.9554658423     1.1755394441     5.7518203258
H       20.2294481102     0.9562759654     6.9616495373
H       21.3941201258     3.9096402730     6.7227452291
H       21.1110634087     3.1017028051     8.2712332213
H       20.3432074871     4.6614976120     7.9318877020
Si       16.4653104477     3.3741314765     4.3615695374
O       16.4218618176     4.9602131700     4.6690860707
O       17.9570908704     3.0575505212     3.8696677619
O       15.3606732352     2.9871437047     3.1811958036
O       16.1439685038     2.5754425500     5.7317114705
Si       16.1917273496     6.5684486868     4.5141434811
Si       14.0187299074     2.3875674661     2.4014779831
Si       18.5876413955     2.5715875697     2.4496263865
Si       15.5778524619     1.2299926204     6.4712629620
H       18.0428707873     6.6590169881     4.0698826736
H       15.6555940238     7.0440342652     3.5623789400
H       16.4979397340     7.2910439338     5.7324359195
H       12.8511594091     3.3079731951     2.9973777011
H       14.0087918498     2.8374999498     0.9769437507
H       18.3986682154     3.2666265471     1.3859663194
H       13.7158301421     1.0842097576     2.6178997144
H       18.5736846789     1.0947169497     2.3212442266
H       16.4445250120     0.9800213978     7.8129700531
H       14.2688589490     1.0476102380     6.7260887111
H       20.3199234632     2.6655052409     2.7899581623
H       16.1924837947     0.0801549697     5.6166833607
32
# Point -12 Energy = 0.0
C       20.6416950118     3.6963558482     7.4947789758
H       18.9809399849     3.6364419140     6.1371705949
C       19.4420967872     2.9774644223     6.8820755872
H       18.6836912404     2.7983445619     7.6556862467
H       20.5827803906     1.8058648080     5.4510597972
C       19.8216074679     1.6517240474     6.2243759433
H       18.9562041513     1.1725268474     5.7513560602
H       20.2307426780     0.9499260770     6.9599467497
H       21.3978387167     3.9028029213     6.7284579286
H       21.1135397954     3.0912092957     8.2747331011
H       20.3472813940     4.6525001820     7.9393769223
Si       16.4650724699     3.3781331690     4.3660177357
O       16.4171780930     4.9644366748     4.6775188025
O       17.9578056164     3.0594309741     3.8695349333
O       15.3637731593     2.9909212906     3.1852370830
O       16.1425766705     2.5758467542     5.7351381600
Si       16.2058760780     6.5737179668     4.4977694826
Si       14.0145456687     2.4024815120     2.4125225696
Si       18.6090313388     2.5683736450     2.4586496300
Si       15.5905618552     1.2211418280     6.4705436295
H       18.0227905379     6.6928296786     4.0530571015
H       15.6423863161     7.0377634355     3.5259830403
H       16.4646738635     7.3188667269     5.7195444171
H       12.8492244131     3.3092265907     3.0092986554
H       14.0036164177     2.8397240926     0.9838969721
H       18.4081514196     3.2711252363     1.3832297124
H       13.7160433322     1.0870917417     2.6299241014
H       18.5700042743     1.0918404395     2.3216290608
H       16.4427374866     0.9709122705     7.8114957289
H       14.2681927115     1.0408372576     6.7227614281
H       20.3235308296     2.6644880709     2.7877075949
H       16.1917904299     0.0789517194     5.6066876138
32
# Point -11 Energy = 0.0
C       20.6444865181     3.6889066680     7.4995656446
H       18.9827853183     3.6329431301     6.1419374882
C       19.4442930552     2.9723385279     6.8852396839
H       18.6861002888     2.7919616809     7.6587302651
H       20.5839103004     1.8029212945     5.4513353989
C       19.8226848404     1.6477394251     6.2245202614
H       18.9568876075     1.1698010798     5.7508350118
H       20.2320204470     0.9441151011     6.9581832876
H       21.4010586316     3.8966665847     6.7340048632
H       21.1156522738     3.0814303771     8.2780865252
H       20.3507370929     4.6440696458     7.9466728649
Si       16.4644214621     3.3819609952     4.3703649837
O       16.4118160997     4.9684653410     4.6858026806
O       17.9581480534     3.0613736190     3.8693093854
O       15.3665396121     2.9943176349     3.1891781405
O       16.1408912305     2.5760703508     5.7384779361
Si       16.2219349559     6.5786391946     4.4823668712
Si       14.0102390026     2.4173291207     2.4231487949
Si       18.6300753861     2.5655125273     2.4678712110
Si       15.6033509043     1.2122871054     6.4699300281
H       18.0040020147     6.7229647700     4.0358671219
H       15.6301946182     7.0306942611     3.4915993009
H       16.4340262269     7.3445296513     5.7063965594
H       12.8472247931     3.3103561785     3.0208169269
H       13.9984497929     2.8421901213     0.9906469130
H       18.4165403277     3.2759958776     1.3809363686
H       13.7161599439     1.0898610050     2.6410575124
H       18.5665025393     1.0898003875     2.3219045990
H       16.4411832869     0.9620149771     7.8099656665
H       14.2676439368     1.0340811379     6.7195966932
H       20.3267369588     2.6642240294     2.7856079752
H       16.1912830800     0.0777401994     5.5972083970
32
# Point -10 Energy = 0.0
C       20.6468149357     3.6821050902     7.5041382194
H       18.9841758671     3.6297501984     6.1465056752
C       19.4461384355     2.9676391913     6.8882409353
H       18.6881875114     2.7859333497     7.6616208867
H       20.5848703950     1.8005026400     5.4515217448
C       19.8236177034     1.6442076379     6.2245842681
H       18.9575010280     1.1673648602     5.7502663788
H       20.2332638062     0.9388701406     6.9563774035
H       21.4037822757     3.8912465271     6.7393268868
H       21.1173965409     3.0724240834     8.2812562840
H       20.3535805676     4.6362612499     7.9536943785
Si       16.4633563992     3.3855966465     4.3745549021
O       16.4057846239     4.9722878961     4.6938382018
O       17.9581170422     3.0633366936     3.8689467256
O       15.3689714798     2.9972915978     3.1929710983
O       16.1389048382     2.5761335399     5.7416959696
Si       16.2398584260     6.5831699813     4.4680362970
Si       14.0058196334     2.4320471481     2.4333056480
Si       18.6507702961     2.5629360793     2.4772592705
Si       15.6162004667     1.2034809760     6.4694273055
H       17.9865933187     6.7495383251     4.0185908218
H       15.6189639961     7.0230121675     3.4594658952
H       16.4061097243     7.3679763002     5.6932602660
H       12.8451621702     3.3113230667     3.0318254822
H       13.9933287981     2.8447968783     0.9971214494
H       18.4238503673     3.2811276646     1.3790412388
H       13.7161749470     1.0924625405     2.6512733740
H       18.5631900559     1.0885040165     2.3220772462
H       16.4398385325     0.9534121305     7.8083981756
H       14.2671913587     1.0274054247     6.7166032648
H       20.3295301504     2.6646299660     2.7836536779
H       16.1909349088     0.0765279922     5.5882859888
32
# Point -9 Energy = 0.0
C       20.6486846817     3.6759874223     7.5084417992
H       18.9851165390     3.6268747239     6.1508178059
C       19.4476318270     2.9633947223     6.8910414925
H       18.6899494994     2.7803154136     7.6643241270
H       20.5856519106     1.7985873222     5.4516149529
C       19.8243950902     1.6411345867     6.2245671939
H       18.9580300256     1.1652176142     5.7496607094
H       20.2344555491     0.9342138161     6.9545489733
H       21.4060165520     3.8865521922     6.7443644483
H       21.1187716810     3.0642438972     8.2842056974
H       20.3558234786     4.6291268340     7.9603598191
Si       16.4618804459     3.3890216031     4.3785307088
O       16.3990989529     4.9758935651     4.7015243879
O       17.9577149944     3.0652752438     3.8684023534
O       15.3710712309     2.9998025394     3.1965681837
O       16.1366132278     2.5760576332     5.7447579656
Si       16.2595899163     6.5872653821     4.4548716541
Si       14.0012999830     2.4465745064     2.4429417734
Si       18.6711150104     2.5605715311     2.4867824942
Si       15.6290920692     1.1947776758     6.4690430533
H       17.9706269879     6.7726871511     4.0015192420
H       15.6086418316     7.0149242516     3.4298029720
H       16.3809966415     7.3891634568     5.6804004332
H       12.8430416653     3.3120925034     3.0422181274
H       13.9882931523     2.8474430864     1.0032492461
H       18.4301027874     3.2864026504     1.3774974537
H       13.7160846330     1.0948442168     2.6605481407
H       18.5600763196     1.0878535162     2.3221529755
H       16.4386796439     0.9451880608     7.8068138273
H       14.2668141748     1.0208774158     6.7137918841
H       20.3319013933     2.6656143958     2.7818390804
H       16.1907187047     0.0753230701     5.5799623844
32
# Point -8 Energy = 0.0
C       20.6501044864     3.6705851402     7.5124220215
H       18.9856165016     3.6243254147     6.1548171160
C       19.4487755412     2.9596299697     6.8936042956
H       18.6913861372     2.7751614668     7.6668071469
H       20.5862477224     1.7971482903     5.4516117301
C       19.8250075943     1.6385218640     6.2244691832
H       18.9584611538     1.1633554901     5.7490296856
H       20.2355791199     0.9301639189     6.9527190349
H       21.4077728357     3.8825870326     6.7490581724
H       21.1197802949     3.0569379507     8.2868988811
H       20.3574831261     4.6227140791     7.9665880156
Si       16.4600008164     3.3922174693     4.3822361526
O       16.3917806138     4.9792723060     4.7087603514
O       17.9569477303     3.0671417830     3.8676321208
O       15.3728447103     3.0018109900     3.1999226451
O       16.1340152148     2.5758648280     5.7476307951
Si       16.2810616807     6.5908782926     4.4429607737
Si       13.9966950751     2.4608529855     2.4520061881
Si       18.6911104441     2.5583427079     2.4964104521
Si       15.6420080253     1.1862325152     6.4687873788
H       17.9561410735     6.7925671963     3.9849534713
H       15.5991804356     7.0066556931     3.4028088727
H       16.3587159484     7.4080610303     5.6680737438
H       12.8408717370     3.3126343477     3.0518907624
H       13.9833851391     2.8500287915     1.0089606576
H       18.4353239777     3.2916976759     1.3762568911
H       13.7158866712     1.0969573469     2.6688615589
H       18.5571695873     1.0877475176     2.3221371804
H       16.4376836006     0.9374277804     7.8052353096
H       14.2664922137     1.0145674013     6.7111753460
H       20.3338442932     2.6670789443     2.7801585076
H       16.1906070986     0.0741337804     5.5722809181
32
# Point -7 Energy = 0.0
C       20.6510873960     3.6659243808     7.5160256256
H       18.9856891035     3.6221079758     6.1584481618
C       19.4495753243     2.9563659657     6.8958934801
H       18.6925006682     2.7705221188     7.6690386345
H       20.5866524078     1.7961533110     5.4515092477
C       19.8254474777     1.6363667238     6.2242911556
H       18.9587820219     1.1617714493     5.7483858882
H       20.2366188229     0.9267331306     6.9509093095
H       21.4090669296     3.8793483717     6.7533494576
H       21.1204285956     3.0505482607     8.2893010004
H       20.3585823858     4.6170657758     7.9722992288
Si       16.4577286148     3.3951663718     4.3856164363
O       16.3838570966     4.9824150878     4.7154468621
O       17.9558243228     3.0688870299     3.8665930005
O       15.3743009203     3.0032794019     3.2029896465
O       16.1311126644     2.5755780451     5.7502830888
Si       16.3041947383     6.5939600214     4.4323861493
Si       13.9920224320     2.4748281329     2.4604489961
Si       18.7107592860     2.5561713338     2.5061139346
Si       15.6549315206     1.1779013280     6.4686728838
H       17.9431505702     6.8093518243     3.9692011717
H       15.5905388010     6.9984448212     3.3786569858
H       16.3392515686     7.4246514700     5.6565238258
H       12.8386640253     3.3129235768     3.0607425802
H       13.9786492934     2.8524568700     1.0141886123
H       18.4395447756     3.2968864042     1.3752708049
H       13.7155801523     1.0987573218     2.6761968790
H       18.5544767297     1.0880826502     2.3220345932
H       16.4368281554     0.9302160195     7.8036871932
H       14.2662060661     1.0085479938     6.7087684664
H       20.3353549941     2.6689198900     2.7786062305
H       16.1905727389     0.0729689418     5.5652858293
32
# Point -6 Energy = 0.0
C       20.6516507472     3.6620254964     7.5192009895
H       18.9853517803     3.6202250659     6.1616575158
C       19.4500403478     2.9536196451     6.8978747519
H       18.6932997193     2.7664443565     7.6709891336
H       20.5868622844     1.7955653686     5.4513050419
C       19.8257087397     1.6346621264     6.2240346704
H       18.9589813692     1.1604554388     5.7477425590
H       20.2375599780     0.9239288339     6.9491417320
H       21.4099190051     3.8768273071     6.7571810708
H       21.1207264633     3.0451100379     8.2913785071
H       20.3591496260     4.6122191545     7.9774160597
Si       16.4550786710     3.3978514251     4.3886190821
O       16.3753615872     4.9853142184     4.7214878333
O       17.9543569412     3.0704607017     3.8652437304
O       15.3754518059     3.0041729672     3.2057270905
O       16.1279104317     2.5752208623     5.7526857576
Si       16.3288989526     6.5964610356     4.4232255894
Si       13.9873019798     2.4884501781     2.4682220544
Si       18.7300658256     2.5539783532     2.5158652728
Si       15.6678466543     1.1698400549     6.4687145447
H       17.9316491071     6.8232298814     3.9545725940
H       15.5826833252     6.9905369600     3.3574935171
H       16.3225417111     7.4389285161     5.6459770644
H       12.8364332184     3.3129408363     3.0686771430
H       13.9741321288     2.8546345570     1.0188694286
H       18.4427998070     3.3018413731     1.3744904883
H       13.7151656234     1.1002043051     2.6825409970
H       18.5520030968     1.0887551177     2.3218492726
H       16.4360919874     0.9236364025     7.8021956136
H       14.2659371658     1.0028936096     6.7065879379
H       20.3364321080     2.6710297400     2.7771765227
H       16.1905884114     0.0718380737     5.5590217940
32
# Point -5 Energy = 0.0
C       20.6518161142     3.6589027038     7.5218986191
H       18.9846259478     3.6186763272     6.1643943889
C       19.4501831672     2.9514036628     6.8995157146
H       18.6937932784     2.7629710427     7.6726313040
H       20.5868754156     1.7953431123     5.4509969430
C       19.8257871430     1.6333968659     6.2237018001
H       18.9590490930     1.1593946484     5.7471133713
H       20.2383890108     0.9217530301     6.9474380168
H       21.4103535292     3.8750086675     6.7604977108
H       21.1206874517     3.0406511143     8.2930993479
H       20.3592186029     4.6082053176     7.9818642671
Si       16.4520693806     3.4002572524     4.3911946948
O       16.3663327241     4.9879637220     4.7267916552
O       17.9525607026     3.0718123360     3.8635454037
O       15.3763120541     3.0044604745     3.2080963293
O       16.1244162749     2.5748175587     5.7548124146
Si       16.3550732737     6.5983318563     4.4155527044
Si       13.9825559719     2.5016749695     2.4752795555
Si       18.7490358132     2.5516852126     2.5256386266
Si       15.6807384310     1.1621044889     6.4689294969
H       17.9216108113     6.8344034520     3.9413762572
H       15.5755874772     6.9831773092     3.3394363713
H       16.3084792959     7.4508952443     5.6366392866
H       12.8341969534     3.3126730209     3.0756032814
H       13.9698819198     2.8564749328     1.0229435237
H       18.4451268892     3.3064359836     1.3738679392
H       13.7146451159     1.1012639667     2.6878845175
H       18.5497524043     1.0896622341     2.3215846603
H       16.4354547829     0.9177708177     7.8007878796
H       14.2656678167     0.9976801404     6.7046520726
H       20.3370766591     2.6732987736     2.7758637688
H       16.1906270941     0.0707517609     5.5535334371
32
# Point -4 Energy = 0.0
C       20.6516092227     3.6565638482     7.5240715690
H       18.9835368800     3.6174584962     6.1666111567
C       19.4500196454     2.9497263232     6.9007861362
H       18.6939946231     2.7601405726     7.6739401034
H       20.5866915872     1.7954413410     5.4505830378
C       19.8256801942     1.6325557844     6.2232950181
H       18.9589762329     1.1585738481     5.7465122172
H       20.2390934788     0.9202023778     6.9458192729
H       21.4103991729     3.8738710392     6.7632465216
H       21.1203287425     3.0371915199     8.2944331390
H       20.3588283327     4.6050488061     7.9855734631
Si       16.4487225496     3.4023705422     4.3932975934
O       16.3568143762     4.9903597530     4.7312723225
O       17.9504535302     3.0728921141     3.8614619811
O       15.3768989111     3.0041151674     3.2100627361
O       16.1206407414     2.5743932672     5.7566396802
Si       16.3826061408     6.5995240647     4.4094371633
Si       13.9778089324     2.5144648795     2.4815784997
Si       18.7676763535     2.5492150548     2.5354102305
Si       15.6935927055     1.1547501846     6.4693367326
H       17.9129922619     6.8430852104     3.9299145383
H       15.5692305339     6.9766032400     3.3245752150
H       16.2969134278     7.4605614993     5.6286934120
H       12.8319757487     3.3121138522     3.0814357856
H       13.9659485393     2.8578983077     1.0263559863
H       18.4465665124     3.3105463555     1.3733564972
H       13.7140221680     1.1019082179     2.6922217333
H       18.5477266469     1.0907038658     2.3212436943
H       16.4348972447     0.9126989986     7.7994920216
H       14.2653811676     0.9929848181     6.7029804407
H       20.3372920408     2.6756165096     2.7746626167
H       16.1906619549     0.0697221405     5.5488648449
32
# Point -3 Energy = 0.0
C       20.6510598279     3.6550102967     7.5256757847
H       18.9821135666     3.6165655866     6.1682637760
C       19.4495688408     2.9485916207     6.9016581484
H       18.6939202035     2.7579866917     7.6748928899
H       20.5863122528     1.7958115207     5.4500616594
C       19.8253870845     1.6321200669     6.2228170992
H       18.9587549147     1.1579757925     5.7459530124
H       20.2396620422     0.9192683487     6.9443056752
H       21.4100886946     3.8733868709     6.7653775379
H       21.1196710497     3.0347432265     8.2953512992
H       20.3580229302     4.6027673139     7.9884776712
Si       16.4450632359     3.4041806121     4.3948862976
O       16.3468554290     4.9925010227     4.7348503338
O       17.9480560145     3.0736516580     3.8589607111
O       15.3772320081     3.0031155642     3.2115961250
O       16.1165970287     2.5739742123     5.7581473673
Si       16.4113760242     6.5999913693     4.4049447001
Si       13.9730876142     2.5267896314     2.4870790498
Si       18.7859958217     2.5464937934     2.5451585887
Si       15.7063960900     1.1478325054     6.4699567255
H       17.9057344541     6.8494953056     3.9204794562
H       15.5635956129     6.9710364640     3.3129726467
H       16.2876518121     7.4679409389     5.6222980191
H       12.8297929592     3.3112644087     3.0860958815
H       13.9623833372     2.8588334440     1.0290570080
H       18.4471613946     3.3140530034     1.3729114319
H       13.7133018410     1.1021159012     2.6955505293
H       18.5459260411     1.0917837424     2.3208289677
H       16.4344010452     0.9084983059     7.7983362976
H       14.2650611462     0.9888862415     6.7015934206
H       20.3370839795     2.6778730669     2.7735681592
H       16.1906663031     0.0687634730     5.5450590897
32
# Point -2 Energy = 0.0
C       20.6502015560     3.6542369535     7.5266703678
H       18.9803885453     3.6159891316     6.1693120964
C       19.4488528628     2.9479993780     6.9021063819
H       18.6935894878     2.7565384522     7.6754694505
H       20.5857404555     1.7964023271     5.4494313971
C       19.8249086012     1.6320676022     6.2222710324
H       18.9583782697     1.1575816704     5.7454495209
H       20.2400843977     0.9189374913     6.9429161895
H       21.4094587917     3.8735226589     6.7668440595
H       21.1187384790     3.0333100543     8.2958271445
H       20.3568514091     4.6013715454     7.9905157511
Si       16.4411195808     3.4056799475     4.3959238754
O       16.3365095585     4.9943892112     4.7374533679
O       17.9453912638     3.0740447786     3.8560124587
O       15.3773331862     3.0014461970     3.2126710287
O       16.1123008231     2.5735879958     5.7593185575
Si       16.4412520676     6.5996906772     4.4021368851
Si       13.9684209590     2.5386270007     2.4917447759
Si       18.8040037909     2.5434510529     2.5548646192
Si       15.7191358387     1.1414067625     6.4708110034
H       17.8997646962     6.8538577715     3.9133489000
H       15.5586672765     6.9666755533     3.3046662721
H       16.2804639653     7.4730480044     5.6175866524
H       12.8276747380     3.3101335569     3.0895115147
H       13.9592390398     2.8592185704     1.0310021823
H       18.4469560984     3.3168423132     1.3724904722
H       13.7124907303     1.1018733882     2.6978722239
H       18.5443490003     1.0928106155     2.3203429136
H       16.4339487456     0.9052436677     7.7973486707
H       14.2646923739     0.9854645070     6.7005116852
H       20.3364604922     2.6799604115     2.7725761363
H       16.1906135191     0.0678927521     5.5421577733
32
# Point -1 Energy = 0.0
C       20.6490717112     3.6542323793     7.5270177725
H       18.9783977045     3.6157184615     6.1697200792
C       19.4478967013     2.9479454553     6.9021080462
H       18.6930247803     2.7558202711     7.6756519723
H       20.5849807326     1.7971602034     5.4486911206
C       19.8242470215     1.6323733897     6.2216599415
H       18.9578403403     1.1573715769     5.7450151944
H       20.2403511982     0.9191917738     6.9416683437
H       21.4085499175     3.8742392064     6.7676029607
H       21.1175583559     3.0328877212     8.2958359473
H       20.3553674417     4.6008651942     7.9916317085
Si       16.4369226184     3.4068646836     4.3963781712
O       16.3258349723     4.9960293312     4.7390167701
O       17.9424847373     3.0740281563     3.8525919516
O       15.3772263087     2.9990982388     3.2132668559
O       16.1077701193     2.5732638844     5.7601395869
Si       16.4720947920     6.5985831218     4.4010707154
Si       13.9638400507     2.5499633552     2.4955428115
Si       18.8217109554     2.5400209726     2.5645117515
Si       15.7317997328     1.1355283891     6.4719216873
H       17.8949983577     6.8563965230     3.9087834772
H       15.5544289601     6.9636892513     3.2996713886
H       16.2750850518     7.4758951579     5.6146676228
H       12.8256499898     3.3087382383     3.0916174793
H       13.9565696475     2.8590021630     1.0321526990
H       18.4459966850     3.3188078175     1.3720542738
H       13.7115969721     1.1011750458     2.6991913674
H       18.5429921409     1.0936992590     2.3197879984
H       16.4335237113     0.9030076161     7.7965562781
H       14.2642600824     0.9828013719     6.6997556473
H       20.3354318251     2.6817734928     2.7716831467
H       16.1904769845     0.0671302980     5.5402005931
32
# Point 0 Energy = 0
C       20.6477110000     3.6549790000     7.5266840000
H       18.9761800000     3.6157410000     6.1694560000
C       19.4467280000     2.9484220000     6.9016430000
H       18.6922510000     2.7558520000     7.6754250000
H       20.5840390000     1.7980300000     5.4478400000
C       19.8234060000     1.6330100000     6.2209870000
H       18.9571360000     1.1573250000     5.7446630000
H       20.2404540000     0.9200090000     6.9405780000
H       21.4074060000     3.8754920000     6.7676150000
H       21.1161610000     3.0334640000     8.2953550000
H       20.3536290000     4.6012450000     7.9917750000
Si       16.4325060000     3.4077350000     4.3962220000
O       16.3148940000     4.9974300000     4.7394840000
O       17.9393640000     3.0735620000     3.8486780000
O       15.3769370000     2.9960700000     3.2133680000
O       16.1030250000     2.5730330000     5.7606000000
Si       16.5037570000     6.5966350000     4.4017980000
Si       13.9593780000     2.5607940000     2.4984440000
Si       18.8391290000     2.5361430000     2.5740860000
Si       15.7443760000     1.1302530000     6.4733110000
H       17.8913405600     6.8573308000     3.9070238400
H       15.5508605600     6.9622108000     3.2979838400
H       16.2712205600     7.4764908000     5.6136238400
H       12.8237502400     3.3071035200     3.0923555200
H       13.9544302400     2.8581435200     1.0324755200
H       18.4443303200     3.3198514400     1.3715668800
H       13.7106302400     1.1000235200     2.6995155200
H       18.5418503200     1.0943714400     2.3191668800
H       16.4331100800     0.9018602400     7.7959848800
H       14.2637500800     0.9809802400     6.6993448800
H       20.3340103200     2.6832114400     2.7708868800
H       16.1902300800     0.0665002400     5.5392248800
32
# Point 1 Energy = 0.0
C       20.6461653571     3.6564516056     7.5256390651
H       18.9737795720     3.6160420064     6.1684925020
C       19.4453783275     2.9494169821     6.9006941176
H       18.6912965573     2.7566494673     7.6747755895
H       20.5829230528     1.7989529722     5.4468786648
C       19.8223907039     1.6339465850     6.2202563689
H       18.9562607249     1.1574205678     5.7444062715
H       20.2403845074     0.9213616681     6.9396606026
H       21.4060766868     3.8772286917     6.7668454902
H       21.1145807384     3.0350170285     8.2943643734
H       20.3517010040     4.6024996387     7.9909005809
Si       16.4279083430     3.4082968600     4.3954326177
O       16.3037569229     4.9986053543     4.7388055435
O       17.9360608733     3.0726101472     3.8442535450
O       15.3764948769     2.9923693190     3.2129631474
O       16.0980887874     2.5729308686     5.7606920987
Si       16.5360895224     6.5938199369     4.4043635942
Si       13.9550720728     2.5711265813     2.5004220285
Si       18.8562725908     2.5317605412     2.5835763822
Si       15.7568528585     1.1256395372     6.4750010026
H       17.8886855965     6.8568934566     3.9082804216
H       15.5479223534     6.9623104407     3.2995901614
H       16.2685341654     7.4748281692     5.6145150423
H       12.8220114964     3.3052661482     3.0916723813
H       13.9528794689     2.8566146262     1.0319422203
H       18.4420022529     3.3198839185     1.3709990453
H       13.7096035094     1.0984333128     2.6988550502
H       18.5409122855     1.0947559855     2.3184836368
H       16.4326904174     0.9018710272     7.7956593244
H       14.2631479341     0.9800920008     6.6992968230
H       20.3322133108     2.6841740848     2.7701814889
H       16.1898437292     0.0660324702     5.5392661781
32
# Point 2 Energy = 0.0
C       20.6444834496     3.6586193716     7.5238568229
H       18.9712428763     3.6166053207     6.1668068716
C       19.4438813956     2.9509151056     6.8992469913
H       18.6901920506     2.7582239332     7.6736930287
H       20.5816418260     1.7998701338     5.4458079745
C       19.8212075180     1.6351507690     6.2194720069
H       18.9552107601     1.1576371480     5.7442574476
H       20.2401354169     0.9232189727     6.9389293977
H       21.4046143397     3.8793925623     6.7652641221
H       21.1128544439     3.0375174766     8.2928461921
H       20.3496517468     4.6046110226     7.9889693773
Si       16.4231700879     3.4085606363     4.3939925933
O       16.2924969037     4.9995732650     4.7369408338
O       17.9326085496     3.0711410321     3.8393059696
O       15.3759305350     2.9880115970     3.2120461633
O       16.0929863925     2.5729947917     5.7604112840
Si       16.5689360490     6.5901179700     4.4088070103
Si       13.9509611386     2.5809776314     2.5014546105
Si       18.8731568653     2.5268236875     2.5929745863
Si       15.7692189820     1.1217466904     6.4770129409
H       17.8869183332     6.8553013083     3.9127416681
H       15.5455695555     6.9640171521     3.3044624909
H       16.2666711735     7.4708972985     5.6173724658
H       12.8204718545     3.3032701603     3.0895220207
H       13.9519763065     2.8543985982     1.0305305699
H       18.4390583483     3.3188266605     1.3703258999
H       13.7085312633     1.0964270575     2.6972229636
H       18.5401657460     1.0947905628     2.3177423349
H       16.4322481980     0.9031064357     7.7956020253
H       14.2624399594     0.9802285196     6.6996269894
H       20.3300595313     2.6845680450     2.7695629140
H       16.1892890034     0.0657610839     5.5403567928
32
# Point 3 Energy = 0.0
C       20.6427146648     3.6614475938     7.5213146874
H       18.9686163781     3.6174139585     6.1643810924
C       19.4422716161     2.9528986097     6.8972895976
H       18.6889692136     2.7605818078     7.6721685211
H       20.5802047681     1.8007248738     5.4446280686
C       19.8198637794     1.6365901756     6.2186367542
H       18.9539832242     1.1579547065     5.7442271249
H       20.2397010592     0.9255484945     6.9383941170
H       21.4030716091     3.8819253294     6.7628446743
H       21.1110203486     3.0409304695     8.2907839767
H       20.3475500297     4.6075554964     7.9859484258
Si       16.4183309682     3.4085398542     4.3918903270
O       16.2811859271     5.0003537458     4.7338594678
O       17.9290392602     3.0691282638     3.8338272195
O       15.3752731359     2.9830179925     3.2106166224
O       16.0877429897     2.5732617170     5.7597562173
Si       16.6021289264     6.5855150426     4.4151626429
Si       13.9470835662     2.5903694532     2.5015243664
Si       18.8897954457     2.5212911162     2.6022745943
Si       15.7814639033     1.1186301605     6.4793666925
H       17.8859168250     6.8527307182     3.9205817204
H       15.5437610489     6.9673399846     3.3125532501
H       16.2652777122     7.4646938022     5.6221976679
H       12.8191697767     3.3011633950     3.0858672394
H       13.9517775506     2.8514882348     1.0282256907
H       18.4355474849     3.3166123715     1.3695241444
H       13.7074277799     1.0940322644     2.6946346747
H       18.5396015431     1.0944222636     2.3169463789
H       16.4317701982     0.9056284446     7.7958316700
H       14.2616140636     0.9814772005     6.7003492673
H       20.3275662573     2.6843111529     2.7690338383
H       16.1885395458     0.0657233065     5.5425246277
32
# Point 4 Energy = 0.0
C       20.6409109175     3.6648962520     7.5179940426
H       18.9659486632     3.6184497537     6.1612017756
C       19.4405853732     2.9553467833     6.8948126439
H       18.6876618107     2.7637252461     7.6701953437
H       20.5786223321     1.8014607711     5.4433396186
C       19.8183679201     1.6382313285     6.2177533845
H       18.9525759055     1.1583538780     5.7443250445
H       20.2390766604     0.9283150245     6.9380624466
H       21.4015036424     3.8847646229     6.7595656020
H       21.1091190471     3.0452140401     8.2881634439
H       20.3454677887     4.6113028510     7.9818107670
Si       16.4134323687     3.4082526046     4.3891193256
O       16.2698986184     5.0009705712     4.7295397546
O       17.9253864219     3.0665503671     3.8278137076
O       15.3745526738     2.9774173612     3.2086789062
O       16.0823852064     2.5737705914     5.7587282899
Si       16.6354955748     6.5800047330     4.4234580015
Si       13.9434793273     2.5993329772     2.5006178564
Si       18.9062024621     2.5151282645     2.6114730186
Si       15.7935776629     1.1163457154     6.4820806069
H       17.8855512726     6.8493381554     3.9319509003
H       15.5424425583     6.9722449708     3.3238042277
H       16.2639888286     7.4562085612     5.6289661998
H       12.8181459752     3.2990006236     3.0806775106
H       13.9523403430     2.8478871971     1.0250187195
H       18.4315184263     3.3131847483     1.3685750743
H       13.7063088931     1.0912844321     2.6911078157
H       18.5392091266     1.0936069703     2.3160998922
H       16.4312442738     0.9094964282     7.7963638827
H       14.2606590399     0.9839266387     6.7014747685
H       20.3247522540     2.6833283847     2.7685988606
H       16.1875692314     0.0659611530     5.5457939280
32
# Point 5 Energy = 0.0
C       20.6391263834     3.6689201355     7.5138804856
H       18.9632901379     3.6196934144     6.1572603533
C       19.4388608425     2.9582360211     6.8918096969
H       18.6863055198     2.7676520208     7.6677689030
H       20.5769058918     1.8020220026     5.4419439089
C       19.8167294432     1.6400398751     6.2168246191
H       18.9509872938     1.1588161370     5.7445600203
H       20.2382584420     0.9314807876     6.9379399672
H       21.3999677512     3.8878442840     6.7554103534
H       21.1071933426     3.0503192531     8.2849726814
H       20.3434797138     4.6158163257     7.9765357669
Si       16.4085170124     3.4077214640     4.3856783211
O       16.2587117165     5.0014511038     4.7239690066
O       17.9216843261     3.0633910234     3.8212664564
O       15.3737996806     2.9712461680     3.2062422064
O       16.0769409813     2.5745621075     5.7573315957
Si       16.6688593739     6.5735885932     4.4337132250
Si       13.9401898080     2.6079074073     2.4987257501
Si       18.9223923621     2.5083076511     2.6205691323
Si       15.8055509683     1.1149488051     6.4851711885
H       17.8856835966     6.8452573986     3.9469746033
H       15.5415445533     6.9786560052     3.3381474896
H       16.2624339339     7.4454291094     5.6376267377
H       12.8174432260     3.2968429261     3.0739290733
H       13.9537218362     2.8436097825     1.0209069737
H       18.4270194193     3.3084990651     1.3674649054
H       13.7051920010     1.0882267143     2.6866621059
H       18.5389766929     1.0923097296     2.3152077781
H       16.4306596182     0.9147667353     7.7972109152
H       14.2595648173     0.9876660337     6.7030114686
H       20.3216375182     2.6815526223     2.7682647172
H       16.1863523959     0.0665212977     5.5501849539
32
# Point 6 Energy = 0.0
C       20.6374172484     3.6734689619     7.5089640369
H       18.9606927505     3.6211245304     6.1525532227
C       19.4371378258     2.9615398526     6.8882772989
H       18.6849378364     2.7723554002     7.6648867974
H       20.5750676542     1.8023536492     5.4404429330
C       19.8149589000     1.6419807421     6.2158531739
H       18.9492166145     1.1593238856     5.7449399137
H       20.2372437189     0.9350056181     6.9380301637
H       21.3985230898     3.8910946255     6.7503676371
H       21.1052881049     3.0561903427     8.2812023253
H       20.3416628950     4.6210526312     7.9701093722
Si       16.4036286718     3.4069733121     4.3815713274
O       16.2477035848     5.0018260397     4.7171437071
O       17.9179678420     3.0596391753     3.8141911845
O       15.3730449593     2.9645482599     3.2033204711
O       16.0714394494     2.5756783967     5.7555728918
Si       16.7020404920     6.5662763064     4.4459408467
Si       13.9372576275     2.6161397195     2.4958429622
Si       18.9383797323     2.5008090098     2.6295648699
Si       15.8173753770     1.1144941542     6.4886528516
H       17.8861665641     6.8405977853     3.9657523658
H       15.5409802887     6.9864570457     3.3555059400
H       16.2602421773     7.4323413419     5.6481004500
H       12.8171062070     3.2947569715     3.0656049668
H       13.9559788797     2.8386804953     1.0158940608
H       18.4220978217     3.3025224932     1.3661850104
H       13.7040960751     1.0849094613     2.6813192428
H       18.5388913379     1.0905048995     2.3142757743
H       16.4300070404     0.9214922797     7.7983814368
H       14.2583227385     0.9927845800     6.7049639348
H       20.3182430199     2.6789251954     2.7680404505
H       16.1848640754     0.0674548380     5.5557137400
32
# Point 7 Energy = 0.0
C       20.6358414515     3.6784874650     7.5032393733
H       18.9582097053     3.6227215317     6.1470819056
C       19.4354575877     2.9652289227     6.8842151099
H       18.6835979881     2.7778239758     7.6615489205
H       20.5731205686     1.8024019462     5.4388394937
C       19.8130678754     1.6440182309     6.2148418251
H       18.9472638745     1.1598604690     5.7454716290
H       20.2360310110     0.9388470745     6.9383344671
H       21.3972303170     3.8944426635     6.7444316938
H       21.1034501296     3.0627648209     8.2768457708
H       20.3400964586     4.6269619494     7.9625243939
Si       16.3988118774     3.4060390720     4.3768077045
O       16.2369537078     5.0021290861     4.7090696810
O       17.9142721102     3.0552890617     3.8065983835
O       15.3723193169     2.9573745501     3.1999323500
O       16.0659108408     2.5771626401     5.7534615909
Si       16.7348567331     6.5580857071     4.4601456448
Si       13.9347264391     2.6240840680     2.4919688125
Si       18.9541791086     2.4926193504     2.6384648149
Si       15.8290435170     1.1150352658     6.4925377386
H       17.8868426228     6.8354434486     3.9883567768
H       15.5406440669     6.9954951678     3.3757933862
H       16.2570478361     7.4169315448     5.6602803972
H       12.8171813223     3.2928142209     3.0556951039
H       13.9591676772     2.8331335219     1.0099900016
H       18.4167997152     3.2952343151     1.3647321127
H       13.7030416627     1.0813896766     2.6751028285
H       18.5389392142     1.0881762029     2.3133104767
H       16.4292792821     0.9297220393     7.7998804037
H       14.2569258804     0.9993707442     6.7073331371
H       20.3145904192     2.6753963388     2.7679375383
H       16.1830802828     0.0688169282     5.5623918941
32
# Point 8 Energy = 0.0
C       20.6344584168     3.6839154651     7.4967060715
H       18.9558951701     3.6244616119     6.1408532108
C       19.4338626869     2.9692709387     6.8796260649
H       18.6823268532     2.7840414561     7.6577575998
H       20.5710782271     1.8021144832     5.4371372986
C       19.8110689690     1.6461160642     6.2137934904
H       18.9451299114     1.1604101294     5.7461611263
H       20.2346201584     0.9429605072     6.9388523220
H       21.3961512389     3.8978123343     6.7376025619
H       21.1017279915     3.0699735689     8.2718994049
H       20.3388611916     4.6334879275     7.9537808000
Si       16.3941116228     3.4049533875     4.3714022207
O       16.2265421790     5.0023965886     4.6997622546
O       17.9106322238     3.0503401906     3.7985033765
O       15.3716532999     2.9497826244     3.1961011330
O       16.0603863889     2.5790586156     5.7510097812
Si       16.7671244062     6.5490426731     4.4763245593
Si       13.9326407113     2.6318011180     2.4871072067
Si       18.9698047750     2.4837329500     2.6472761681
Si       15.8405493317     1.1166238575     6.4968356037
H       17.8875425820     6.8298535969     4.0148322399
H       15.5404097952     7.0055842116     3.3989141796
H       16.2524956340     7.3991885672     5.6740310943
H       12.8177165116     3.2910900796     3.0441963741
H       13.9633434169     2.8270121243     1.0032113537
H       18.4111695028     3.2866260336     1.3631084277
H       13.7020508794     1.0777304038     2.6680383320
H       18.5391056861     1.0853166902     2.3123193279
H       16.4284713620     0.9395004884     7.8017090157
H       14.2553694065     1.0075114522     6.7101163509
H       20.3107017602     2.6709255619     2.7679699699
H       16.1809783099     0.0706662984     5.5702264395
32
# Point 9 Energy = 0.0
C       20.6333287695     3.6896879425     7.4893688440
H       18.9538039706     3.6263206343     6.1338793854
C       19.4323967987     2.9736306027     6.8745165353
H       18.6811668768     2.7909864495     7.6535177585
H       20.5689547479     1.8014403644     5.4353410411
C       19.8089757698     1.6482373968     6.2127113144
H       18.9428164391     1.1609579123     5.7470134464
H       20.2330124288     0.9472990912     6.9395812764
H       21.3953484287     3.9011247094     6.7298863137
H       21.1001718842     3.0777409348     8.2663628472
H       20.3380391479     4.6405676884     7.9438860013
Si       16.3895730628     3.4037542528     4.3653751042
O       16.2165491789     5.0026671247     4.6892463905
O       17.9070828985     3.0447972612     3.7899263447
O       15.3710769280     2.9418362843     3.1918546753
O       16.0548982434     2.5814102014     5.7482322676
Si       16.7986592135     6.5391808988     4.4944666537
Si       13.9310454836     2.6393573193     2.4812668299
Si       18.9852705486     2.4741512802     2.6560086846
Si       15.8518883414     1.1193092513     6.5015537629
H       17.8880843210     6.8238638155     4.0451936612
H       15.5401299368     7.0165087658     3.4247624997
H       16.2462458780     7.3791059705     5.6891883552
H       12.8187610381     3.2896630164     3.0311127736
H       13.9685598703     2.8203679667     0.9955813305
H       18.4052494854     3.2767013782     1.3613217360
H       13.7011473820     1.0740000600     2.6601530855
H       18.5393754702     1.0819286193     2.3113105713
H       16.4275809331     0.9508669888     7.8038647586
H       14.2536509369     1.0172912140     6.7133071538
H       20.3065991392     2.6654819284     2.7681542516
H       16.1785370481     0.0730646761     5.5792197059
32
# Point 10 Energy = 0.0
C       20.6325140282     3.6957351347     7.4812377516
H       18.9519912670     3.6282730380     6.1261782408
C       19.4311045192     2.9782695480     6.8688964796
H       18.6801619736     2.7986322580     7.6488370914
H       20.5667646402     1.8003303467     5.4334564530
C       19.8068028137     1.6503448092     6.2115987494
H       18.9403260825     1.1614895415     5.7480327404
H       20.2312106132     0.9518138460     6.9405170812
H       21.3948848178     3.9042982289     6.7212952453
H       21.0988334378     3.0859848583     8.2602391813
H       20.3377132321     4.6481318801     7.9328551086
Si       16.3852412023     3.4024826089     4.3587520746
O       16.2070544391     5.0029810817     4.6775567854
O       17.9036581244     3.0386700466     3.7808923128
O       15.3706194248     2.9336050373     3.1872253040
O       16.0494793791     2.5842608537     5.7451466297
Si       16.8292771500     6.5285415610     4.5145531056
Si       13.9299860912     2.6468241376     2.4744613474
Si       19.0005895483     2.4638828796     2.6646745691
Si       15.8630579094     1.1231377368     6.5066971088
H       17.8882717182     6.8174882932     4.0794251845
H       15.5396349686     7.0280282545     3.4532213227
H       16.2379792970     7.3566840107     5.7055595211
H       12.8203652467     3.2886136698     3.0164555562
H       13.9748689566     2.8132603867     0.9871299043
H       18.3990794134     3.2654762164     1.3593853805
H       13.7003563149     1.0702717248     2.6514763158
H       18.5397327535     1.0780232660     2.3102931652
H       16.4266086433     0.9638551607     7.8063415325
H       14.2517709277     1.0287912054     6.7168955196
H       20.3023043478     2.6590442534     2.7685093279
H       16.1757373183     0.0760761258     5.5893692696
32
# Point 11 Energy = 0.0
C       20.6320762656     3.7019826790     7.4723283733
H       18.9505122051     3.6302917641     6.1177732407
C       19.4300311467     2.9831463019     6.8627795718
H       18.6793574125     2.8069467031     7.6437262408
H       20.5645226448     1.7987369714     5.4314903156
C       19.8045655224     1.6524003038     6.2104596183
H       18.9376623992     1.1619912812     5.7492222933
H       20.2292191021     0.9564536614     6.9416537884
H       21.3948232510     3.9072489768     6.7118480004
H       21.0977655080     3.0946170472     8.2535351591
H       20.3379667480     4.6561047872     7.9207111450
Si       16.3811605662     3.4011819222     4.3515643484
O       16.1981366832     5.0033802320     4.6647379238
O       17.9003907987     3.0319732524     3.7714310829
O       15.3703089373     2.9251635474     3.1822497022
O       16.0441634954     2.5876530736     5.7417732914
Si       16.8587954006     6.5171728893     4.5365572165
Si       13.9295078523     2.6542772545     2.4667096093
Si       19.0157739416     2.4529431899     2.6732883221
Si       15.8740575069     1.1281519242     6.5122681870
H       17.8878940013     6.8107228021     4.1174791268
H       15.5387334591     7.0398809265     3.4841610966
H       16.2274014668     7.3319313367     5.7229241441
H       12.8225802810     3.2880239518     3.0002434024
H       13.9823202641     2.8057556257     0.9778938913
H       18.3926960057     3.2529783865     1.3573181784
H       13.6997042251     1.0666223976     2.6420392091
H       18.5401612803     1.0736206806     2.3092766534
H       16.4255584885     0.9784922527     7.8091298635
H       14.2497330466     1.0420883230     6.7208680113
H       20.2978384854     2.6516012312     2.7690564081
H       16.1725622085     0.0797663231     5.6006679447
32
# Point 12 Energy = 0.0
C       20.6320777320     3.7083518225     7.4626619217
H       18.9494215354     3.6323482187     6.1086935417
C       19.4292224313     2.9882162905     6.8561832943
H       18.6787996718     2.8158919990     7.6381989640
H       20.5622435489     1.7966147143     5.4294504174
C       19.8022801197     1.6543653212     6.2092981493
H       18.9348298835     1.1624498022     5.7505845345
H       20.2270439429     0.9611653492     6.9429838356
H       21.3952260006     3.9098910183     6.7015696131
H       21.0970219287     3.1035432263     8.2462613631
H       20.3388829041     4.6644045249     7.9074851978
Si       16.3773748467     3.3998977570     4.3438486159
O       16.1898730354     5.0039073204     4.6508440833
O       17.8973123324     3.0247263669     3.7615771123
O       15.3701722408     2.9165910557     3.1769687718
O       16.0389848983     2.5916278758     5.7381355985
Si       16.8870332181     6.5051296552     4.5604444401
Si       13.9296557090     2.6617957509     2.4580358566
Si       19.0308346689     2.4413543728     2.6818665273
Si       15.8848889689     1.1343900981     6.5182673306
H       17.8867256902     6.8035482019     4.1592752608
H       15.5372128698     7.0517876014     3.5174381223
H       16.2142467261     7.3048663151     5.7410351668
H       12.8254577489     3.2879761604     2.9825026086
H       13.9909605240     2.7979260319     0.9679170131
H       18.3861324337     3.2392474713     1.3551442467
H       13.6992189386     1.0631322298     2.6318750077
H       18.5406444022     1.0687494135     2.3082709907
H       16.4244381521     0.9947985249     7.8122171906
H       14.2475445389     1.0572542227     6.7252080706
H       20.2932215434     2.6431515118     2.7698186917
H       16.1689974146     0.0842017757     5.6131038218
32
# Point 13 Energy = 0.0
C       20.6325804289     3.7147597174     7.4522652926
H       18.9487731906     3.6344122895     6.0989739804
C       19.4287242882     2.9934319039     6.8491289884
H       18.6785362604     2.8254246873     7.6322722824
H       20.5599419770     1.7939201722     5.4273454492
C       19.7999635235     1.6562007969     6.2081189717
H       18.9318339559     1.1628520683     5.7521210256
H       20.2246928772     0.9658937405     6.9444981033
H       21.3961542301     3.9121368233     6.6904914596
H       21.0966572203     3.1126634786     8.2384323139
H       20.3405442613     4.6729433313     7.8932165032
Si       16.3739265187     3.3986773525     4.3356469874
O       16.1823383834     5.0046056695     4.6359392955
O       17.8944522291     3.0169535166     3.7513693314
O       15.3702344237     2.9079707808     3.1714274755
O       16.0339783585     2.5962242658     5.7342599023
Si       16.9138127627     6.4924725930     4.5861724349
Si       13.9304738166     2.6694612800     2.4484699254
Si       19.0457811440     2.4291451331     2.6904275798
Si       15.8955567364     1.1418855802     6.5246928462
H       17.8845272613     6.7959342060     4.2047005685
H       15.5348411607     7.0634550842     3.5528926428
H       16.1982815270     7.2755179292     5.7596206077
H       12.8290493249     3.2885521032     2.9632672930
H       14.0008330331     2.7898492500     0.9572499313
H       18.3794177681     3.2243345355     1.3528927430
H       13.6989294000     1.0598837377     2.6210191341
H       18.5411650908     1.0634462327     2.3072863191
H       16.4232593233     1.0127866501     7.8155882236
H       14.2452165751     1.0743543426     6.7298964025
H       20.2884719603     2.6337037473     2.7708209937
H       16.1650315889     0.0894490008     5.6266603521
32
# Point 14 Energy = 0.0
C       20.6336456280     3.7211198164     7.4411710429
H       18.9486198165     3.6364524255     6.0886550036
C       19.4285824662     2.9987426330     6.8416418567
H       18.6786154930     2.8354956406     7.6259666066
H       20.5576321589     1.7906123069     5.4251848302
C       19.7976332146     1.6578672717     6.2069270681
H       18.9286809375     1.1631852569     5.7538324193
H       20.2221753593     0.9705818418     6.9461859384
H       21.3976674017     3.9138977926     6.6786511154
H       21.0967262466     3.1218726928     8.2300665155
H       20.3430321105     4.6816279727     7.8779524565
Si       16.3708564199     3.3975692116     4.3270069115
O       16.1756046848     5.0055188104     4.6200972628
O       17.8918376354     3.0086833411     3.7408509032
O       15.3705185516     2.8993893038     3.1656746607
O       16.0291789388     2.6014787290     5.7301756462
Si       16.9389598845     6.4792677616     4.6136911531
Si       13.9320050797     2.6773572374     2.4380474478
Si       19.0606209351     2.4163505674     2.6989913545
Si       15.9060680812     1.1506661038     6.5315412453
H       17.8810466004     6.7878431366     4.2536095366
H       15.5313692539     7.0745792216     3.5903466571
H       16.1793072037     7.2439262298     5.7783857357
H       12.8334062808     3.2898322347     2.9425796181
H       14.0119770263     2.7816074078     0.9459502541
H       18.3725763946     3.2083018504     1.3505975277
H       13.6988654745     1.0569609993     2.6095093393
H       18.5417059144     1.0577558550     2.3063326964
H       16.4220379873     1.0324611384     7.8192253613
H       14.2427645709     1.0934469112     6.7349114474
H       20.2836061538     2.6232766311     2.7720892765
H       16.1606566958     0.0955736668     5.6413164715
32
# Point 15 Energy = 0.0
C       20.6353333247     3.7273423789     7.4294172956
H       18.9490122490     3.6384357898     6.0777825418
C       19.4288421684     3.0040952856     6.8337509143
H       18.6790862134     2.8460501407     7.6193058323
H       20.5553276806     1.7866527590     5.4229784656
C       19.7953070836     1.6593250668     6.2057276779
H       18.9253780150     1.1634367216     5.7557183876
H       20.2195025584     0.9751710632     6.9480351364
H       21.3998226231     3.9150849037     6.6660921165
H       21.0972838106     3.1310611292     8.2211864338
H       20.3464257669     4.6903602690     7.8617485473
Si       16.3682032911     3.3966227032     4.3179810648
O       16.1697402078     5.0066901377     4.6034012389
O       17.8894928655     2.9999488946     3.7300689264
O       15.3710453106     2.8909359413     3.1597628672
O       16.0246217863     2.6074247308     5.7259154539
Si       16.9623048310     6.4655858587     4.6429429770
Si       13.9342906323     2.6855679309     2.4268100440
Si       19.0753594327     2.4030120568     2.7075788169
Si       15.9164333072     1.1607531998     6.5388075130
H       17.8760212427     6.7792334244     4.3058250101
H       15.5265343803     7.0848476243     3.6296015083
H       16.1571621942     7.2101423521     5.7970156971
H       12.8385789388     3.2918948030     2.9204900230
H       14.0244270042     2.7732863068     0.9340825071
H       18.3656274066     3.1912226234     1.3482967564
H       13.6990577193     1.0544488318     2.5973858645
H       18.5422489883     1.0517307091     2.3054197815
H       16.4207946771     1.0538177840     7.8231091626
H       14.2402084719     1.1145819347     6.7402299345
H       20.2786380397     2.6118989449     2.7736501007
H       16.1558683788     0.1026397002     5.6570467630
