32
# Point -15 Energy = 0.0
C       20.6074392546     3.5987586228     7.5204439045
H       18.9007640228     3.6259891107     6.1257746081
C       19.3782138511     2.9039902284     6.9268051790
H       18.8061507717     2.7679478931     7.4999903571
H       21.2250881245     1.9164147556     4.8236084537
C       19.6254994488     1.5617013586     6.2367225932
H       19.6661147002     1.5844491908     6.2599852912
H       20.2454421215     0.7149613670     7.1166559459
H       21.2649654707     3.7869946518     6.8828226256
H       21.0918169137     2.9272628567     8.3645960966
H       20.2775186169     4.6722546749     8.0583773038
Si       16.3928935247     3.4026678432     4.3906108199
O       16.2917858188     4.9942186718     4.7322755940
O       17.8983039522     3.0517665778     3.8489054982
O       15.3374906643     3.0023991101     3.2034461344
O       16.0483852919     2.5730421142     5.7537010843
Si       16.4998494314     6.5907307742     4.3944713367
Si       13.9181053547     2.5825787113     2.4832188326
Si       18.7966591756     2.5032203479     2.5785617751
Si       15.6712092883     1.1344976300     6.4660363286
H       17.8922789585     6.8356191483     3.9051216420
H       15.5555840488     6.9663546059     3.2866195616
H       16.2723668308     7.4739469999     5.6048438283
H       12.7885128857     3.3419443426     3.0721019826
H       13.9223467655     2.8790854296     1.0170372098
H       18.4157455854     3.2906305674     1.3739188914
H       13.6521528215     1.1248197276     2.6840695543
H       18.4845220739     1.0647768877     2.3231637866
H       16.3517736490     0.8992583361     7.7915776206
H       14.1878550762     1.0020150605     6.6861805721
H       20.2925433943     2.6337191513     2.7811848210
H       16.1086027121     0.0652852523     5.5343361272
32
# Point -14 Energy = 0.0
C       20.6101037480     3.6028068673     7.5210741351
H       18.9057327598     3.6253981384     6.1289154534
C       19.3828280489     2.9070576298     6.9253395323
H       18.7984747013     2.7673876688     7.5118129018
H       21.1796628623     1.9078971554     4.8618026239
C       19.6389054915     1.5662326683     6.2358464412
H       19.6197564428     1.5554849524     6.2248279750
H       20.2442009513     0.7280282636     7.1058228878
H       21.2745443277     3.7932122789     6.8754576404
H       21.0935491738     2.9347261885     8.3602067234
H       20.2824197729     4.6678645138     8.0539754160
Si       16.3956387358     3.4030227832     4.3910732042
O       16.2933797887     4.9944573767     4.7328178493
O       17.9011796490     3.0532636972     3.8490387154
O       15.3402737451     3.0019532945     3.2041626169
O       16.0520994518     2.5730634423     5.7542493715
Si       16.5001392971     6.5911556234     4.3950058095
Si       13.9210410978     2.5810586292     2.4842427370
Si       18.7996925963     2.5054624489     2.5784521964
Si       15.6761647343     1.1342312013     6.4666167403
H       17.8922638218     6.8371255676     3.9053418281
H       15.5553268739     6.9660757284     3.2873825232
H       16.2722530288     7.4741600488     5.6054546259
H       12.7910017284     3.3395370654     3.0734086985
H       13.9247171486     2.8776047307     1.0180703374
H       18.4178781936     3.2926057778     1.3739247751
H       13.6562617205     1.1230897366     2.6851202743
H       18.4885874113     1.0667818571     2.3230954865
H       16.3572328611     0.8994787944     7.7919959515
H       14.1929812442     1.0005965120     6.6871012690
H       20.2955054869     2.6371032870     2.7807401197
H       16.1141837050     0.0653780723     5.5347885000
32
# Point -13 Energy = 0.0
C       20.6126468491     3.6068918145     7.5218406357
H       18.9106182888     3.6248412852     6.1321482509
C       19.3873235227     2.9101740857     6.9239979390
H       18.7906733767     2.7668884266     7.5237552454
H       21.1344032619     1.8995265396     4.9005547657
C       19.6521848563     1.5708176465     6.2351403338
H       19.5753258518     1.5258961500     6.1870843112
H       20.2428411332     0.7409864117     7.0949656592
H       21.2840128341     3.7994404826     6.8682331863
H       21.0951216465     2.9422364456     8.3559822512
H       20.2872105759     4.6635249881     8.0496879836
Si       16.3983290352     3.4033973865     4.3915814404
O       16.2949311087     4.9947254004     4.7333627448
O       17.9040076323     3.0547479190     3.8492599917
O       15.3430234555     3.0015096913     3.2049120076
O       16.0557184738     2.5731442362     5.7548572695
Si       16.5004136945     6.5915980294     4.3955064001
Si       13.9239545548     2.5795399006     2.4852790826
Si       18.8026992604     2.5076478393     2.5784646008
Si       15.6809915795     1.1340477334     6.4672855031
H       17.8922466453     6.8386195248     3.9055525052
H       15.5550836019     6.9657973546     3.2880811464
H       16.2721080905     7.4744245559     5.6060037724
H       12.7934650572     3.3371601978     3.0746834287
H       13.9271012751     2.8760873542     1.0191083939
H       18.4200204720     3.2944975973     1.3740240000
H       13.6603258704     1.1213700015     2.6862150634
H       18.4926139282     1.0687277560     2.3231793282
H       16.3625311219     0.8998081594     7.7925236648
H       14.1979727469     0.9992850836     6.6880810453
H       20.2984375375     2.6404173908     2.7804469980
H       16.1196432612     0.0655246120     5.5353664109
32
# Point -12 Energy = 0.0
C       20.6152400952     3.6109115949     7.5225164366
H       18.9155462891     3.6242578170     6.1353052232
C       19.3918564220     2.9132560218     6.9225710516
H       18.7829363488     2.7663248909     7.5356306121
H       21.0895604396     1.8911613353     4.9397243312
C       19.6654766319     1.5754271427     6.2343399290
H       19.5300110419     1.4966211281     6.1504190452
H       20.2416998340     0.7541107459     7.0839493077
H       21.2935091296     3.8056095915     6.8608981492
H       21.0967350301     2.9496618849     8.3516534510
H       20.2920772837     4.6591065392     8.0453519597
Si       16.4010203789     3.4037627739     4.3920579141
O       16.2964879735     4.9949793158     4.7338961991
O       17.9068275105     3.0562303487     3.8494218415
O       15.3457565376     3.0010701268     3.2056414665
O       16.0593607105     2.5732005473     5.7554289445
Si       16.5006872001     6.5920293995     4.3960111270
Si       13.9268412295     2.5780328866     2.4863127664
Si       18.8056776659     2.5098469569     2.5783971086
Si       15.6858538985     1.1338322054     6.4679069920
H       17.8922198743     6.8401087581     3.9057484373
H       15.5548224346     6.9655197929     3.2888031777
H       16.2719808591     7.4746635433     5.6065709581
H       12.7959111159     3.3347871821     3.0759821277
H       13.9294354669     2.8745983674     1.0201473174
H       18.4221153140     3.2964161787     1.3740586561
H       13.6643673967     1.1196603653     2.6872940655
H       18.4966093741     1.0706908911     2.3231712058
H       16.3678853634     0.9000909327     7.7929906026
H       14.2030042033     0.9979382563     6.6890351797
H       20.3013434804     2.6437438428     2.7800521099
H       16.1251240665     0.0656506368     5.5358776659
32
# Point -11 Energy = 0.0
C       20.6178520843     3.6148802785     7.5231398771
H       18.9204942365     3.6236571151     6.1384137043
C       19.3963969780     2.9163169484     6.9210942869
H       18.7752292806     2.7657166607     7.5474712803
H       21.0451336068     1.8828538299     4.9793953695
C       19.6787511120     1.5800689056     6.2334913928
H       19.4843247422     1.4674967214     6.1141721077
H       20.2407224453     0.7673455712     7.0727779118
H       21.3030064402     3.8117272714     6.8534937783
H       21.0983507338     2.9570211234     8.3472664525
H       20.2969878632     4.6546279667     8.0409959586
Si       16.4037007063     3.4041238933     4.3925155232
O       16.2980408526     4.9952267331     4.7344195307
O       17.9096296605     3.0577077442     3.8495492113
O       15.3484673390     3.0006345152     3.2063598865
O       16.0630029105     2.5732477073     5.7559807833
Si       16.5009571820     6.5924544193     4.3965116763
Si       13.9296988275     2.5765367562     2.4873464792
Si       18.8086247031     2.5120451587     2.5782841877
Si       15.6907196109     1.1336059512     6.4685050580
H       17.8921847452     6.8415904626     3.9059285440
H       15.5545489416     6.9652429172     3.2895316811
H       16.2718635694     7.4748906985     5.6071403438
H       12.7983360835     3.3324245914     3.0772950382
H       13.9317276974     2.8731268517     1.0211877934
H       18.4241696559     3.2983397355     1.3740553680
H       13.6683783947     1.1179621531     2.6883682806
H       18.5005680077     1.0726557773     2.3231134689
H       16.3732543244     0.9003555391     7.7934265850
H       14.2080417213     0.9965832741     6.6899789365
H       20.3042193046     2.6470649587     2.7795986028
H       16.1305968389     0.0657697698     5.5363562619
32
# Point -10 Energy = 0.0
C       20.6204820188     3.6187973449     7.5237119806
H       18.9254616238     3.6230386696     6.1414742556
C       19.4009443499     2.9193563821     6.9195684458
H       18.7675510821     2.7650632528     7.5592777309
H       21.0011234835     1.8746147847     5.0195658799
C       19.6920070471     1.5847421223     6.2325954140
H       19.4382736617     1.4385216248     6.0783383583
H       20.2399071107     0.7806896849     7.0614550845
H       21.3125039433     3.8177930216     6.8460211360
H       21.0999678286     2.9643138457     8.3428225424
H       20.3019409791     4.6500889491     8.0366204274
Si       16.4063700102     3.4044805239     4.3929541873
O       16.2995897725     4.9954674454     4.7349326684
O       17.9124142081     3.0591797646     3.8496424818
O       15.3511561754     3.0002027302     3.2070668563
O       16.0666445877     2.5732855055     5.7565125674
Si       16.5012239039     6.5928728767     4.3970080863
Si       13.9325278446     2.5750515037     2.4883793625
Si       18.8115408315     2.5142420392     2.5781264904
Si       15.6955878940     1.1333687767     6.4690793237
H       17.8921416893     6.8430643187     3.9060933050
H       15.5542637513     6.9649666050     3.2902664189
H       16.2717561974     7.4751058220     5.6077119132
H       12.8007403441     3.3300725109     3.0786209673
H       13.9339789280     2.8716728161     1.0222289813
H       18.4261843860     3.3002679085     1.3740146986
H       13.6723591756     1.1162753707     2.6894367269
H       18.5044902428     1.0746220291     2.3230066364
H       16.3786367640     0.9006017154     7.7938314307
H       14.2130844010     0.9952200615     6.6909114726
H       20.3070654198     2.6503802100     2.7790875956
H       16.1360609442     0.0658817837     5.5368019339
32
# Point -9 Energy = 0.0
C       20.6231300471     3.6226618817     7.5242325490
H       18.9304486269     3.6224017038     6.1444865409
C       19.4054986042     2.9223734530     6.9179931854
H       18.7599017159     2.7643635532     7.5710493848
H       20.9575311154     1.8664540361     5.0602315511
C       19.7052441131     1.5894457771     6.2316511797
H       19.3918487944     1.4096991462     6.0429351742
H       20.2392533967     0.7941427594     7.0499836352
H       21.3220016022     3.8238061961     6.8384799741
H       21.1015865567     2.9715392203     8.3383215509
H       20.3069362298     4.6454886268     8.0322248720
Si       16.4090286514     3.4048323019     4.3933733687
O       16.3011350198     4.9957010131     4.7354354650
O       17.9151815783     3.0606462152     3.8497012081
O       15.3538235452     2.9997746569     3.2077616178
O       16.0702859778     2.5733132418     5.7570234962
Si       16.5014876504     6.5932844257     4.3975006441
Si       13.9353288677     2.5735771427     2.4894103874
Si       18.8144266229     2.5164377272     2.5779235466
Si       15.7004589421     1.1331197963     6.4696285732
H       17.8920910358     6.8445301365     3.9062432387
H       15.5539672586     6.9646907472     3.2910076692
H       16.2716588776     7.4753082793     5.6082861434
H       12.8031244050     3.3277307869     3.0799589414
H       13.9361898950     2.8702366228     1.0232699384
H       18.4281601866     3.3022011046     1.3739363422
H       13.6763103397     1.1145999693     2.6904979706
H       18.5083767136     1.0765898202     2.3228498365
H       16.3840327397     0.9008282804     7.7942039354
H       14.2181324181     0.9938476376     6.6918313600
H       20.3098823710     2.6536897205     2.7785188284
H       16.1415167010     0.0659860201     5.5372132514
32
# Point -8 Energy = 0.0
C       20.6257960790     3.6264730826     7.5247016589
H       18.9354552476     3.6217455121     6.1474504201
C       19.4100595899     2.9253673889     6.9163684107
H       18.7522808940     2.7636165573     7.5827858815
H       20.9143576548     1.8583812344     5.1013887594
C       19.7184617876     1.5941789152     6.2306581980
H       19.3450448920     1.3810317124     6.0079751499
H       20.2387605217     0.8077042459     7.0383664713
H       21.3314991728     3.8297662292     6.8308703439
H       21.1032068751     2.9786965532     8.3337636342
H       20.3119729686     4.6408262707     8.0278090102
Si       16.4116768942     3.4051789006     4.3937726197
O       16.3026767902     4.9959270474     4.7359277964
O       17.9179321200     3.0621068978     3.8497251185
O       15.3564698995     2.9993501852     3.2084434709
O       16.0739271473     2.5733303101     5.7575128762
Si       16.5017486517     6.5936887552     4.3979896062
Si       13.9381024634     2.5721136818     2.4904385343
Si       18.8172826235     2.5186322875     2.5776751231
Si       15.7053327285     1.1328582508     6.4701517375
H       17.8920330848     6.8459877243     3.9063788872
H       15.5536598599     6.9644152389     3.2917556215
H       16.2715716469     7.4754975206     5.6088634351
H       12.8054887368     3.3253992976     3.0813079139
H       13.9383613853     2.8688185721     1.0243097199
H       18.4300977796     3.3041396244     1.3738201810
H       13.6802324385     1.1129359067     2.6915506329
H       18.5122280210     1.0785592543     2.3226424768
H       16.3894420245     0.9010342222     7.7945430816
H       14.2231857160     0.9924651761     6.6927372547
H       20.3126706700     2.6569935387     2.7778923415
H       16.1469642353     0.0660819059     5.5375889930
32
# Point -7 Energy = 0.0
C       20.6284793394     3.6302304991     7.5251203527
H       18.9404810074     3.6210696270     6.1503664715
C       19.4146265231     2.9283377475     6.9146949285
H       18.7446875536     2.7628217620     7.5944876663
H       20.8716029334     1.8504061031     5.1430340850
C       19.7316589405     1.5989407705     6.2296171553
H       19.2978679762     1.3525182584     5.9734545683
H       20.2384267613     0.8213731305     7.0266072061
H       21.3409958542     3.8356727485     6.8231933441
H       21.1048278995     2.9857856106     8.3291500905
H       20.3170498509     4.6361016056     8.0233733155
Si       16.4143147778     3.4055201024     4.3941518615
O       16.3042151027     4.9961453324     4.7364096290
O       17.9206660185     3.0635615401     3.8497145939
O       15.3590956174     2.9989291869     3.2091119919
O       16.0775676785     2.5733364565     5.7579804689
Si       16.5020071128     6.5940856596     4.3984750869
Si       13.9408492071     2.5706610838     2.4914629160
Si       18.8201093751     2.5208254464     2.5773818638
Si       15.7102085439     1.1325838719     6.4706483835
H       17.8919682028     6.8474368290     3.9065008186
H       15.5533421162     6.9641399604     3.2925101190
H       16.2714943892     7.4756733140     5.6094438675
H       12.8078337759     3.3230780432     3.0826666763
H       13.9404944352     2.8674186795     1.0253474642
H       18.4319981139     3.3060832587     1.3736667866
H       13.6841259101     1.1112831431     2.6925936681
H       18.5160447091     1.0805300742     2.3223850325
H       16.3948634942     0.9012191922     7.7948486296
H       14.2282435115     0.9910724709     6.6936282483
H       20.3154308039     2.6602913135     2.7772092551
H       16.1524030646     0.0661691784     5.5379288153
32
# Point -6 Energy = 0.0
C       20.6311795203     3.6339334840     7.5254890326
H       18.9455257638     3.6203734462     6.1532347952
C       19.4191990745     2.9312838892     6.9129729370
H       18.7371211661     2.7619783080     7.6061546166
H       20.8292672224     1.8425377091     5.1851632595
C       19.7448349180     1.6037304820     6.2285279360
H       19.2503160806     1.3241602080     5.9393816426
H       20.2382511043     0.8351487954     7.0147089441
H       21.3504912262     3.8415253315     6.8154493896
H       21.1064493300     2.9928058956     8.3244814544
H       20.3221659892     4.6313140776     8.0189177685
Si       16.4169425179     3.4058556190     4.3945107599
O       16.3057500862     4.9963555301     4.7368808859
O       17.9233836031     3.0650099639     3.8496695690
O       15.3617011634     2.9985115464     3.2097665532
O       16.0812075171     2.5733311624     5.7584257076
Si       16.5022632148     6.5944748666     4.3989573400
Si       13.9435697167     2.5692193250     2.4924825265
Si       18.8229074717     2.5230172436     2.5770438104
Si       15.7150862035     1.1322960134     6.4711176037
H       17.8918966670     6.8488772808     3.9066096367
H       15.5530144327     6.9638648048     3.2932712840
H       16.2714270279     7.4758351917     5.6100277927
H       12.8101600126     3.3207668902     3.0840341068
H       13.9425899602     2.8660371601     1.0263822290
H       18.4338620227     3.3080322395     1.3734762663
H       13.6879913469     1.1096416111     2.6936257524
H       18.5198274406     1.0825023490     2.3220772247
H       16.4002966939     0.9013823398     7.7951197690
H       14.2333055776     0.9896688153     6.6945030847
H       20.3181633220     2.6635830767     2.7764699587
H       16.1578332062     0.0662473440     5.5382317228
32
# Point -5 Energy = 0.0
C       20.6338962101     3.6375814630     7.5258082408
H       18.9505893012     3.6196564156     6.1560555956
C       19.4237768268     2.9342052361     6.9112027628
H       18.7295810897     2.7610853989     7.6177867137
H       20.7873505597     1.8347847865     5.2277719549
C       19.7579889975     1.6085472326     6.2273905921
H       19.2023888697     1.2959585404     5.9057624318
H       20.2382324204     0.8490305765     7.0026748598
H       21.3599847817     3.8473236217     6.8076390510
H       21.1080707457     2.9997570019     8.3197584244
H       20.3273203856     4.6264632140     8.0144424599
Si       16.4195602973     3.4061851827     4.3948490320
O       16.3072818309     4.9965573291     4.7373415101
O       17.9260851816     3.0664520012     3.8495900701
O       15.3642869949     2.9980971498     3.2104065625
O       16.0848465448     2.5733139533     5.7588480842
Si       16.5025171093     6.5948561240     4.3994366151
Si       13.9462646181     2.5677883722     2.4934963707
Si       18.8256775135     2.5252077061     2.5766611259
Si       15.7199654410     1.1319940861     6.4715585668
H       17.8918187369     6.8503089209     3.9067059676
H       15.5526772099     6.9635896676     3.2940392068
H       16.2713694318     7.4759827273     5.6106155379
H       12.8124679326     3.3184657064     3.0854090555
H       13.9446489164     2.8646741941     1.0274130774
H       18.4356903727     3.3099867656     1.3732488255
H       13.6918293429     1.1080112373     2.6946455933
H       18.5235768876     1.0844761317     2.3217189144
H       16.4057410578     0.9015228933     7.7953557847
H       14.2383716006     0.9882535647     6.6953605535
H       20.3208687760     2.6668688496     2.7756749942
H       16.1632546152     0.0663159498     5.5384968251
32
# Point -4 Energy = 0.0
C       20.6366289695     3.6411739007     7.5260785590
H       18.9556713873     3.6189180069     6.1588291059
C       19.4283593481     2.9371012401     6.9093847657
H       18.7220666553     2.7601422490     7.6293839555
H       20.7458527792     1.8271556832     5.2708556118
C       19.7711204618     1.6133902330     6.2262052187
H       19.1540863532     1.2679141623     5.8726027191
H       20.2383695770     0.8630178247     6.9905081240
H       21.3694759906     3.8530673161     6.7997629474
H       21.1096916985     3.0066385698     8.3149817435
H       20.3325120083     4.6215485787     8.0099475136
Si       16.4221682958     3.4065085348     4.3951664066
O       16.3088104104     4.9967504252     4.7377914567
O       17.9287710654     3.0678875054     3.8494761451
O       15.3668535773     2.9976858852     3.2110314317
O       16.0884846378     2.5732843596     5.7592470997
Si       16.5027689219     6.5952291888     4.3999131761
Si       13.9489345528     2.5663681846     2.4945034480
Si       18.8284201167     2.5273968918     2.5762340012
Si       15.7248459905     1.1316775017     6.4719704471
H       17.8917346466     6.8517316109     3.9067904617
H       15.5523308266     6.9633144470     3.2948139857
H       16.2713214287     7.4761154996     5.6112074433
H       12.8147580282     3.3161743422     3.0867903598
H       13.9466722832     2.8633299564     1.0284390673
H       18.4374840488     3.3119470651     1.3729846955
H       13.6956405174     1.1063919390     2.6956518901
H       18.5272937509     1.0864515040     2.3213099878
H       16.4111960136     0.9016400855     7.7955559718
H       14.2434412666     0.9868260639     6.6961994394
H       20.3235477310     2.6701486956     2.7748249415
H       16.1686672611     0.0663745489     5.5387232398
32
# Point -3 Energy = 0.0
C       20.6393773334     3.6447103019     7.5263006073
H       18.9607717732     3.6181577184     6.1615555883
C       19.4329461929     2.9399713838     6.9075193384
H       18.7145771671     2.7591480835     7.6409463568
H       20.7047735090     1.8196583466     5.3144094448
C       19.7842285991     1.6182587226     6.2249719544
H       19.1054088822     1.2400279090     5.8399080008
H       20.2386614415     0.8771099059     6.9782119029
H       21.3789643012     3.8587561655     6.7918217446
H       21.1113117145     3.0134502869     8.3101521983
H       20.3377397930     4.6165697733     8.0054330849
Si       16.4247666908     3.4068254262     4.3954626249
O       16.3103358818     4.9969345223     4.7382306928
O       17.9314415686     3.0693163516     3.8493278641
O       15.3694013831     2.9972776439     3.2116405782
O       16.0921216669     2.5732419172     5.7596222650
Si       16.5030187520     6.5955938272     4.4003873004
Si       13.9515801772     2.5649587143     2.4955027535
Si       18.8311359118     2.5295848878     2.5757626552
Si       15.7297275870     1.1313456747     6.4723524260
H       17.8916446061     6.8531452327     3.9068637918
H       15.5519756400     6.9630390446     3.2955957264
H       16.2712828071     7.4762330938     5.6118038613
H       12.8170307976     3.3138926317     3.0881768456
H       13.9486610616     2.8620046160     1.0294592527
H       18.4392439518     3.3139133937     1.3726841330
H       13.6994255138     1.1047836245     2.6966433360
H       18.5309787574     1.0884285755     2.3208503565
H       16.4166609835     0.9017331559     7.7957196373
H       14.2485142626     0.9853856486     6.6970185249
H       20.3262007643     2.6734227189     2.7739204183
H       16.1740711277     0.0664227016     5.5389100945
32
# Point -2 Energy = 0.0
C       20.6421408123     3.6481902117     7.5264750424
H       18.9658901949     3.6173750754     6.1642353329
C       19.4375369032     2.9428151812     6.9056069062
H       18.7071119042     2.7581021394     7.6524739477
H       20.6641121686     1.8123003092     5.3584284478
C       19.7973127037     1.6231519704     6.2236909810
H       19.0563571398     1.2123005473     5.8076834813
H       20.2391068853     0.8913062004     6.9657893571
H       21.3884491410     3.8643899745     6.7838161534
H       21.1129302962     3.0201918886     8.3052706166
H       20.3430026462     4.6115264377     8.0008993592
Si       16.4273556568     3.4071356176     4.3957374407
O       16.3118582868     4.9971093327     4.7386591968
O       17.9340970083     3.0707384360     3.8491453191
O       15.3719308918     2.9968723198     3.2122334258
O       16.0957574985     2.5731861690     5.7599731017
Si       16.5032666748     6.5959498152     4.4008592779
Si       13.9542021617     2.5635599063     2.4964932808
Si       18.8338255432     2.5317718103     2.5752473340
Si       15.7346099668     1.1309980235     6.4727036941
H       17.8915488013     6.8545496883     3.9069266516
H       15.5516119861     6.9627633655     3.2963845414
H       16.2712533175     7.4763351021     5.6124051550
H       12.8192867440     3.3116203930     3.0895673300
H       13.9506162727     2.8606983357     1.0304726855
H       18.4409709980     3.3158860336     1.3723474197
H       13.7031849983     1.1031861934     2.6976186214
H       18.5346326592     1.0904074829     2.3203399582
H       16.4221353848     0.9018013524     7.7958461009
H       14.2535902762     0.9839316478     6.6978165923
H       20.3288284651     2.6766910628     2.7729620788
H       16.1794662125     0.0664599762     5.5390565288
32
# Point -1 Energy = 0.0
C       20.6449188937     3.6516132160     7.5266025555
H       18.9710263743     3.6165696306     6.1668686561
C       19.4421310100     2.9456321778     6.9036479244
H       18.6996701222     2.7570036660     7.6639667729
H       20.6238679719     1.8050886763     5.4029074037
C       19.8103720763     1.6280692755     6.2223625225
H       19.0069321255     1.1847327794     5.7759340792
H       20.2397047869     0.9056061039     6.9532436389
H       21.3979299192     3.8699686023     6.7757469272
H       21.1145469243     3.0268631583     8.3003378656
H       20.3482994477     4.6064182511     7.9963465494
Si       16.4299353657     3.4074388798     4.3959906207
O       16.3133776518     4.9972745773     4.7390769585
O       17.9367377039     3.0721536758     3.8489286229
O       15.3744425890     2.9964698101     3.2128094053
O       16.0993919948     2.5731166656     5.7602991428
Si       16.5035127411     6.5962969388     4.4013294096
Si       13.9568011890     2.5621716996     2.4974740226
Si       18.8364896679     2.5339578031     2.5746883100
Si       15.7394928681     1.1306339721     6.4730234517
H       17.8914473954     6.8559448994     3.9069797534
H       15.5512401803     6.9624873180     3.2971805489
H       16.2712326749     7.4764211243     5.6130116973
H       12.8215263752     3.3093574299     3.0909606230
H       13.9525389553     2.8594112723     1.0314784169
H       18.4426661168     3.3178652921     1.3719748609
H       13.7069196582     1.1015995378     2.6985764353
H       18.5382562319     1.0923883889     2.3197787559
H       16.4276186319     0.9018439327     7.7959346965
H       14.2586689969     0.9824633857     6.6985924263
H       20.3314314329     2.6799539092     2.7719506110
H       16.1848525271     0.0664859503     5.5391616952
32
# Point 0 Energy = 0
C       20.6477110000     3.6549790000     7.5266840000
H       18.9761800000     3.6157410000     6.1694560000
C       19.4467280000     2.9484220000     6.9016430000
H       18.6922510000     2.7558520000     7.6754250000
H       20.5840390000     1.7980300000     5.4478400000
C       19.8234060000     1.6330100000     6.2209870000
H       18.9571360000     1.1573250000     5.7446630000
H       20.2404540000     0.9200090000     6.9405780000
H       21.4074060000     3.8754920000     6.7676150000
H       21.1161610000     3.0334640000     8.2953550000
H       20.3536290000     4.6012450000     7.9917750000
Si       16.4325060000     3.4077350000     4.3962220000
O       16.3148940000     4.9974300000     4.7394840000
O       17.9393640000     3.0735620000     3.8486780000
O       15.3769370000     2.9960700000     3.2133680000
O       16.1030250000     2.5730330000     5.7606000000
Si       16.5037570000     6.5966350000     4.4017980000
Si       13.9593780000     2.5607940000     2.4984440000
Si       18.8391290000     2.5361430000     2.5740860000
Si       15.7443760000     1.1302530000     6.4733110000
H       17.8913405600     6.8573308000     3.9070238400
H       15.5508605600     6.9622108000     3.2979838400
H       16.2712205600     7.4764908000     5.6136238400
H       12.8237502400     3.3071035200     3.0923555200
H       13.9544302400     2.8581435200     1.0324755200
H       18.4443303200     3.3198514400     1.3715668800
H       13.7106302400     1.1000235200     2.6995155200
H       18.5418503200     1.0943714400     2.3191668800
H       16.4331100800     0.9018602400     7.7959848800
H       14.2637500800     0.9809802400     6.6993448800
H       20.3340103200     2.6832114400     2.7708868800
H       16.1902300800     0.0665002400     5.5392248800
32
# Point 1 Energy = 0.0
C       20.6505166301     3.6582871851     7.5267200130
H       18.9813507990     3.6148887893     6.1719976322
C       19.4513274259     2.9511842367     6.8995925240
H       18.6848538087     2.7546463759     7.6868485892
H       20.5446249341     1.7911302467     5.4932213556
C       19.8364138714     1.6379735047     6.2195645812
H       18.9069693671     1.1300782466     5.7138761863
H       20.2413534338     0.9345142507     6.9277954062
H       21.4168768013     3.8809601061     6.7594210819
H       21.1177720251     3.0399942264     8.2903228202
H       20.3589902074     4.5960063882     7.9871848861
Si       16.4350677168     3.4080237700     4.3964313131
O       16.3164073113     4.9975753320     4.7398803085
O       17.9419762028     3.0749633921     3.8483935116
O       15.3794145928     2.9956728069     3.2139086107
O       16.1066563932     2.5729347103     5.7608751620
Si       16.5039994174     6.5969638046     4.4022653748
Si       13.9619332626     2.5594267485     2.4994021806
Si       18.8417441825     2.5383276569     2.5734406068
Si       15.7492591564     1.1298544975     6.4735654726
H       17.8912283624     6.8587073727     3.9070596408
H       15.5504733367     6.9619337394     3.2987945728
H       16.2712165951     7.4765437193     5.6142419985
H       12.8259588210     3.3048584310     3.0937508294
H       13.9562911299     2.8568952661     1.0334630261
H       18.4459644942     3.3218449107     1.3711237305
H       13.7143174504     1.0984580256     2.7004345153
H       18.5454157144     1.0963569104     2.3185042008
H       16.4386092170     0.9018494886     7.7959959080
H       14.2688332764     0.9794814631     6.7000726817
H       20.3365657106     2.6864639794     2.7697714938
H       16.1955989524     0.0665024185     5.5392451456
32
# Point 2 Energy = 0.0
C       20.6533351877     3.6615375416     7.5267115155
H       18.9865384571     3.6140126959     6.1744940406
C       19.4559287744     2.9539185984     6.8974971541
H       18.6774777035     2.7533861819     7.6982377291
H       20.5056232430     1.7843948138     5.5390444426
C       19.8493950530     1.6429592404     6.2180957790
H       18.8564347143     1.1029930543     5.6835766662
H       20.2424019629     0.9491211857     6.9148990264
H       21.4263416817     3.8863729810     6.7511661947
H       21.1193793779     3.0464538330     8.2852424555
H       20.3643818606     4.5907022864     7.9825766123
Si       16.4376207051     3.4083049990     4.3966184189
O       16.3179175831     4.9977103358     4.7402659254
O       17.9445746734     3.0763578320     3.8480754180
O       15.3818759153     2.9952781168     3.2144307368
O       16.1102860312     2.5728214065     5.7611242635
Si       16.5042399892     6.5972831760     4.4027318555
Si       13.9644677533     2.5580698246     2.5003475914
Si       18.8443359654     2.5405119758     2.5727525914
Si       15.7541420809     1.1294379557     6.4737861939
H       17.8911109200     6.8600745990     3.9070879259
H       15.5500787956     6.9616560359     3.2996128472
H       16.2712203831     7.4765795386     5.6148665383
H       12.8281526843     3.3026218919     3.0951453423
H       13.9581227955     2.8556665768     1.0344400133
H       18.4475696805     3.3238460344     1.3706458752
H       13.7179820973     1.0969028867     2.7013321707
H       18.5489533238     1.0983450098     2.3177908938
H       16.4441154277     0.9018110476     7.7959672656
H       14.2739182771     0.9779664159     6.7007746968
H       20.3390982883     2.6897118064     2.7686053727
H       16.2009592139     0.0664921223     5.5392218074
32
# Point 3 Energy = 0.0
C       20.6561661241     3.6647297523     7.5266591909
H       18.9917426628     3.6131123437     6.1769455406
C       19.4605315703     2.9566247073     6.8953573402
H       18.6701219021     2.7520706467     7.7095924058
H       20.4670333382     1.7778291903     5.5853043464
C       19.8623488900     1.6479665912     6.2165808322
H       18.8055334306     1.0760701602     5.6537693544
H       20.2435985529     0.9638293058     6.9018918833
H       21.4358000141     3.8917306478     6.7428511040
H       21.1209825219     3.0528427151     8.2801147633
H       20.3698028064     4.5853324595     7.9779503811
Si       16.4401651087     3.4085784938     4.3967830814
O       16.3194247766     4.9978347574     4.7406408590
O       17.9471597095     3.0777453206     3.8477238236
O       15.3843214312     2.9948858560     3.2149338023
O       16.1139137713     2.5726926458     5.7613468244
Si       16.5044786620     6.5975929325     4.4031977827
Si       13.9669821416     2.5567231722     2.5012792139
Si       18.8469049933     2.5426962284     2.5720222095
Si       15.7590245432     1.1290027866     6.4739723331
H       17.8909882840     6.8614324761     3.9071094490
H       15.5496771360     6.9613776237     3.3004388265
H       16.2712315166     7.4765978634     5.6154978834
H       12.8303323085     3.3003936718     3.0965378684
H       13.9599262519     2.8544576376     1.0354055253
H       18.4491467745     3.3258552544     1.3701336132
H       13.7216248902     1.0953579932     2.7022071452
H       18.5524639453     1.1003360276     2.3170268864
H       16.4496281667     0.9017441591     7.7958982518
H       14.2790048072     0.9764343695     6.7014496780
H       20.3416086377     2.6929552653     2.7673891889
H       16.2063109303     0.0664689451     5.5391539719
32
# Point 4 Energy = 0.0
C       20.6590088417     3.6678635983     7.5265638723
H       18.9969630849     3.6121874195     6.1793525652
C       19.4651353091     2.9593022654     6.8931736746
H       18.6627855636     2.7506990839     7.7209127223
H       20.4288533623     1.7714383100     5.6319949063
C       19.8752747217     1.6529950051     6.2150201678
H       18.7542679154     1.0493100281     5.6244576951
H       20.2449421726     0.9786380997     6.8887770870
H       21.4452511414     3.8970332222     6.7344767418
H       21.1225808596     3.0591608875     8.2749407748
H       20.3752518343     4.5798967799     7.9733065146
Si       16.4427010895     3.4088440761     4.3969251332
O       16.3209288586     4.9979483639     4.7410051490
O       17.9497316397     3.0791258681     3.8473389396
O       15.3867516483     2.9944959369     3.2154172864
O       16.1175394644     2.5725480276     5.7615424449
Si       16.5047153889     6.5978929074     4.4036634979
Si       13.9694771571     2.5553867013     2.5021960652
Si       18.8494519700     2.5448806735     2.5712498541
Si       15.7639062972     1.1285484581     6.4741231627
H       17.8908605211     6.8627810110     3.9071249879
H       15.5492685848     6.9610984249     3.3012726472
H       16.2712495665     7.4765983379     5.6161364353
H       12.8324982164     3.2981735136     3.0979272131
H       13.9617026026     2.8532685691     1.0363586345
H       18.4506967521     3.3278729746     1.3695873555
H       13.7252465997     1.0938232044     2.7030581595
H       18.5559484455     1.1023302343     2.3162122685
H       16.4551468469     0.9016481517     7.7957882885
H       14.2840925716     0.9748846498     6.7020964542
H       20.3440973980     2.6961946971     2.7661237793
H       16.2116541747     0.0664325192     5.5390408816
32
# Point 5 Energy = 0.0
C       20.6618627310     3.6709389028     7.5264264149
H       19.0021993844     3.6112376391     6.1817155671
C       19.4697394826     2.9619510089     6.8909467732
H       18.6554678323     2.7492708233     7.7321987898
H       20.3910812520     1.7652266220     5.6791097966
C       19.8881718972     1.6580439624     6.2134142503
H       18.7026408109     1.0227130771     5.5956448467
H       20.2464318168     0.9935470740     6.8755577351
H       21.4546943969     3.9022808729     6.7260440684
H       21.1241737835     3.0654084140     8.2697215478
H       20.3807277222     4.5743951623     7.9686453507
Si       16.4452288073     3.4091015795     4.3970444202
O       16.3224297848     4.9980509338     4.7413588443
O       17.9522907934     3.0804995040     3.8469209951
O       15.3891670766     2.9941082760     3.2158806803
O       16.1211629605     2.5723871644     5.7617107396
Si       16.5049501047     6.5981829447     4.4041293475
Si       13.9719535352     2.5540603168     2.5030971716
Si       18.8519776056     2.5470655912     2.5704359396
Si       15.7687871017     1.1280744515     6.4742379735
H       17.8907276800     6.8641202278     3.9071353277
H       15.5488533507     6.9608183645     3.3021144471
H       16.2712740786     7.4765806181     5.6167825972
H       12.8346509324     3.2959611497     3.0993121866
H       13.9634529588     2.8520994837     1.0372984218
H       18.4522205944     3.3298996150     1.3690075313
H       13.7288480095     1.0922983745     2.7038839472
H       18.5594077051     1.1043279200     2.3153471544
H       16.4606708845     0.9015223735     7.7956368184
H       14.2891812805     0.9733165886     6.7027138693
H       20.3465652137     2.6994304727     2.7648100058
H       16.2169890325     0.0663824912     5.5388818010
32
# Point 6 Energy = 0.0
C       20.6647271715     3.6739555312     7.5262476943
H       19.0074512161     3.6102627481     6.1840350179
C       19.4743435803     2.9645707084     6.8886772742
H       18.6481678394     2.7477852120     7.7434507282
H       20.3537147333     1.7591980846     5.7266425317
C       19.9010397756     1.6631129759     6.2117635817
H       18.6506549927     0.9962796847     5.5673336781
H       20.2480665086     1.0085557534     6.8622369134
H       21.4641291065     3.9074738215     6.7175540703
H       21.1257606776     3.0715854078     8.2644581645
H       20.3862292396     4.5688275646     7.9639672409
Si       16.4477484203     3.4093508494     4.3971408019
O       16.3239275014     4.9981422568     4.7417020014
O       17.9548375008     3.0818662756     3.8464702366
O       15.3915682283     2.9937227934     3.2163234876
O       16.1247841097     2.5722096825     5.7618513392
Si       16.5051827275     6.5984628989     4.4045956809
Si       13.9744120165     2.5527439190     2.5039815706
Si       18.8544826157     2.5492512816     2.5695809015
Si       15.7736667214     1.1275802626     6.4743160759
H       17.8905897921     6.8654501671     3.9071412587
H       15.5484316261     6.9605373710     3.3029643642
H       16.2713045757     7.4765443718     5.6174367724
H       12.8367909810     3.2937563033     3.1006916057
H       13.9651784378     2.8509504855     1.0382239781
H       18.4537192859     3.3319356106     1.3683945874
H       13.7324299148     1.0907833524     2.7046832575
H       18.5628426176     1.1063293934     2.3144316833
H       16.4661997004     0.9013661941     7.7954433056
H       14.2942706500     0.9717295253     6.7033007843
H       20.3490127338     2.7026629909     2.7634487535
H       16.2223156016     0.0663185225     5.5386760183
32
# Point 7 Energy = 0.0
C       20.6676015342     3.6769133907     7.5260286043
H       19.0127182291     3.6092625220     6.1863114068
C       19.4789470907     2.9671611694     6.8863658372
H       18.6408847045     2.7462416149     7.7546686642
H       20.3167513248     1.7533561598     5.7745864760
C       19.9138777269     1.6682015913     6.2100687006
H       18.5983135561     0.9700101906     5.5395267711
H       20.2498453025     1.0236636814     6.8488176953
H       21.4735545899     3.9126123421     6.7090077578
H       21.1273409196     3.0776920315     8.2591517293
H       20.3917551496     4.5631939876     7.9592725488
Si       16.4502600850     3.4095917433     4.3972141510
O       16.3254219453     4.9982221343     4.7420346848
O       17.9573720927     3.0832262483     3.8459869276
O       15.3939556170     2.9933394131     3.2167452253
O       16.1284027627     2.5720152231     5.7619638902
Si       16.5054131596     6.5987326356     4.4050628500
Si       13.9768533460     2.5514374031     2.5048483126
Si       18.8569677203     2.5514380633     2.5686851952
Si       15.7785449270     1.1270654028     6.4743568011
H       17.8904468723     6.8667708852     3.9071435743
H       15.5480035868     6.9602553756     3.3038225356
H       16.2713405597     7.4764892798     5.6180993629
H       12.8389188871     3.2915586885     3.1020642954
H       13.9668801615     2.8498216692     1.0391344059
H       18.4551938137     3.3339814089     1.3677489870
H       13.7359931215     1.0892779829     2.7054548568
H       18.5662540874     1.1083349803     2.3134660193
H       16.4717327213     0.9011790060     7.7952072375
H       14.2993604027     0.9701228089     6.7038560794
H       20.3514406111     2.7058926764     2.7620409294
H       16.2276339917     0.0662402904     5.5384228471
32
# Point 8 Energy = 0.0
C       20.6704851826     3.6798124305     7.5257700544
H       19.0180000683     3.6082367658     6.1885452387
C       19.4835495024     2.9697222317     6.8840131416
H       18.6336175369     2.7446394152     7.7658527312
H       20.2801883414     1.7477038092     5.8229348556
C       19.9266851321     1.6733093869     6.2083301805
H       18.5456198021     0.9439049008     5.5122264242
H       20.2517672864     1.0388704214     6.8353031420
H       21.4829701619     3.9176967604     6.7004061622
H       21.1289138823     3.0837284962     8.2538033665
H       20.3973042114     4.5574944755     7.9545616476
Si       16.4527639563     3.4098241305     4.3972643536
O       16.3269130449     4.9982903794     4.7423569656
O       17.9598949000     3.0845795043     3.8454713473
O       15.3963297569     2.9929580629     3.2171454242
O       16.1320187709     2.5718034427     5.7620480557
Si       16.5056412883     6.5989920310     4.4055312072
Si       13.9792782712     2.5501406600     2.5056964616
Si       18.8594336427     2.5536262722     2.5677492949
Si       15.7834214955     1.1265294005     6.4743595021
H       17.8902989202     6.8680824535     3.9071430690
H       15.5475693931     6.9599723124     3.3046890969
H       16.2713815129     7.4764150360     5.6187707681
H       12.8410351749     3.2893680117     3.1034290907
H       13.9685592543     2.8487131202     1.0400288202
H       18.4566451652     3.3360374688     1.3670712085
H       13.7395384439     1.0877821060     2.7061975314
H       18.5696430283     1.1103450224     2.3124503506
H       16.4772693803     0.9009602259     7.7949281247
H       14.3044502678     0.9684957994     6.7043786558
H       20.3538495008     2.7091199783     2.7605874601
H       16.2329443237     0.0661474884     5.5381216274
32
# Point 9 Energy = 0.0
C       20.6733774748     3.6826526415     7.5254729675
H       19.0232963752     3.6071853147     6.1907370331
C       19.4881503051     2.9722537697     6.8816198842
H       18.6263654375     2.7429780154     7.7770030672
H       20.2440229042     1.7422434921     5.8716807756
C       19.9394613835     1.6784359731     6.2065486284
H       18.4925772238     0.9179640907     5.4854346563
H       20.2538315838     1.0541755568     6.8216963026
H       21.4923751344     3.9227274526     6.6917503326
H       21.1304789359     3.0896950619     8.2484142174
H       20.4028751830     4.5517291158     7.9498349175
Si       16.4552601875     3.4100478927     4.3972913089
O       16.3284007209     4.9983468174     4.7426689212
O       17.9624062533     3.0859261423     3.8449237900
O       15.3986911624     2.9925786744     3.2175236290
O       16.1356319871     2.5715740139     5.7621035151
Si       16.5058669871     6.5992409720     4.4060011042
Si       13.9816875413     2.5488535764     2.5065250971
Si       18.8618811081     2.5558162599     2.5667736925
Si       15.7882962107     1.1259718020     6.4743235544
H       17.8901459205     6.8693849582     3.9071405362
H       15.5471291897     6.9596881183     3.3055641808
H       16.2714269005     7.4763213480     5.6194513827
H       12.8431403671     3.2871839721     3.1047848384
H       13.9702168410     2.8476249144     1.0409063499
H       18.4580743271     3.3381042587     1.3663617443
H       13.7430667037     1.0862955583     2.7069100888
H       18.5730103617     1.1123598757     2.3113848890
H       16.4828091180     0.9007092959     7.7946055019
H       14.3095399820     0.9668478696     6.7048674373
H       20.3562400595     2.7123453686     2.7590892899
H       16.2382467297     0.0660398270     5.5377717261
32
# Point 10 Energy = 0.0
C       20.6762777810     3.6854341240     7.5251383580
H       19.0286068198     3.6061080734     6.1928873857
C       19.4927490205     2.9747557432     6.8791868519
H       18.6191275234     2.7412568866     7.7881198809
H       20.2082503988     1.7369767385     5.9208157009
C       19.9522059354     1.6835810425     6.2047247717
H       18.4391895284     0.8921880667     5.4591533258
H       20.2560374541     1.0695786906     6.8080002251
H       21.5017688387     3.9277049150     6.6830414204
H       21.1320354635     3.0955921155     8.2429855284
H       20.4084668247     4.5458981083     7.9450928139
Si       16.4577489819     3.4102629232     4.3972949662
O       16.3298849189     4.9983912870     4.7429706579
O       17.9649065438     3.0872662876     3.8443446206
O       15.4010404156     2.9922011624     3.2178794287
O       16.1392423119     2.5713266335     5.7621300056
Si       16.5060901359     6.5994793570     4.4064729035
Si       13.9840819871     2.5475759939     2.5073333332
Si       18.8643109228     2.5580084024     2.5657589664
Si       15.7931689168     1.1253921819     6.4742484058
H       17.8899878658     6.8706785095     3.9071367908
H       15.5466831343     6.9594027145     3.3064479156
H       16.2714761693     7.4762079453     5.6201415987
H       12.8452350514     3.2850062147     3.1061303983
H       13.9718541389     2.8465570646     1.0417661543
H       18.4594823690     3.3401822509     1.3656211590
H       13.7465788220     1.0848181312     2.7075913871
H       18.5763571125     1.1143799141     2.3102699480
H       16.4883514250     0.9004257125     7.7942389865
H       14.3146293416     0.9651784028     6.7053214062
H       20.3586130213     2.7155693661     2.7575474637
H       16.2435414262     0.0659170407     5.5373726010
32
# Point 11 Energy = 0.0
C       20.6791853724     3.6881565397     7.5247666963
H       19.0339308746     3.6050046906     6.1949964664
C       19.4973449848     2.9772277857     6.8767143358
H       18.6119027655     2.7394751558     7.7992029187
H       20.1728762683     1.7319075990     5.9703411912
C       19.9649179298     1.6887439743     6.2028587487
H       18.3854600914     0.8665768145     5.4333838263
H       20.2583835748     1.0850794587     6.7942178351
H       21.5111504668     3.9326292118     6.6742799942
H       21.1335827647     3.1014195352     8.2375179352
H       20.4140778989     4.5400012081     7.9403353191
Si       16.4602302039     3.4104691221     4.3972750206
O       16.3313653711     4.9984236202     4.7432621265
O       17.9673957627     3.0886000083     3.8437338221
O       15.4033776477     2.9918255830     3.2182122105
O       16.1428493525     2.5710609474     5.7621269864
Si       16.5063104782     6.5997070839     4.4069468894
Si       13.9864619086     2.5463080261     2.5081201592
Si       18.8667233667     2.5602030348     2.5647052184
Si       15.7980391245     1.1247900468     6.4741331698
H       17.8898245933     6.8719631586     3.9071324852
H       15.5462311915     6.9591161456     3.3073404408
H       16.2715287736     7.4760745021     5.6208417968
H       12.8473193752     3.2828346940     3.1074646296
H       13.9734717475     2.8455099403     1.0426072856
H       18.4608697962     3.3422719704     1.3648496134
H       13.7500751108     1.0833498929     2.7082400945
H       18.5796836690     1.1164055050     2.3091053038
H       16.4938955399     0.9001087845     7.7938277991
H       14.3197178167     0.9634867952     6.7057393083
H       20.3609686171     2.7187923434     2.7559624505
H       16.2488281612     0.0657788219     5.5369232825
32
# Point 12 Energy = 0.0
C       20.6820996389     3.6908202359     7.5243592160
H       19.0392682661     3.6038752286     6.1970650546
C       19.5019377805     2.9796700506     6.8742033415
H       18.6046903050     2.7376324724     7.8102525695
H       20.1378921308     1.7270356376     6.0202450349
C       19.9775969418     1.6939246390     6.2009515809
H       18.3313932684     0.8411306339     5.4081271876
H       20.2608694619     1.1006774896     6.7803522237
H       21.5205193902     3.9375010942     6.6654674464
H       21.1351202412     3.1071779960     8.2320129379
H       20.4197071646     4.5340388715     7.9355630650
Si       16.4627041629     3.4106664096     4.3972315471
O       16.3328420795     4.9984436896     4.7435434992
O       17.9698744292     3.0899274774     3.8430919333
O       15.4057035857     2.9914518100     3.2185216775
O       16.1464531040     2.5707767182     5.7620943421
Si       16.5065279171     6.5999240766     4.4074234377
Si       13.9888283089     2.5450494128     2.5088847841
Si       18.8691194189     2.5624005614     2.5636132420
Si       15.8029067927     1.1241650537     6.4739774845
H       17.8896561244     6.8732390606     3.9071284724
H       15.5457735588     6.9588282955     3.3082418618
H       16.2715841316     7.4759208082     5.6215523454
H       12.8493940650     3.2806689427     3.1087864327
H       13.9750710841     2.8444834017     1.0434289868
H       18.4622378592     3.3443738654     1.3640478493
H       13.7535566967     1.0818905345     2.7088552100
H       18.5829912721     1.1184370354     2.3078915289
H       16.4994410422     0.8997581541     7.7933717727
H       14.3248053165     0.9617724813     6.7061202856
H       20.3633077454     2.7220148937     2.7543355417
H       16.2541073160     0.0656249683     5.5364234671
32
# Point 13 Energy = 0.0
C       20.6850200333     3.6934257310     7.5239172583
H       19.0446188008     3.6027198579     6.1990940250
C       19.5065270819     2.9820828222     6.8716549842
H       18.5974893637     2.7357285863     7.8212693133
H       20.1032863497     1.7223589374     6.0705122225
C       19.9902426833     1.6991230412     6.1990044348
H       18.2769934015     0.8158500206     5.3833848736
H       20.2634949225     1.1163724593     6.7664064381
H       21.5298750476     3.9423215046     6.6566052871
H       21.1366473663     3.1128683681     8.2264721585
H       20.4253534285     4.5280117270     7.9307767753
Si       16.4651712705     3.4108547177     4.3971646919
O       16.3343151034     4.9984513801     4.7438149935
O       17.9723431783     3.0912489116     3.8424195842
O       15.4080190809     2.9910796837     3.2188076003
O       16.1500536733     2.5704737329     5.7620320391
Si       16.5067423741     6.6001302698     4.4079029460
Si       13.9911823342     2.5437998119     2.5096264770
Si       18.8715002001     2.5646014348     2.5624839387
Si       15.8077720235     1.1235168865     6.4737810892
H       17.8894824963     6.8745064106     3.9071256365
H       15.5453104530     6.9585390167     3.3091522902
H       16.2716416456     7.4757466756     5.6222736193
H       12.8514599652     3.2785083906     3.1100947461
H       13.9766537147     2.8434772050     1.0442305566
H       18.4635879411     3.3464884032     1.3632166999
H       13.7570248857     1.0804396634     2.7094358138
H       18.5862813449     1.1204749304     2.3066293237
H       16.5049876484     0.8993735289     7.7928708521
H       14.3298918957     0.9600348876     6.7064635693
H       20.3656314404     2.7252377006     2.7526681485
H       16.2593794517     0.0654553030     5.5358729734
32
# Point 14 Energy = 0.0
C       20.6879457236     3.6959725927     7.5234411265
H       19.0499818208     3.6015381871     6.2010834193
C       19.5111120989     2.9844656761     6.8690694138
H       18.5902987698     2.7337625458     7.8322527350
H       20.0690690361     1.7178814457     6.1211486768
C       20.0028541352     1.7043384914     6.1970173175
H       18.2222643403     0.7907346464     5.3591567404
H       20.2662583773     1.1321640558     6.7523834077
H       21.5392165248     3.9470904208     6.6476939167
H       21.1381633372     3.1184904230     8.2208960546
H       20.4310154022     4.5219194430     7.9259762706
Si       16.4676312167     3.4110339855     4.3970740719
O       16.3357840515     4.9984465614     4.7440764942
O       17.9748018064     3.0925643827     3.8417166453
O       15.4103240517     2.9907093371     3.2190693077
O       16.1536505006     2.5701516756     5.7619394608
Si       16.5069535050     6.6003255948     4.4083856383
Si       13.9935240434     2.5425594582     2.5103441966
Si       18.8738657529     2.5668059809     2.5613172751
Si       15.8126341371     1.1228450957     6.4735430206
H       17.8893034552     6.8757652594     3.9071245412
H       15.5448417357     6.9582484203     3.3100718276
H       16.2717007329     7.4755518070     5.6230059490
H       12.8535170150     3.2763531376     3.1113884268
H       13.9782199729     2.8424918518     1.0450110178
H       18.4649203042     3.3486161185     1.3623562038
H       13.7604797134     1.0789974757     2.7099805398
H       18.5895539934     1.1225195598     2.3053183270
H       16.5105344302     0.8989542332     7.7923241653
H       14.3349768339     0.9582734916     6.7067678590
H       20.3679397048     2.7284610859     2.7509605740
H       16.2646440765     0.0652695592     5.5352707392
32
# Point 15 Energy = 0.0
C       20.6908697796     3.6984376557     7.5229121720
H       19.0553473542     3.6003157068     6.2030177157
C       19.5156821088     2.9868009629     6.8664287503
H       18.5831085976     2.7317172104     7.8431858074
H       20.0356793850     1.7137824818     6.1725632250
C       20.0154146372     1.7095530730     6.1949680914
H       18.1672060880     0.7657590176     5.3354005004
H       20.2691254302     1.1480539857     6.7382911062
H       21.5485358075     3.9517842520     6.6387135534
H       21.1396608079     3.1240180242     8.2152637773
H       20.4366894216     4.5157388376     7.9211450318
Si       16.4700696737     3.4112030293     4.3969490800
O       16.3372406411     4.9984276067     4.7443217017
O       17.9772337794     3.0938690670     3.8409686439
O       15.4126003518     2.9903461272     3.2192972739
O       16.1572292199     2.5698069452     5.7618044852
Si       16.5071577264     6.6005087022     4.4088689503
Si       13.9958323364     2.5413402616     2.5110301541
Si       18.8761951593     2.5690096193     2.5600956243
Si       15.8174753560     1.1221454165     6.4732481583
H       17.8891153186     6.8770108978     3.9071205228
H       15.5443627836     6.9579611748     3.3110007803
H       16.2717632335     7.4753325518     5.6237494688
H       12.8555478098     3.2742173857     3.1126638636
H       13.9797467740     2.8415430294     1.0457633863
H       18.4662142096     3.3507568495     1.3614515629
H       13.7638955677     1.0775761572     2.7104783426
H       18.5927829216     1.1245679496     2.3039378112
H       16.5160655510     0.8984903093     7.7917145972
H       14.3400422779     0.9564883892     6.7070206114
H       20.3702125505     2.7316749783     2.7491925707
H       16.2698779405     0.0650643444     5.5345980396
