32
# Point -15 Energy = 0.0
C       20.6636993210     3.6688468238     7.4931262712
H       18.9945045453     3.6357761138     6.1661880970
C       19.4695570351     2.9687363196     6.8942725866
H       18.7122012247     2.7915635095     7.6656068303
H       20.6152903629     1.8019198054     5.4390219828
C       19.8481216400     1.6307795491     6.2098009600
H       18.9700509864     1.1511606334     5.7576332432
H       20.2851536879     0.9028692067     6.9017680624
H       21.4231351925     3.8932608698     6.7341389409
H       21.1336712311     3.0516314029     8.2637028415
H       20.3648966047     4.6136722796     7.9566518950
Si       16.6172904333     3.3568290618     4.3575548974
O       16.3040338525     5.0495008770     4.7430109934
O       17.5157915805     3.1860609271     4.1195735483
O       15.2169949077     2.9429230449     3.1043394118
O       16.0640770077     2.5044722990     5.8164680399
Si       16.4964656610     6.5519139424     4.4210577099
Si       14.0229286987     2.5993530038     2.5012867865
Si       18.9554511767     2.4688253887     2.4853042463
Si       15.7254119521     1.1398390524     6.4755590926
H       17.8881819960     6.8262192877     3.9419269420
H       15.5549664455     6.9486259294     3.3094686334
H       16.2533105285     7.4374717536     5.6371958487
H       12.8367836025     3.3415850503     3.0584017448
H       14.0018221428     2.9014359663     1.0173126579
H       18.4841495326     3.2905156594     1.3902503285
H       13.7013765343     1.1288783206     2.6581024953
H       18.5784457201     1.0774818873     2.3347577689
H       16.3982980710     0.9177210325     7.8128668050
H       14.2362448434     0.9760112656     6.7008874078
H       20.3619239485     2.6615839668     2.7956798695
H       16.1737501331     0.0558377696     5.5642484212
32
# Point -14 Energy = 0.0
C       20.6616774433     3.6672132455     7.4967979606
H       18.9929213853     3.6343181510     6.1670911863
C       19.4672404060     2.9669904928     6.8954863016
H       18.7096942660     2.7887090553     7.6665993264
H       20.6128660531     1.8014513780     5.4405396515
C       19.8457578175     1.6306490031     6.2110904653
H       18.9685783117     1.1515550282     5.7567827707
H       20.2810534592     0.9034711582     6.9049409384
H       21.4215084236     3.8914520400     6.7382078901
H       21.1311090385     3.0494476340     8.2673047087
H       20.3631119040     4.6120620088     7.9605280014
Si       16.6054406693     3.3610309675     4.3593654531
O       16.3064873685     5.0475305370     4.7426124982
O       17.5459460721     3.1802556166     4.1038588610
O       15.2277082922     2.9461991883     3.1106172274
O       16.0686582275     2.5091734906     5.8129600760
Si       16.4982237755     6.5562261380     4.4185204629
Si       14.0182084236     2.5956647890     2.5016237641
Si       18.9460706029     2.4742584008     2.4900454067
Si       15.7285386040     1.1389185051     6.4747197736
H       17.8893557366     6.8296391432     3.9374324195
H       15.5552752542     6.9499392504     3.3076758659
H       16.2562168033     7.4421262096     5.6339349831
H       12.8355094973     3.3376549180     3.0622265201
H       13.9962749469     2.8966216994     1.0187068450
H       18.4796658022     3.2938086819     1.3877196629
H       13.7026128023     1.1255778121     2.6625517815
H       18.5743072383     1.0791652842     2.3326313210
H       16.4028426309     0.9152926986     7.8106988914
H       14.2399674678     0.9762391846     6.7004250823
H       20.3589483461     2.6638708382     2.7924783424
H       16.1762035303     0.0567894521     5.5609909210
32
# Point -13 Energy = 0.0
C       20.6597823429     3.6656281850     7.5002976239
H       18.9913906446     3.6328674938     6.1679176832
C       19.4650235858     2.9652736708     6.8966115250
H       18.7073336583     2.7858954757     7.6675501649
H       20.6104706098     1.8009895983     5.4419314845
C       19.8434689590     1.6305353479     6.2123021639
H       18.9671637809     1.1519478213     5.7559185457
H       20.2770696760     0.9041114660     6.9080223663
H       21.4199625839     3.8896792084     6.7420555980
H       21.1287224108     3.0473331972     8.2707207832
H       20.3614748894     4.6105083563     7.9642288196
Si       16.5935334706     3.3651667407     4.3612794898
O       16.3087069333     5.0453879011     4.7422117740
O       17.5758396172     3.1742446051     4.0877570421
O       15.2384370346     2.9495107622     3.1170184065
O       16.0729869891     2.5139016533     5.8093985245
Si       16.4997902657     6.5603911660     4.4161312887
Si       14.0135689021     2.5920692589     2.5019362681
Si       18.9369184805     2.4795957854     2.4949395976
Si       15.7314314801     1.1380828606     6.4739564112
H       17.8903713398     6.8329221674     3.9331984893
H       15.5554726743     6.9512321662     3.3060178652
H       16.2588777189     7.4465241829     5.6308899305
H       12.8343069137     3.3338904436     3.0658729997
H       13.9910520860     2.8919775245     1.0200895210
H       18.4754351059     3.2969468415     1.3853549102
H       13.7038094348     1.1224151941     2.6668435420
H       18.5704060918     1.0808090543     2.3306472568
H       16.4071164600     0.9131046516     7.8086473894
H       14.2434551256     0.9765335126     6.7000115152
H       20.3561227223     2.6660751662     2.7894702131
H       16.1784786126     0.0577505411     5.5579361667
32
# Point -12 Energy = 0.0
C       20.6580177244     3.6641022950     7.5036161636
H       18.9899125705     3.6314261184     6.1686623160
C       19.4629103478     2.9635913325     6.8976440785
H       18.7051254389     2.7831284575     7.6684575500
H       20.6081076069     1.8005387671     5.4431940458
C       19.8412608328     1.6304430676     6.2134348454
H       18.9658130217     1.1523396511     5.7550426095
H       20.2732120031     0.9047979262     6.9110125103
H       21.4184990800     3.8879528628     6.7456704907
H       21.1265185016     3.0453022684     8.2739428316
H       20.3599878336     4.6090225635     7.9677431022
Si       16.5815655909     3.3692264560     4.3632996686
O       16.3106880189     5.0430647613     4.7418155122
O       17.6054672346     3.1680204533     4.0712809141
O       15.2491774177     2.9528590587     3.1235463491
O       16.0770545701     2.5186480125     5.8057894914
Si       16.5011659651     6.5644007558     4.4138981661
Si       14.0090098117     2.5885794881     2.5022115989
Si       18.9279953517     2.4848291765     2.4999922477
Si       15.7340819625     1.1373234712     6.4732753673
H       17.8912322865     6.8360572332     3.9292376653
H       15.5555641204     6.9524975952     3.3044978139
H       16.2612917714     7.4506589180     5.6280674202
H       12.8331735270     3.3303047056     3.0693272736
H       13.9861615602     2.8875240621     1.0214489572
H       18.4714592705     3.2999224144     1.3831618663
H       13.7049584123     1.1194019054     2.6709585220
H       18.5667429560     1.0824046160     2.3288109644
H       16.4111074648     0.9111486268     7.8067211957
H       14.2466986141     0.9768836733     6.6996482703
H       20.3534486637     2.6681888724     2.7866644950
H       16.1805710688     0.0587124340     5.5550910570
32
# Point -11 Energy = 0.0
C       20.6563868869     3.6626468564     7.5067448494
H       18.9884872774     3.6299961515     6.1693198560
C       19.4609043197     2.9619492659     6.8985799823
H       18.7030753960     2.7804139206     7.6693197507
H       20.6057809826     1.8001035819     5.4443244402
C       19.8391394512     1.6303769678     6.2144876850
H       18.9645320832     1.1527312525     5.7541572445
H       20.2694903549     0.9055388098     6.9139120723
H       21.4171190196     3.8862842013     6.7490415058
H       21.1245040262     3.0433698103     8.2769631403
H       20.3586523220     4.6076164892     7.9710598130
Si       16.5695340699     3.3731996161     4.3654282828
O       16.3124265444     5.0405523152     4.7414302320
O       17.6348245737     3.1615752825     4.0544431928
O       15.2599252211     2.9562452509     3.1302047647
O       16.0808526478     2.5234031339     5.8021388476
Si       16.5023521814     6.5682460061     4.4118289084
Si       14.0045300674     2.5852094271     2.5024372565
Si       18.9193018674     2.4899498775     2.5052082599
Si       15.7364816806     1.1366310588     6.4726826603
H       17.8919425004     6.8390325684     3.9255622353
H       15.5555553990     6.9537278479     3.3031188246
H       16.2634579718     7.4545229777     5.6254740181
H       12.8321067322     3.3269117476     3.0725764280
H       13.9816101397     2.8832832973     1.0227738457
H       18.4677402008     3.3027273576     1.3811458412
H       13.7060505352     1.1165501884     2.6748773129
H       18.5633187130     1.0839430684     2.3271271202
H       16.4148037877     0.9094156112     7.8049288114
H       14.2496889580     0.9772785845     6.6993365808
H       20.3509279511     2.6702035297     2.7840694869
H       16.1824767375     0.0596659459     5.5524621105
32
# Point -10 Energy = 0.0
C       20.6548926869     3.6612737338     7.5096753814
H       18.9871147425     3.6285798605     6.1698851501
C       19.4590089582     2.9603535440     6.8994154846
H       18.7011890297     2.7777579908     7.6701351113
H       20.6034950325     1.7996891234     5.4453203490
C       19.8371110475     1.6303421590     6.2154602591
H       18.9633274225     1.1531234555     5.7532649675
H       20.2659148492     0.9063428326     6.9167223004
H       21.4158231912     3.8846850918     6.7521581754
H       21.1226852030     3.0415515129     8.2797745757
H       20.3574692129     4.6063025616     7.9741681991
Si       16.5574362639     3.3770751817     4.3676672313
O       16.3139189039     5.0378411962     4.7410622383
O       17.6639079428     3.1549008204     4.0372564156
O       15.2706757167     2.9596703456     3.1369976573
O       16.0843733550     2.5281569481     5.7984521987
Si       16.5033507049     6.5719174135     4.4099311139
Si       14.0001277973     2.5819738772     2.5026009985
Si       18.9108387923     2.4949488958     2.5105919545
Si       15.7386225748     1.1359957400     6.4721839410
H       17.8925063430     6.8418357890     3.9221841885
H       15.5554527015     6.9549146452     3.3018839080
H       16.2653758675     7.4581082776     5.6231160774
H       12.8311036431     3.3237265304     3.0756086415
H       13.9774032817     2.8792785383     1.0240533735
H       18.4642798599     3.3053533542     1.3793116181
H       13.7070754449     1.1138730556     2.6785804096
H       18.5601344462     1.0854152322     2.3255996436
H       16.4181938880     0.9078958733     7.8032783078
H       14.2524174795     0.9777066778     6.6990773476
H       20.3485625579     2.6721104048     2.7816927025
H       16.1841916594     0.0606013371     5.5500554390
32
# Point -9 Energy = 0.0
C       20.6535375026     3.6599953256     7.5123999529
H       18.9857948012     3.6271796420     6.1703531558
C       19.4572275234     2.9588104974     6.9001470909
H       18.6994715112     2.7751669697     7.6709020621
H       20.6012543987     1.7993008378     5.4461800625
C       19.8351820496     1.6303440367     6.2163525600
H       18.9622058859     1.1535171837     5.7523685207
H       20.2624957558     0.9072191193     6.9194449955
H       21.4146120429     3.8831680240     6.7550107094
H       21.1210676973     3.0398637271     8.2823706434
H       20.3564386012     4.6050937232     7.9770578631
Si       16.5452698734     3.3808416079     4.3700179939
O       16.3151619920     5.0349215098     4.7407175777
O       17.6927143335     3.1479884529     4.0197328696
O       15.2814236681     2.9631351356     3.1439293054
O       16.0876093360     2.5328987817     5.7947348570
Si       16.5041638146     6.5754049077     4.4082121155
Si       13.9958003232     2.5788884576     2.5026908997
Si       18.9026070082     2.4998169805     2.5161470148
Si       15.7404969617     1.1354070574     6.4717844711
H       17.8929286054     6.8444539379     3.9191151393
H       15.5552625920     6.9560491432     3.3007959403
H       16.2670455623     7.4614061268     5.6209996860
H       12.8301610923     3.3207648759     3.0784132795
H       13.9735450552     2.8755343630     1.0252772977
H       18.4610802472     3.3077918620     1.3776634125
H       13.7080216579     1.1113842500     2.6820482712
H       18.5571914339     1.0868116948     2.3242316534
H       16.4212666257     0.9065789969     7.8017772928
H       14.2548758700     0.9781559225     6.6988711421
H       20.3463546475     2.6739005044     2.7795408012
H       16.1857121303     0.0615083450     5.5478767227
32
# Point -8 Energy = 0.0
C       20.6523231986     3.6588245068     7.5149113116
H       18.9845271434     3.6257980088     6.1707189763
C       19.4555630524     2.9573266838     6.9007715935
H       18.6979276418     2.7726473026     7.6716191311
H       20.5990640554     1.7989445152     5.4469025101
C       19.8333590492     1.6303882593     6.2171650076
H       18.9611746851     1.1539134526     5.7514708631
H       20.2592434411     0.9081771649     6.9220825132
H       21.4134856641     3.8817460538     6.7575900759
H       21.1196565639     3.0383233897     8.2847455446
H       20.3555597857     4.6040033696     7.9797188367
Si       16.5330329700     3.3844868854     4.3724816095
O       16.3161532276     5.0317828770     4.7404019970
O       17.7212414395     3.1408292804     4.0018845184
O       15.2921633343     2.9666401519     3.1510042407
O       16.0905538010     2.5376173945     5.7909918158
Si       16.5047942826     6.5786978916     4.4066789284
Si       13.9915441504     2.5759695655     2.5026954130
Si       18.8946075141     2.5045446644     2.5218764351
Si       15.7420976011     1.1348540155     6.4714891038
H       17.8932144960     6.8468735290     3.9163662472
H       15.5549919927     6.9571219601     3.2998576305
H       16.2684677363     7.4644072770     5.6191306122
H       12.8292756355     3.3180433994     3.0809809851
H       13.9700380760     2.8720765541     1.0264360198
H       18.4581433744     3.3100341655     1.3762048328
H       13.7088766141     1.1090982001     2.6852613838
H       18.5544911394     1.0881228580     2.3230254260
H       16.4240113472     0.9054539226     7.8004328793
H       14.2570562631     0.9786138538     6.6987182107
H       20.3443065680     2.6755646245     2.7776195204
H       16.1870347560     0.0623762224     5.5459311868
32
# Point -7 Energy = 0.0
C       20.6512510933     3.6577745660     7.5172028203
H       18.9833113098     3.6244375750     6.1709778967
C       19.4540183328     2.9559088542     6.9012860997
H       18.6965618127     2.7702055453     7.6722849557
H       20.5969292889     1.7986262648     5.4474872869
C       19.8316487679     1.6304807221     6.2178984599
H       18.9602413687     1.1543133667     5.7505751590
H       20.2561683079     0.9092267900     6.9246377635
H       21.4124437673     3.8804327402     6.7598880797
H       21.1184561924     3.0369479407     8.2868942297
H       20.3548312403     4.6030452822     7.9821416532
Si       16.5207240199     3.3879985877     4.3750586586
O       16.3168905748     5.0284144832     4.7401209014
O       17.7494876702     3.1334141810     3.9837229300
O       15.3028884770     2.9701856171     3.1582272240
O       16.0932005783     2.5423010219     5.7872277253
Si       16.5052453751     6.5817852880     4.4053381965
Si       13.9873549632     2.5732343287     2.5026034296
Si       18.8868414253     2.5091223102     2.5277824716
Si       15.7434177619     1.1343251223     6.4713022671
H       17.8933696256     6.8490805947     3.9139481350
H       15.5546481645     6.9581232100     3.2990714874
H       16.2696436647     7.4671019776     5.6175142487
H       12.8284435579     3.3155794323     3.0833037668
H       13.9668834517     2.8689320224     1.0275206593
H       18.4554712401     3.3120714309     1.3749388409
H       13.7096267381     1.1070299706     2.6882003258
H       18.5520351982     1.0893389902     2.3219823562
H       16.4264179718     0.9045089941     7.7992516561
H       14.2589513081     0.9790676051     6.6986184844
H       20.3424208448     2.6770934029     2.7759336085
H       16.1881565066     0.0631937817     5.5442235823
32
# Point -6 Energy = 0.0
C       20.6503219280     3.6568591369     7.5192685144
H       18.9821466876     3.6231010396     6.1711254213
C       19.4525958761     2.9545639178     6.9016880599
H       18.6953779648     2.7678483286     7.6728982947
H       20.5948556745     1.7983524855     5.4479346760
C       19.8300580192     1.6306275299     6.2185542204
H       18.9594137883     1.1547181169     5.7496847665
H       20.2532807313     0.9103780949     6.9271142060
H       21.4114856716     3.8792420761     6.7618974369
H       21.1174702543     3.0357552347     8.2888124487
H       20.3542505902     4.6022335545     7.9843174200
Si       16.5083419044     3.3913639233     4.3777492491
O       16.3173725623     5.0248051328     4.7398793150
O       17.7774521584     3.1257338768     3.9652592054
O       15.3135923729     2.9737713992     3.1656032182
O       16.0955441636     2.5469374233     5.7834468717
Si       16.5055208509     6.5846555906     4.4041961398
Si       13.9832276309     2.5707005520     2.5024043401
Si       18.8793099688     2.5135401584     2.5338665980
Si       15.7444512877     1.1338084357     6.4712279505
H       17.8933999892     6.8510607393     3.9118708040
H       15.5542386851     6.9590425392     3.2984397878
H       16.2705752359     7.4694800380     5.6161555554
H       12.8276608825     3.3133909353     3.0853750802
H       13.9640807390     2.8661287182     1.0285231262
H       18.4530658012     3.3138947628     1.3738677161
H       13.7102575159     1.1051952081     2.6908458342
H       18.5498254026     1.0904502799     2.3211029218
H       16.4284770790     0.9037320099     7.7982396614
H       14.2605542428     0.9795039446     6.6985715903
H       20.3407001711     2.6784773736     2.7744867628
H       16.1890747702     0.0639494433     5.5427581674
32
# Point -5 Energy = 0.0
C       20.6495358382     3.6560921244     7.5211031561
H       18.9810325080     3.6217911694     6.1711573091
C       19.4512978911     2.9532989034     6.9019752938
H       18.6943795498     2.7655823221     7.6734580408
H       20.5928490488     1.7981298342     5.4482456672
C       19.8285936677     1.6308349668     6.2191340427
H       18.9587000599     1.1551289776     5.7488032247
H       20.2505909911     0.9116414090     6.9295158417
H       21.4106102882     3.8781884128     6.7636118439
H       21.1167016526     3.0347634462     8.2904967966
H       20.3538145931     4.6015825147     7.9862378873
Si       16.4958859378     3.3945697920     4.3805530059
O       16.3175982988     5.0209433095     4.7396818431
O       17.8051347613     3.1177790049     3.9465039093
O       15.3242678293     2.9773969670     3.1731373589
O       16.0975797658     2.5515139353     5.7796531596
Si       16.5056249576     6.5872969206     4.4032585015
Si       13.9791562213     2.5683866548     2.5020880933
Si       18.8720144764     2.5177883798     2.5401294644
Si       15.7451926603     1.1332916154     6.4712696937
H       17.8933119450     6.8527991949     3.9101435495
H       15.5537714237     6.9598691681     3.2979645451
H       16.2712649690     7.4715308949     5.6150590032
H       12.8269233832     3.3114964006     3.0871899045
H       13.9616279152     2.8636955320     1.0294361894
H       18.4509289435     3.3154952641     1.3729930209
H       13.7107535840     1.1036100826     2.6931788736
H       18.5478636827     1.0914468930     2.3203866519
H       16.4301799926     0.9031102808     7.7974023588
H       14.2618589640     0.9799093158     6.6985768667
H       20.3391473948     2.6797070234     2.7732815699
H       16.1897874054     0.0646312900     5.5415386928
32
# Point -4 Energy = 0.0
C       20.6488923290     3.6554876274     7.5227022846
H       18.9799678421     3.6205107804     6.1710696104
C       19.4501262584     2.9521209200     6.9021460150
H       18.6935694927     2.7634141976     7.6739632329
H       20.5909154777     1.7979651911     5.4484219703
C       19.8272625856     1.6311094644     6.2196401334
H       18.9581085209     1.1555473035     5.7479342398
H       20.2481092020     0.9130272387     6.9318472008
H       21.4098161082     3.8772863789     6.7650260414
H       21.1161524755     3.0339909700     8.2919447537
H       20.3535191257     4.6011066434     7.9878955154
Si       16.4833558805     3.3976028463     4.3834690655
O       16.3175674865     5.0168172407     4.7395326378
O       17.8325360548     3.1095401913     3.9274670024
O       15.3349072061     2.9810613484     3.1808349234
O       16.0993033486     2.5560175300     5.7758500963
Si       16.5055624263     6.5896970866     4.4025304966
Si       13.9751340239     2.5663116040     2.5016452555
Si       18.8649563757     2.5218571283     2.5465708622
Si       15.7456370601     1.1327619778     6.4714305794
H       17.8931121911     6.8542808802     3.9087748755
H       15.5532545127     6.9605919368     3.2976474811
H       16.2717160314     7.4732436851     5.6142285182
H       12.8262265988     3.3099147465     3.0887448111
H       13.9595213631     2.8616621832     1.0302535437
H       18.4490624504     3.3168640959     1.3723155697
H       13.7110988337     1.1022912256     2.6951807050
H       18.5461520841     1.0923190307     2.3198320995
H       16.4315188638     0.9026306913     7.7967446167
H       14.2628600960     0.9802698814     6.6986333813
H       20.3377655040     2.6807728491     2.7723194515
H       16.1902927908     0.0652271254     5.5405683898
32
# Point -3 Energy = 0.0
C       20.6483902529     3.6550598578     7.5240622614
H       18.9789515990     3.6192627186     6.1708587008
C       19.4490825052     2.9510371161     6.9021988535
H       18.6929501569     2.7613505926     7.6744130681
H       20.5890612212     1.7978656222     5.4484660232
C       19.8260716058     1.6314575690     6.2200751505
H       18.9576476830     1.1559745265     5.7470816707
H       20.2458452414     0.9145462133     6.9341133267
H       21.4091011915     3.8765507954     6.7661358704
H       21.1158239537     3.0334563183     8.2931547204
H       20.3533591764     4.6008204887     7.9892835366
Si       16.4707519492     3.4004495559     4.3864960747
O       16.3172804300     5.0124149661     4.7394353660
O       17.8596573210     3.1010081279     3.9081577776
O       15.3455024407     2.9847630905     3.1887012972
O       16.1007116663     2.5604348774     5.7720407803
Si       16.5053384634     6.5918436488     4.4020167633
Si       13.9711535826     2.5644948388     2.5010670662
Si       18.8581371776     2.5257365967     2.5531896935
Si       15.7457804230     1.1322065563     6.4717132279
H       17.8928077410     6.8554904628     3.9077724121
H       15.5526963179     6.9611993551     3.2974899988
H       16.2719322549     7.4746073223     5.6136674285
H       12.8255658512     3.3086652014     3.0900380240
H       13.9577558720     2.8600590998     1.0309698717
H       18.4474679696     3.3179925393     1.3718354013
H       13.7112765271     1.1012556647     2.6968329568
H       18.5446927425     1.0930569894     2.3194368198
H       16.4324867487     0.9022797649     7.7962706902
H       14.2635530543     0.9805715711     6.6987399514
H       20.3365576082     2.6816654159     2.7716006158
H       16.1905898718     0.0657245364     5.5398499606
32
# Point -2 Energy = 0.0
C       20.6480277918     3.6548230580     7.5251803102
H       18.9779825226     3.6180498405     6.1705213142
C       19.4481677818     2.9500546383     6.9021328754
H       18.6925233103     2.7593980732     7.6748069130
H       20.5872926940     1.7978383413     5.4483809954
C       19.8250274742     1.6318859075     6.2204421997
H       18.9573261802     1.1564121529     5.7462495133
H       20.2438086756     0.9162090300     6.9363197568
H       21.4084631596     3.8759965881     6.7669383210
H       21.1157164225     3.0331780157     8.2941260448
H       20.3533288440     4.6007385791     7.9903960124
Si       16.4580748222     3.4030962752     4.3896321928
O       16.3167380436     5.0077244092     4.7393931821
O       17.8865005288     3.0921736497     3.8885847992
O       15.3560450785     2.9885002230     3.1967419391
O       16.1018022943     2.5647524115     5.7682278924
Si       16.5049587409     6.5937239860     4.4017213168
Si       13.9672067378     2.5629561908     2.5003454922
Si       18.8515584617     2.5294170719     2.5599839473
Si       15.7456194914     1.1316121638     6.4721197959
H       17.8924058972     6.8564124219     3.9071428347
H       15.5521054067     6.9616796558     3.2974931599
H       16.2719181528     7.4756105776     5.6133784145
H       12.8249362659     3.3077671812     3.0910694707
H       13.9563246549     2.8589172870     1.0315809017
H       18.4461469797     3.3188720560     1.3715517552
H       13.7112694268     1.1005207555     2.6981176951
H       18.5434878546     1.0936512209     2.3191973526
H       16.4330776812     0.9020437332     7.7959842073
H       14.2639341039     0.9808001319     6.6988951663
H       20.3355269183     2.6823754141     2.7711240161
H       16.1906782019     0.0661109592     5.5393855720
32
# Point -1 Energy = 0.0
C       20.6478024431     3.6547914166     7.5260545489
H       18.9770591902     3.6168749934     6.1700545730
C       19.4473828390     2.9491805902     6.9019476002
H       18.6922900964     2.7575630994     7.6751443154
H       20.5856164232     1.7978906693     5.4481707845
C       19.8241367995     1.6324011534     6.2207448271
H       18.9571527152     1.1568617609     5.7454418850
H       20.2420086867     0.9180263987     6.9384724991
H       21.4078991894     3.8756386969     6.7674315710
H       21.1158292896     3.0331744927     8.2948590433
H       20.3534213428     4.6008753355     7.9912278850
Si       16.4453256405     3.4055293135     4.3928750995
O       16.3159418535     5.0027334511     4.7394087039
O       17.9130683067     3.0830278130     3.8687558466
O       15.3665263076     2.9922702253     3.2049623447
O       16.1025736519     2.5689563991     5.7644136903
Si       16.5044293862     6.5953253647     4.4016475082
Si       13.9632846781     2.5617157976     2.4994732791
Si       18.8452218598     2.5328889915     2.5669506810
Si       15.7451518595     1.1309654583     6.4726519771
H       17.8919142242     6.8570311130     3.9068917885
H       15.5514905151     6.9620208518     3.2976576645
H       16.2716789352     7.4762421609     5.6133634640
H       12.8243327948     3.3072401591     3.0918408232
H       13.9552193820     2.8582681886     1.0320834601
H       18.4451007559     3.3194943491     1.3714630529
H       13.7110599350     1.1001041118     2.6990174955
H       18.5425396466     1.0940923920     2.3191092121
H       16.4332867372     0.9019086072     7.7958881578
H       14.2640004117     0.9809411812     6.6990974108
H       20.3346767232     2.6828937162     2.7708873155
H       16.1905579802     0.0663737480     5.5391768521
32
# Point 0 Energy = 0
C       20.6477110000     3.6549790000     7.5266840000
H       18.9761800000     3.6157410000     6.1694560000
C       19.4467280000     2.9484220000     6.9016430000
H       18.6922510000     2.7558520000     7.6754250000
H       20.5840390000     1.7980300000     5.4478400000
C       19.8234060000     1.6330100000     6.2209870000
H       18.9571360000     1.1573250000     5.7446630000
H       20.2404540000     0.9200090000     6.9405780000
H       21.4074060000     3.8754920000     6.7676150000
H       21.1161610000     3.0334640000     8.2953550000
H       20.3536290000     4.6012450000     7.9917750000
Si       16.4325060000     3.4077350000     4.3962220000
O       16.3148940000     4.9974300000     4.7394840000
O       17.9393640000     3.0735620000     3.8486780000
O       15.3769370000     2.9960700000     3.2133680000
O       16.1030250000     2.5730330000     5.7606000000
Si       16.5037570000     6.5966350000     4.4017980000
Si       13.9593780000     2.5607940000     2.4984440000
Si       18.8391290000     2.5361430000     2.5740860000
Si       15.7443760000     1.1302530000     6.4733110000
H       17.8913405600     6.8573308000     3.9070238400
H       15.5508605600     6.9622108000     3.2979838400
H       16.2712205600     7.4764908000     5.6136238400
H       12.8237502400     3.3071035200     3.0923555200
H       13.9544302400     2.8581435200     1.0324755200
H       18.4443303200     3.3198514400     1.3715668800
H       13.7106302400     1.1000235200     2.6995155200
H       18.5418503200     1.0943714400     2.3191668800
H       16.4331100800     0.9018602400     7.7959848800
H       14.2637500800     0.9809802400     6.6993448800
H       20.3340103200     2.6832114400     2.7708868800
H       16.1902300800     0.0665002400     5.5392248800
32
# Point 1 Energy = 0.0
C       20.6477498129     3.6553978089     7.5270680069
H       18.9753429263     3.6146504397     6.1687235269
C       19.4462028096     2.9477849108     6.9012189419
H       18.6924056726     2.7542700241     7.6756484767
H       20.5825655628     1.7982631196     5.4473923079
C       19.8228399776     1.6337184450     6.2211716407
H       18.9572829999     1.1578036364     5.7439157479
H       20.2391514219     0.9221661174     6.9426411040
H       21.4069799581     3.8755693964     6.7674884523
H       21.1167092370     3.0340619582     8.2956150445
H       20.3539442097     4.6018595773     7.9920341914
Si       16.4196169136     3.4097018579     4.3996704204
O       16.3135967361     4.9918042426     4.7396211342
O       17.9653903388     3.0637696942     3.8283581935
O       15.3872682787     2.9998953384     3.2219646515
O       16.1031560356     2.5769703128     5.7567890440
Si       16.5029486215     6.5976422075     4.4021750812
Si       13.9554785308     2.5602081304     2.4972515774
Si       18.8332806495     2.5391713600     2.5813863187
Si       15.7432915209     1.1294631461     6.4740985005
H       17.8906930311     6.8572973236     3.9075426913
H       15.5502246608     6.9622395046     3.2984719657
H       16.2705500276     7.4763476153     5.6141603041
H       12.8231835318     3.3073723956     3.0926165464
H       13.9539486032     2.8585705139     1.0327554124
H       18.4438362520     3.3199366616     1.3718607451
H       13.7099660169     1.1002936332     2.6995963496
H       18.5414215892     1.0944808913     2.3193651433
H       16.4325455825     0.9018864440     7.7962767808
H       14.2631825050     0.9809041162     6.6996367765
H       20.3335301219     2.6833213571     2.7711193324
H       16.1896964643     0.0664798199     5.5395309499
32
# Point 2 Energy = 0.0
C       20.6479146887     3.6560596894     7.5272064970
H       18.9745457784     3.6136058724     6.1678553611
C       19.4458064577     2.9472752960     6.9006755741
H       18.6927532586     2.7528223311     7.6758143476
H       20.5812011917     1.7985968432     5.4468318002
C       19.8224434044     1.6345324968     6.2213018986
H       18.9576005866     1.1582995234     5.7432030305
H       20.2381073207     0.9245069958     6.9446668618
H       21.4066170542     3.8758836549     6.7670525619
H       21.1174709467     3.0349835775     8.2956409059
H       20.3543587203     4.6027308710     7.9920028994
Si       16.4066596752     3.4114185080     4.4032175960
O       16.3120527910     4.9858464543     4.7398217919
O       17.9911506663     3.0536447734     3.8078030041
O       15.3975110666     3.0037415026     3.2307580005
O       16.1029670123     2.5807564335     5.7529827354
Si       16.5020117263     6.5983363023     4.4027805457
Si       13.9515778595     2.5599755000     2.4958906118
Si       18.8276774580     2.5419665760     2.5888474027
Si       15.7418986071     1.1285842607     6.4750157644
H       17.8899800211     6.8569164098     3.9084511995
H       15.5495921370     6.9620969233     3.2991221205
H       16.2696750618     7.4758038019     5.6149730871
H       12.8226276032     3.3080615430     3.0926282472
H       13.9537649749     2.8595763538     1.0329224658
H       18.4436188410     3.3197437244     1.3723416243
H       13.7090532031     1.1009291207     2.6992450258
H       18.5412550221     1.0944135794     2.3196981020
H       16.4315918295     0.9019749867     7.7967657648
H       14.2622977082     0.9806996161     6.6999721483
H       20.3332384073     2.6832165187     2.7715804343
H       16.1889595206     0.0663019598     5.5400959499
32
# Point 3 Energy = 0.0
C       20.6482005979     3.6569779845     7.5271008713
H       18.9737865000     3.6126099785     6.1668501990
C       19.4455380965     2.9468998115     6.9000140794
H       18.6932924815     2.7515147802     7.6759228511
H       20.5799523834     1.7990385714     5.4461648026
C       19.8222219499     1.6354587626     6.2213827339
H       18.9580972010     1.1588145321     5.7425292357
H       20.2373288829     0.9270419998     6.9466626463
H       21.4063128222     3.8764490377     6.7663098394
H       21.1184420238     3.0362461344     8.2954363170
H       20.3548626922     4.6038722287     7.9916794532
Si       16.3936369897     3.4128716795     4.4068596613
O       16.3102659061     4.9795449407     4.7400865722
O       18.0166496262     3.0431797202     3.7870169161
O       15.4076555549     3.0076036708     3.2397534052
O       16.1024594305     2.5843776125     5.7491818313
Si       16.5009540432     6.5987046560     4.4036151068
Si       13.9476655262     2.5601165759     2.4943570598
Si       18.8223210703     2.5445200931     2.5964630271
Si       15.7401980598     1.1276030057     6.4760628444
H       17.8892098383     6.8561723753     3.9097507226
H       15.5489720926     6.9617707294     3.2999337113
H       16.2686036389     7.4748484644     5.6160614180
H       12.8220771238     3.3091893657     3.0923988647
H       13.9538661293     2.8611928296     1.0329779882
H       18.4436783233     3.3192657245     1.3730050686
H       13.7078744935     1.1019479835     2.6984464533
H       18.5413526083     1.0941614770     2.3201576790
H       16.4302478753     0.9021116582     7.7974524626
H       14.2610962876     0.9803524019     6.7003487978
H       20.3331385170     2.6828888955     2.7722631625
H       16.1880218339     0.0659543190     5.5409195783
32
# Point 4 Energy = 0.0
C       20.6486018093     3.6581656423     7.5267534600
H       18.9730628561     3.6116653520     6.1657072030
C       19.4453963983     2.9466649116     6.8992361110
H       18.6940213464     2.7503530039     7.6759744295
H       20.5788255278     1.7995956400     5.4453982786
C       19.8221809184     1.6365037616     6.2214194702
H       18.9587810836     1.1593506036     5.7418987956
H       20.2368225996     0.9297812938     6.9486361576
H       21.4060623494     3.8772794406     6.7652640117
H       21.1196173590     3.0378663866     8.2950059580
H       20.3554454874     4.6052965361     7.9910631706
Si       16.3805519722     3.4140483671     4.4105923460
O       16.3082404021     4.9728882851     4.7404154956
O       18.0418924033     3.0323675922     3.7660035696
O       15.4176917898     3.0114763782     3.2489560694
O       16.1016356185     2.5878202460     5.7453866687
Si       16.4997837263     6.5987348261     4.4046787120
Si       13.9437307705     2.5606516937     2.4926478534
Si       18.8172130491     2.5468237344     2.6042260186
Si       15.7381916109     1.1265061860     6.4772393593
H       17.8883909744     6.8550496548     3.9114413581
H       15.5483737021     6.9612486614     3.3009057596
H       16.2673445319     7.4734709962     5.6174237260
H       12.8215267294     3.3107736808     3.0919384266
H       13.9542376779     2.8634514539     1.0329245668
H       18.4440145702     3.3184962559     1.3738457710
H       13.7064129611     1.1033681626     2.6971863780
H       18.5417161736     1.0937170095     2.3207347857
H       16.4285139572     0.9022823504     7.7983368590
H       14.2595798462     0.9798482451     6.7007644191
H       20.3332336960     2.6823308612     2.7731591652
H       16.1868867022     0.0654247874     5.5420010065
32
# Point 5 Energy = 0.0
C       20.6491119099     3.6596351344     7.5261675252
H       18.9723724422     3.6107744840     6.1644260231
C       19.4453795541     2.9465768111     6.8983437979
H       18.6949371401     2.7493423777     7.6759697430
H       20.5778268619     1.8002752815     5.4445397992
C       19.8223252050     1.6376738923     6.2214177757
H       18.9596602175     1.1599097490     5.7413161732
H       20.2365942068     0.9327347885     6.9505953867
H       21.4058602949     3.8783883032     6.7639200156
H       21.1209908492     3.0398604700     8.2943554442
H       20.3560957200     4.6070161304     7.9901543803
Si       16.3674081294     3.4149359053     4.4144110037
O       16.3059811596     4.9658654211     4.7408080022
O       18.0668845775     3.0212020574     3.7447656016
O       15.4276097185     3.0153535076     3.2583710145
O       16.1004987309     2.5910709563     5.7415971794
Si       16.4985093130     6.5984146288     4.4059705233
Si       13.9397626185     2.5616009695     2.4907609330
Si       18.8123548946     2.5488697424     2.6121282934
Si       15.7358819271     1.1252808247     6.4785445068
H       17.8875320488     6.8535328858     3.9135218924
H       15.5478061435     6.9605185845     3.3020369039
H       16.2659072903     7.4716611553     5.6190576275
H       12.8209710524     3.3128315853     3.0912587334
H       13.9548641702     2.8663833147     1.0327660911
H       18.4446270862     3.3174294370     1.3748575891
H       13.7046522230     1.1052074842     2.6954514602
H       18.5423473658     1.0930731029     2.3214193535
H       16.4263915073     0.9024731316     7.7994183033
H       14.2577509975     0.9791731064     6.7012166228
H       20.3335271143     2.6815352179     2.7742587694
H       16.1855581300     0.0647015589     5.5433388913
32
# Point 6 Energy = 0.0
C       20.6497238210     3.6613983948     7.5253472399
H       18.9717126869     3.6099397506     6.1630067995
C       19.4454852685     2.9466414598     6.8973397349
H       18.6960364299     2.7484880030     7.6759096695
H       20.5769624221     1.8010845939     5.4435975032
C       19.8226592535     1.6389754106     6.2213836355
H       18.9607422714     1.1604940513     5.7407858458
H       20.2366486332     0.9359121046     6.9525485755
H       21.4057009020     3.8797885391     6.7622839659
H       21.1225554092     3.0422438234     8.2934912928
H       20.3568012977     4.6090427379     7.9889544152
Si       16.3542093337     3.4155220312     4.4183106384
O       16.3034935982     4.9584656952     4.7412629613
O       18.0916320608     3.0096774483     3.7233046298
O       15.4373992439     3.0192282877     3.2680030414
O       16.0990527182     2.5941166591     5.7378129004
Si       16.4971397122     6.5977322001     4.4074889212
Si       13.9357499774     2.5629842014     2.4886952726
Si       18.8077480236     2.5506508151     2.6201608837
Si       15.7332725933     1.1239142272     6.4799770769
H       17.8866417929     6.8516069605     3.9159897890
H       15.5472785776     6.9595685549     3.3033254128
H       16.2643022475     7.4694091273     5.6209599355
H       12.8204047536     3.3153793171     3.0903733198
H       13.9557292230     2.8700189129     1.0325077654
H       18.4455149891     3.3160599466     1.3760335605
H       13.7025766019     1.1074835953     2.6932293443
H       18.5432476168     1.0922232227     2.3222003636
H       16.4238831384     0.9026703134     7.8006955197
H       14.2556133504     0.9783131933     6.7017029518
H       20.3340218391     2.6804952253     2.7755510086
H       16.1840408131     0.0637731966     5.5449313858
32
# Point 7 Energy = 0.0
C       20.6504298186     3.6634667668     7.5242976583
H       18.9710808538     3.6091634040     6.1614501588
C       19.4457107579     2.9468645204     6.8962269670
H       18.6973150681     2.7477946939     7.6757953022
H       20.5762379977     1.8020305138     5.4425800527
C       19.8231870169     1.6404144100     6.2213233217
H       18.9620345465     1.1611056692     5.7403122872
H       20.2369899550     0.9393225415     6.9545041741
H       21.4055780121     3.8814924738     6.7603631120
H       21.1243029902     3.0450311228     8.2924208816
H       20.3575494696     4.6113874192     7.9874655955
Si       16.3409597944     3.4157949438     4.4222859316
O       16.3007836515     4.9506789227     4.7417786862
O       18.1161410321     2.9977888093     3.7016212444
O       15.4470502780     3.0230932951     3.2778566940
O       16.0973022883     2.5969446266     5.7340329856
Si       16.4956841919     6.5966760503     4.4092315178
Si       13.9316817322     2.5648207724     2.4864509004
Si       18.8033937494     2.5521601365     2.6283139704
Si       15.7303680839     1.1223940411     6.4815354641
H       17.8857290378     6.8492570710     3.9188411906
H       15.5468001327     6.9583868848     3.3047692026
H       16.2625405269     7.4667055819     5.6231266787
H       12.8198225540     3.3184321217     3.0892974037
H       13.9568156574     2.8743880028     1.0321561162
H       18.4466769961     3.3143830526     1.3773659227
H       13.7001712823     1.1102139029     2.6905087282
H       18.5444181065     1.0911614050     2.3230658825
H       16.4209926152     0.9028605131     7.8021666223
H       14.2531714814     0.9772550149     6.7022208928
H       20.3347208070     2.6792046223     2.7770236618
H       16.1823401144     0.0626286941     5.5467761525
32
# Point 8 Energy = 0.0
C       20.6512215579     3.6658509590     7.5230246770
H       18.9704740455     3.6084475662     6.1597572055
C       19.4460527525     2.9472513529     6.8950089697
H       18.6987682009     2.7472669692     7.6756279443
H       20.5756590874     1.8031197934     5.4414965836
C       19.8239119238     1.6419968068     6.2212433609
H       18.9635439263     1.1617468409     5.7398999511
H       20.2376213584     0.9429750522     6.9564707994
H       21.4054850815     3.8835117925     6.7581657835
H       21.1262246047     3.0482362269     8.2911524001
H       20.3583268767     4.6140605238     7.9856912006
Si       16.3276640260     3.4157433577     4.4263312708
O       16.2978577402     4.9424954379     4.7423529539
O       18.1404178708     2.9855319357     3.6797150070
O       15.4565527963     3.0269404629     3.2879362239
O       16.0952528615     2.5995425468     5.7302562189
Si       16.4941523688     6.5952351139     4.4111951787
Si       13.9275468428     2.5671295570     2.4840289144
Si       18.7992932640     2.5533914003     2.6365769227
Si       15.7271737238     1.1207083127     6.4832176801
H       17.8848027065     6.8464687508     3.9220709366
H       15.5463798936     6.9569622032     3.3063658610
H       16.2606340445     7.4635417198     5.6255531321
H       12.8192192657     3.3220041261     3.0880478237
H       13.9581056447     2.8795194358     1.0317189935
H       18.4481114152     3.3123946352     1.3788461393
H       13.6974224569     1.1134155179     2.6872794308
H       18.5458597289     1.0898822820     2.3240031041
H       16.4177248103     0.9030307115     7.8038291302
H       14.2504308946     0.9759854355     6.7027678843
H       20.3356267994     2.6776576421     2.7786633023
H       16.1804620300     0.0612575316     5.5488703759
32
# Point 9 Energy = 0.0
C       20.6520901015     3.6685610096     7.5215349889
H       18.9698892073     3.6077942252     6.1579295067
C       19.4465075018     2.9478070022     6.8936896247
H       18.7003902833     2.7469090485     7.6754091010
H       20.5752308587     1.8043589828     5.4403566534
C       19.8248368485     1.6437283293     6.2211505001
H       18.9652768320     1.1624198895     5.7395532549
H       20.2385451093     0.9468782247     6.9584571910
H       21.4054152000     3.8858574961     6.7557013265
H       21.1283103580     3.0518721336     8.2896947937
H       20.3591196051     4.6170716536     7.9836354326
Si       16.3143268151     3.4153565513     4.4304407763
O       16.2947227409     4.9339061373     4.7429830286
O       18.1644690901     2.9729034039     3.6575844569
O       15.4658968909     3.0307610928     3.2982455559
O       16.0929105169     2.6018985763     5.7264810273
Si       16.4925541985     6.5933987935     4.4133760537
Si       13.9233344386     2.5699288322     2.4814314947
Si       18.7954476230     2.5543388282     2.6449383426
Si       15.7236956381     1.1188455381     6.4850213667
H       17.8838718096     6.8432279096     3.9256725951
H       15.5460268976     6.9552835156     3.3081126742
H       16.2585955078     7.4599093116     5.6282338577
H       12.8185898211     3.3261082226     3.0866429659
H       13.9595808556     2.8854410115     1.0312055672
H       18.4498161435     3.3100912017     1.3804649307
H       13.6943174622     1.1171052033     2.6835324574
H       18.5475730625     1.0883811004     2.3249983961
H       16.4140856456     0.9031683048     7.8056799868
H       14.2473979699     0.9744917245     6.7033413188
H       20.3367424198     2.6758490193     2.7804553566
H       16.1784131474     0.0596497267     5.5512107773
32
# Point 10 Energy = 0.0
C       20.6530259513     3.6716062608     7.5198360294
H       18.9693231324     3.6072052346     6.1559690722
C       19.4470707833     2.9485361918     6.8922731910
H       18.7021750985     2.7467248530     7.6751404688
H       20.5749581120     1.8057544163     5.4391701863
C       19.8259640872     1.6456145108     6.2210516711
H       18.9672391824     1.1631272296     5.7392765632
H       20.2397625325     0.9510402693     6.9604721695
H       21.4053611112     3.8885398684     6.7529800311
H       21.1305494857     3.0559509487     8.2880577018
H       20.3599132415     4.6204296372     7.9813033690
Si       16.3009531865     3.4146244076     4.4346083281
O       16.2913859540     4.9249025145     4.7436656892
O       18.1883012715     2.9599005935     3.6352271256
O       15.4750728218     3.0345458719     3.3087882564
O       16.0902819346     2.6040013881     5.7227054938
Si       16.4908999666     6.5911569956     4.4157696151
Si       13.9190339117     2.5732361945     2.4786619103
Si       18.7918577333     2.5549971801     2.6533861152
Si       15.7199406929     1.1167947092     6.4869438067
H       17.8829454455     6.8395208623     3.9296385099
H       15.5457501344     6.9533402577     3.3100066587
H       16.2564384112     7.4558007257     5.6311627539
H       12.8179293014     3.3307559641     3.0851026807
H       13.9612226105     2.8921793366     1.0306263180
H       18.4517886723     3.3074698944     1.3822123097
H       13.6908448983     1.1212993290     2.6792600632
H       18.5495583441     1.0866537321     2.3260373518
H       16.4100820200     0.9032611504     7.8077155786
H       14.2440799010     0.9727616028     6.7039385399
H       20.3380700752     2.6737739907     2.7823841730
H       16.1762005954     0.0577958787     5.5537936287
32
# Point 11 Energy = 0.0
C       20.6540190826     3.6749953427     7.5179359169
H       18.9687724684     3.6066823148     6.1538783291
C       19.4477379148     2.9494433228     6.8907642730
H       18.7041157817     2.7467180109     7.6748239219
H       20.5748452478     1.8073122041     5.4379474163
C       19.8272953396     1.6476606873     6.2209539541
H       18.9694363609     1.1638713743     5.7390741731
H       20.2412739979     0.9554690131     6.9625245942
H       21.4053152346     3.8915684531     6.7500130515
H       21.1329303954     3.0604838668     8.2862513911
H       20.3606929300     4.6241425136     7.9787009086
Si       16.2875483677     3.4135374495     4.4388275904
O       16.2878550691     4.9154766885     4.7443972594
O       18.2119210019     2.9465216996     3.6126395568
O       15.4840710660     3.0382848938     3.3195675025
O       16.0873743324     2.6058402127     5.7189273702
Si       16.4892002810     6.5885001610     4.4183707040
Si       13.9146350029     2.5770684826     2.4757245231
Si       18.7885243453     2.5553617577     2.6619074628
Si       15.7159164269     1.1145453536     6.4889819340
H       17.8820328040     6.8353343523     3.9339598609
H       15.5455585535     6.9511223465     3.3120445954
H       16.2541770264     7.4512089471     5.6343331147
H       12.8172329615     3.3359574717     3.0834481929
H       13.9630120297     2.8997596926     1.0299930248
H       18.4540261000     3.3045284907     1.3840776203
H       13.6869947333     1.1260138324     2.6744558149
H       18.5518154489     1.0846966775     2.3271048454
H       16.4057217249     0.9032976068     7.8099317567
H       14.2404846230     0.9707832856     6.7045568348
H       20.3396119612     2.6714282877     2.7844330983
H       16.1738319868     0.0556872065     5.5566147676
32
# Point 12 Energy = 0.0
C       20.6550589807     3.6787361665     7.5158433877
H       18.9682337237     3.6062270583     6.1516600919
C       19.4485037695     2.9505324771     6.8891677851
H       18.7062048481     2.7468918671     7.6744614966
H       20.5748962400     1.8090382284     5.4366988298
C       19.8288316962     1.6498719993     6.2208645415
H       18.9718731875     1.1646549433     5.7389503002
H       20.2430789164     0.9601719000     6.9646233230
H       21.4052696878     3.8949520409     6.7468123203
H       21.1354407136     3.0654811633     8.2842866850
H       20.3614434286     4.6282175264     7.9758347085
Si       16.2741177557     3.4120868670     4.4430920345
O       16.2841381290     4.9056214226     4.7451736397
O       18.2353348144     2.9327657363     3.5898173354
O       15.4928823631     3.0419676840     3.3305860533
O       16.0841953996     2.6074048718     5.7151440891
Si       16.4874660648     6.5854192859     4.4211735820
Si       13.9101278829     2.5814417097     2.4726247884
Si       18.7854480487     2.5554284014     2.6704890027
Si       15.7116309762     1.1120875677     6.4911323424
H       17.8811431739     6.8306555681     3.9386267380
H       15.5454610758     6.9486202246     3.3142230661
H       16.2518263875     7.4461275858     5.6377376946
H       12.8164962533     3.3417213583     3.0817020035
H       13.9649301786     2.9082059155     1.0293187482
H       18.4565251522     3.3012653954     1.3860495816
H       13.6827583877     1.1312641860     2.6691146492
H       18.5543438752     1.0825070619     2.3281850911
H       16.4010133490     0.9032665652     7.8123238574
H       14.2366207326     0.9685455202     6.7051934204
H       20.3413700515     2.6688081223     2.7865845627
H       16.1713153562     0.0533155796     5.5596696101
32
# Point 13 Energy = 0.0
C       20.6561346790     3.6828359268     7.5135677271
H       18.9677032758     3.6058409364     6.1493175286
C       19.4493627939     2.9518074255     6.8874889135
H       18.7084342242     2.7472494967     7.6740553728
H       20.5751146139     1.8109381447     5.4354351086
C       19.8305736320     1.6522533971     6.2207907011
H       18.9745538984     1.1654806709     5.7389090646
H       20.2451757429     0.9651559972     6.9667771741
H       21.4052163113     3.8986986667     6.7433904586
H       21.1380673347     3.0709521986     8.2821748902
H       20.3621491659     4.6326611267     7.9727121170
Si       16.2606668832     3.4102645379     4.4473949585
O       16.2802434924     4.8953301373     4.7459903411
O       18.2585491331     2.9186325318     3.5667551202
O       15.5014977580     3.0455832277     3.3418462228
O       16.0807532284     2.6086858057     5.7113527741
Si       16.4857085499     6.5819059373     4.4241719885
Si       13.9055032244     2.5863710027     2.4693692522
Si       18.7826292728     2.5551934802     2.6791168085
Si       15.7070929929     1.1094120448     6.4933912917
H       17.8802859526     6.8254721548     3.9436282262
H       15.5454666109     6.9458248985     3.3165384904
H       16.2494022715     7.4405508751     5.6413687801
H       12.8157148450     3.3480546668     3.0798877884
H       13.9669582066     2.9175402869     1.0286178112
H       18.4592822101     3.2976796265     1.3881163334
H       13.6781287993     1.1370653723     2.6632329286
H       18.5571427363     1.0800826242     2.3292617052
H       16.3959661740     0.9031574752     7.8148867236
H       14.2324974017     0.9660376200     6.7058454247
H       20.3433460927     2.6659101659     2.7888201704
H       16.1686590920     0.0506735412     5.5629531642
32
# Point 14 Energy = 0.0
C       20.6572347979     3.6873011126     7.5111186985
H       18.9671773803     3.6055253085     6.1468541231
C       19.4503090289     2.9532716402     6.8857330772
H       18.7107952824     2.7477937214     7.6736078544
H       20.5755034295     1.8130173866     5.4341670731
C       19.8325210049     1.6548096499     6.2207397410
H       18.9774821317     1.1663514157     5.7389544798
H       20.2475619871     0.9704280069     6.9689948904
H       21.4051466918     3.9028156163     6.7397606838
H       21.1407964734     3.0769054321     8.2799277230
H       20.3627942960     4.6374789860     7.9693410997
Si       16.2472013881     3.4080630412     4.4517295043
O       16.2761797968     4.8845969140     4.7468425188
O       18.2815702252     2.9041227139     3.5434466843
O       15.5099086394     3.0491200014     3.3533498550
O       16.0770562455     2.6096740936     5.7075502489
Si       16.4839392699     6.5779522602     4.4273592016
Si       13.9007522648     2.5918705517     2.4659655459
Si       18.7800682917     2.5546538748     2.6877764717
Si       15.7023115608     1.1065100950     6.4957547126
H       17.8794706585     6.8197722197     3.9489525006
H       15.5455840786     6.9427279713     3.3189871627
H       16.2469211717     7.4344736612     5.6452182644
H       12.8148846380     3.3549628258     3.0780302930
H       13.9690774762     2.9277834394     1.0279057771
H       18.4622933456     3.2937707932     1.3902654843
H       13.6731004650     1.1434318653     2.6568084952
H       18.5602107583     1.0774216988     2.3303177692
H       16.3905900648     0.9029603632     7.8176147252
H       14.2281242862     0.9632494924     6.7065098635
H       20.3455416038     2.6627315227     2.7911207958
H       16.1658718669     0.0477543251     5.5664600416
32
# Point 15 Energy = 0.0
C       20.6583475844     3.6921375259     7.5085064702
H       18.9666521808     3.6052814329     6.1442736361
C       19.4513361317     2.9549283103     6.8839058866
H       18.7132788764     2.7485271295     7.6731213479
H       20.5760652707     1.8152811754     5.4329056293
C       19.8346730605     1.6575453580     6.2207189757
H       18.9806609203     1.1672701687     5.7390904416
H       20.2502342314     0.9759942824     6.9712851066
H       21.4050521876     3.9073094408     6.7359367165
H       21.1436137177     3.0833484461     8.2775572352
H       20.3633627516     4.6426760156     7.9657301646
Si       16.2337269848     3.4054756638     4.4560886709
O       16.2719559205     4.8734164936     4.7477250046
O       18.3044041585     2.8892376896     3.5198849594
O       15.5181067739     3.0525660073     3.3650983004
O       16.0731131445     2.6103614667     5.7037330444
Si       16.4821700543     6.5735509787     4.4307281009
Si       13.8958668588     2.5979535692     2.4624223804
Si       18.7777652343     2.5538069559     2.6964531663
Si       15.6972961081     1.1033736600     6.4982182087
H       17.8787069443     6.8135443334     3.9545869285
H       15.5458224342     6.9393216676     3.3215652880
H       16.2444002655     7.4278913847     5.6492777242
H       12.8140017795     3.3624496219     3.0761552266
H       13.9712696804     2.9389542745     1.0271994262
H       18.4655543642     3.2895390676     1.3924841618
H       13.6676694618     1.1503776205     2.6498407201
H       18.5635462848     1.0745231915     2.3313358956
H       16.3848953545     0.9026658439     7.8205017791
H       14.2235114328     0.9601716631     6.7071836126
H       20.3479578815     2.6592696962     2.7934666832
H       16.1629625655     0.0445518649     5.5701844680
