32
# Point -15 Energy = 0.0
C       20.6003464047     3.5751230307     7.5461822145
H       18.4178537878     3.1994662076     6.8511509212
C       19.5014004677     2.8946036338     6.8813800370
H       18.4525984666     3.2269179366     6.6090072910
H       21.1147166273     1.6742747878     6.4038296592
C       20.0168286935     1.6362824446     6.3380887025
H       19.0552609878     1.1821238462     6.2363943487
H       20.8105851093     1.0035013893     6.7938957841
H       21.6583327830     3.7620152271     7.2460370802
H       21.3364137330     2.7934369513     7.7424721029
H       20.2854637078     4.5974572399     7.4165010879
Si       16.3829553896     3.4252219353     4.3831170879
O       16.2715735811     5.0134635070     4.7341548592
O       17.8963506921     3.0907872445     3.8281147788
O       15.3288853031     3.0258590098     3.1924439026
O       16.0528902127     2.5814841244     5.7357647793
Si       16.4640346363     6.6136560348     4.4102739417
Si       13.9103204777     2.6000526159     2.4744741607
Si       18.7882445593     2.5615924711     2.5507967728
Si       15.6913861431     1.1349684863     6.4388685532
H       17.8526918892     6.8749572306     3.9174084420
H       15.5126255249     6.9905476597     3.3087189941
H       16.2337891288     7.4851211412     5.6283979045
H       12.7764668720     3.3447858496     3.0735543267
H       13.9068635390     2.9088357744     1.0107264166
H       18.3971630513     3.3554917990     1.3549046247
H       13.6575508250     1.1384409628     2.6639027401
H       18.4885837585     1.1225590067     2.2854157440
H       16.3781332093     0.8938529308     7.7603518910
H       14.2092440711     0.9869814636     6.6638828351
H       20.2848326187     2.7031384326     2.7496943915
H       16.1335943487     0.0763016250     5.4972589844
32
# Point -14 Energy = 0.0
C       20.6093691399     3.5774096699     7.5492341467
H       18.4385417130     3.2546068323     6.7798689186
C       19.5012695282     2.9030473716     6.8826023306
H       18.4376556323     3.2422747678     6.7012934218
H       21.0874985534     1.6546939391     6.3208437853
C       19.9873985017     1.6349616933     6.3237293761
H       19.0278740956     1.1810892146     6.1872231070
H       20.7503910845     0.9819795828     6.8002995308
H       21.6571969106     3.7554698369     7.2147902802
H       21.3323145435     2.7980291682     7.7974715912
H       20.3087835727     4.6101859799     7.4679261318
Si       16.3882195713     3.4235261765     4.3845587283
O       16.2741185938     5.0117824981     4.7347167774
O       17.9015092558     3.0912773582     3.8296499147
O       15.3342618085     3.0214219654     3.1948609133
O       16.0599160065     2.5802146414     5.7383021200
Si       16.4638003773     6.6121222561     4.4094532598
Si       13.9161763911     2.5926291596     2.4776784008
Si       18.7943225679     2.5625769165     2.5523547087
Si       15.7010344557     1.1335686489     6.4425159912
H       17.8518281634     6.8753723896     3.9159476541
H       15.5113655391     6.9865356466     3.3079573411
H       16.2324680070     7.4841021125     5.6270151411
H       12.7812673722     3.3358863474     3.0766048932
H       13.9116558990     2.9002690725     1.0137022219
H       18.4013971549     3.3549032353     1.3559475710
H       13.6659757470     1.1307345748     2.6683428234
H       18.4969316196     1.1228372217     2.2881248857
H       16.3887065293     0.8946706838     7.7639187227
H       14.2192934785     0.9832915775     6.6681124617
H       20.2906429652     2.7068248197     2.7505959623
H       16.1447958213     0.0750066419     5.5015222475
32
# Point -13 Energy = 0.0
C       20.6170550199     3.5806321416     7.5519781083
H       18.4664998753     3.3197040622     6.7380399354
C       19.5007782283     2.9098866566     6.8845812854
H       18.4247533665     3.2340904056     6.7801027169
H       21.0558445292     1.6429504274     6.2327728895
C       19.9583114209     1.6347523044     6.3067125865
H       19.0000256397     1.1838452997     6.1399597124
H       20.6930163627     0.9635979819     6.7995277317
H       21.6521659825     3.7543267187     7.1818021949
H       21.3265645525     2.8052646113     7.8477065355
H       20.3243968758     4.6195468686     7.5195209539
Si       16.3938405355     3.4214778263     4.3861611874
O       16.2776471819     5.0098123463     4.7353366686
O       17.9069828965     3.0907236281     3.8316519285
O       15.3400537182     3.0170351465     3.1972567894
O       16.0666695381     2.5788102467     5.7409807003
Si       16.4653108396     6.6101949760     4.4086451810
Si       13.9224030585     2.5858424401     2.4806102828
Si       18.8007290554     2.5620629519     2.5545777509
Si       15.7096429699     1.1322318333     6.4463110254
H       17.8529163001     6.8747609034     3.9147510854
H       15.5122286675     6.9824884474     3.3070084061
H       16.2330381487     7.4828512300     5.6255556079
H       12.7866501053     3.3281496353     3.0791267551
H       13.9172393624     2.8922656059     1.0163904432
H       18.4065381582     3.3529234329     1.3575409279
H       13.6740943643     1.1237886334     2.6725354622
H       18.5050298167     1.1217372864     2.2915164074
H       16.3978787454     0.8953210627     7.7677757217
H       14.2281970660     0.9803256078     6.6722145820
H       20.2968031275     2.7083672277     2.7524405176
H       16.1546750914     0.0735340540     5.5060732789
32
# Point -12 Energy = 0.0
C       20.6235162592     3.5851103347     7.5528315374
H       18.4946217900     3.3687064188     6.6899039183
C       19.4999451226     2.9152289296     6.8860245430
H       18.4171661704     3.2239573535     6.8582806743
H       21.0247445051     1.6374011820     6.1522653964
C       19.9340321142     1.6337206361     6.2934771380
H       18.9777553644     1.1856649402     6.0976773548
H       20.6411444055     0.9486128153     6.8045272319
H       21.6444644152     3.7558826284     7.1474759324
H       21.3179736150     2.8151705564     7.8953570944
H       20.3352718249     4.6268699624     7.5653644142
Si       16.3990847469     3.4196209545     4.3876455345
O       16.2814072361     5.0079971400     4.7361956463
O       17.9119082128     3.0899314243     3.8333268415
O       15.3452195192     3.0134849675     3.1995401423
O       16.0728612849     2.5774241430     5.7433870688
Si       16.4676043086     6.6084228648     4.4084085721
Si       13.9277858791     2.5805667580     2.4834612786
Si       18.8062801968     2.5612649653     2.5562781148
Si       15.7172272134     1.1308923342     6.4495515326
H       17.8548378383     6.8739075731     3.9140581920
H       15.5139130055     6.9791821284     3.3067993044
H       16.2348169788     7.4815732550     5.6248784814
H       12.7915130307     3.3222059292     3.0818308152
H       13.9219631245     2.8860947924     1.0190662393
H       18.4110052762     3.3510619758     1.3588204535
H       13.6808534507     1.1184048669     2.6763486802
H       18.5117257107     1.1205204255     2.2940981608
H       16.4060573025     0.8954322686     7.7709635227
H       14.2360429872     0.9778471910     6.6758631861
H       20.3021769007     2.7090375048     2.7536585903
H       16.1630608100     0.0721027802     5.5097997676
32
# Point -11 Energy = 0.0
C       20.6288217138     3.5907367509     7.5522421616
H       18.5241439492     3.4089268607     6.6403418468
C       19.4986565254     2.9192966368     6.8873206344
H       18.4133917709     3.2072774385     6.9364267780
H       20.9933977519     1.6371075636     6.0762255212
C       19.9133251861     1.6322164629     6.2824329104
H       18.9597974259     1.1863791132     6.0594995932
H       20.5940748495     0.9363906922     6.8119686978
H       21.6340610288     3.7605316625     7.1122023035
H       21.3074843312     2.8279018152     7.9398633439
H       20.3418709555     4.6326653273     7.6071113116
Si       16.4040501128     3.4178749715     4.3890628407
O       16.2854204102     5.0062845335     4.7371996865
O       17.9164450965     3.0888150046     3.8348955205
O       15.3499774922     3.0105609256     3.2016970340
O       16.0784864231     2.5760799858     5.7456132203
Si       16.4706888991     6.6067331648     4.4085316513
Si       13.9326201094     2.5764914813     2.4861207021
Si       18.8112696133     2.5600129838     2.5578047665
Si       15.7237564031     1.1296218236     6.4524184880
H       17.8576406482     6.8727365560     3.9137648275
H       15.5165176544     6.9764251300     3.3069970533
H       16.2376755232     7.4802928279     5.6246767595
H       12.7960744121     3.3177646837     3.0844372603
H       13.9262497321     2.8813226896     1.0215921007
H       18.4151809746     3.3490380849     1.3600309436
H       13.6865705105     1.1142801324     2.6797721647
H       18.5173766952     1.1189846291     2.2963130731
H       16.4130960981     0.8952061336     7.7737480808
H       14.2427823834     0.9759059602     6.6791132143
H       20.3070369202     2.7087239353     2.7547271809
H       16.1700390002     0.0707160391     5.5130136890
32
# Point -10 Energy = 0.0
C       20.6329368814     3.5975319275     7.5502942358
H       18.5545940879     3.4411360552     6.5902648698
C       19.4968089475     2.9222066066     6.8885812361
H       18.4136052904     3.1840789816     7.0146702166
H       20.9618037107     1.6413109680     6.0039550847
C       19.8960032108     1.6302608264     6.2732942443
H       18.9461260640     1.1853122065     6.0251500488
H       20.5518909009     0.9267307136     6.8212997912
H       21.6209187001     3.7682475232     7.0760761324
H       21.2955771566     2.8436862705     7.9812503338
H       20.3447218506     4.6374055190     7.6452968423
Si       16.4087018132     3.4162510670     4.3904106660
O       16.2896172054     5.0046926164     4.7383081067
O       17.9205823328     3.0873961479     3.8364123949
O       15.3543364722     3.0082329641     3.2036988395
O       16.0834784361     2.5748125447     5.7476644225
Si       16.4744824300     6.6051408462     4.4089451825
Si       13.9369432203     2.5735499784     2.4885224475
Si       18.8157355458     2.5583138726     2.5592528390
Si       15.7291621660     1.1284639919     6.4549368627
H       17.8612553816     6.8712729286     3.9138416185
H       15.5199900068     6.9741950441     3.3074927464
H       16.2414793675     7.4790481487     5.6248548418
H       12.8003408651     3.3147558024     3.0868265812
H       13.9301794465     2.8778514992     1.0238948280
H       18.4191303740     3.3468278450     1.3612371756
H       13.6912980786     1.1113471885     2.6827633819
H       18.5220504242     1.1171258640     2.2982777154
H       16.4188879762     0.8947245587     7.7761824300
H       14.2483410266     0.9745284056     6.6819442048
H       20.3114137537     2.7074599067     2.7557875525
H       16.1755874765     0.0694031814     5.5157774869
32
# Point -9 Energy = 0.0
C       20.6358916479     3.6053836390     7.5471482311
H       18.5855723770     3.4663360205     6.5408276413
C       19.4943348206     2.9241207464     6.8898953098
H       18.4181717338     3.1546677245     7.0928727137
H       20.9297323094     1.6493702175     5.9348002862
C       19.8818108414     1.6279808289     6.2656987516
H       18.9365399699     1.1822311274     5.9941570316
H       20.5144788159     0.9194514715     6.8319362473
H       21.6050301911     3.7788273895     7.0392221110
H       21.2826416523     2.8624245399     8.0195602670
H       20.3444158285     4.6412943105     7.6806693674
Si       16.4130197604     3.4147493978     4.3916825777
O       16.2939257622     5.0032289623     4.7394651886
O       17.9243233018     3.0857000508     3.8379199810
O       15.3583175203     3.0064384301     3.2055232337
O       16.0878047696     2.5736520970     5.7495503542
Si       16.4788786229     6.6036495013     4.4095517317
Si       13.9408059727     2.5716205447     2.4906196741
Si       18.8197286459     2.5561795373     2.5607035012
Si       15.7334325037     1.1274595721     6.4571491878
H       17.8655816681     6.8695435134     3.9142195610
H       15.5242419277     6.9724380478     3.3081531137
H       16.2460673811     7.4778719284     5.6252839520
H       12.8043275268     3.3130444131     3.0889007536
H       13.9338325072     2.8755171864     1.0259183440
H       18.4229136571     3.3443982514     1.3624868542
H       13.6951211661     1.1094827779     2.6853116191
H       18.5258429307     1.1149401787     2.3001074343
H       16.4233934593     0.8940848825     7.7783341256
H       14.2527048906     0.9737217411     6.6843645153
H       20.3153493875     2.7053035068     2.7569556480
H       16.1797470504     0.0681894635     5.5181760511
32
# Point -8 Energy = 0.0
C       20.6378243584     3.6139892533     7.5431188284
H       18.6169649719     3.4861494728     6.4932376804
C       19.4912144052     2.9252962764     6.8913322075
H       18.4275657181     3.1195573240     7.1707552232
H       20.8966829192     1.6607231044     5.8681168718
C       19.8702974823     1.6256557522     6.2591264310
H       18.9305249672     1.1774678804     5.9657485351
H       20.4812961055     0.9143099117     6.8431058866
H       21.5865078294     3.7918396343     7.0019719867
H       21.2689698016     2.8835543006     8.0548956597
H       20.3417394037     4.6442361345     7.7142651372
Si       16.4170031206     3.4133570522     4.3928696891
O       16.2982589122     5.0018899738     4.7405901862
O       17.9276938359     3.0837659841     3.8394518032
O       15.3619620484     3.0050594786     3.2071594590
O       16.0914817953     2.5726287555     5.7512930197
Si       16.4837160220     6.6022504387     4.4102038372
Si       13.9442847748     2.5704826849     2.4923942387
Si       18.8233248075     2.5536380891     2.5622301287
Si       15.7366434400     1.1266518271     6.4591342921
H       17.8704537565     6.8675877782     3.9147652930
H       15.5291136565     6.9710492414     3.3087966616
H       16.2512118009     7.4767969600     5.6257740675
H       12.8080625357     3.3123789790     3.0905880285
H       13.9372969632     2.8740348686     1.0276309190
H       18.4265891481     3.3417051421     1.3638113009
H       13.6981860912     1.1084624951     2.6874582811
H       18.5289073416     1.1124295385     2.3019332724
H       16.4266760544     0.8934228185     7.7803051999
H       14.2559536101     0.9734645690     6.6864322010
H       20.3189086196     2.7023668067     2.7583261391
H       16.1826643028     0.0670994743     5.5203428945
32
# Point -7 Energy = 0.0
C       20.6390181913     3.6228064317     7.5387299889
H       18.6491168979     3.5028638930     6.4484839020
C       19.4874789844     2.9261243842     6.8929253081
H       18.4422990966     3.0795465102     7.2477770887
H       20.8619795216     1.6748725909     5.8033889179
C       19.8607892189     1.6237250342     6.2529243499
H       18.9272459892     1.1719502093     5.9388068325
H       20.4512385867     0.9109801337     6.8539133218
H       21.5657028632     3.8065151802     6.9650133927
H       21.2546981516     2.9059521417     8.0875485636
H       20.3378048226     4.6458272028     7.7473843160
Si       16.4206581394     3.4120552687     4.3939564622
O       16.3024899421     5.0006681547     4.7415698582
O       17.9307305980     3.0816660457     3.8410224376
O       15.3653177421     3.0039183325     3.2086097175
O       16.0945758838     2.5717800643     5.7529259623
Si       16.4887385724     6.6009309745     4.4106919122
Si       13.9474679694     2.5697984321     2.4938653031
Si       18.8266125048     2.5507571695     2.5638857193
Si       15.7389756072     1.1260925884     6.4610115081
H       17.8755967832     6.8654768570     3.9152623418
H       15.5343261970     6.9698701525     3.3091848663
H       16.2565767108     7.4758654720     5.6260607323
H       12.8115694895     3.3123644279     3.0918547013
H       13.9406458234     2.8729765829     1.0290331066
H       18.4301884959     3.3387103290     1.3652127356
H       13.7007001429     1.1079402587     2.6893100530
H       18.5314523711     1.1096217781     2.3038941119
H       16.4289268096     0.8929275681     7.7822338964
H       14.2582792042     0.9737007579     6.6882660156
H       20.3221661780     2.6988524858     2.7599529822
H       16.1846131110     0.0661645879     5.5224649544
32
# Point -6 Energy = 0.0
C       20.6398828985     3.6311053428     7.5346642399
H       18.6829336573     3.5190541184     6.4069505899
C       19.4831985726     2.9271063651     6.8946478040
H       18.4627732189     3.0357499042     7.3230118034
H       20.8250271364     1.6913416648     5.7404656735
C       19.8524991536     1.6226937394     6.2464818309
H       18.9257251553     1.1669882837     5.9120255287
H       20.4227254216     0.9090823853     6.8636415788
H       21.5432734204     3.8217273640     6.9293796758
H       21.2397405665     2.9280788429     8.1181165473
H       20.3340242727     4.6454612119     7.7813311502
Si       16.4239756327     3.4108343287     4.3949156519
O       16.3064378124     4.9995641316     4.7422703633
O       17.9334549809     3.0795199598     3.8426120379
O       15.3684086611     3.0028084074     3.2098848700
O       16.0971841320     2.5711528703     5.7544820376
Si       16.4935853896     6.5996894762     4.4107717855
Si       13.9504205961     2.5691561843     2.4950871899
Si       18.8296587486     2.5476685805     2.5656777628
Si       15.7406927628     1.1258378392     6.4629151767
H       17.8806154599     6.8633285283     3.9154349334
H       15.5394670651     6.9687189011     3.3090580065
H       16.2617169066     7.4751325939     5.6258426831
H       12.8148376772     3.3125042230     3.0927159210
H       13.9438959912     2.8718304133     1.0301587977
H       18.4336798445     3.3354203034     1.3666491625
H       13.7028916479     1.1074907879     2.6910228182
H       18.5337014767     1.1065987685     2.3060980621
H       16.4304483623     0.8928210366     7.7842635075
H       14.2599648004     0.9743382607     6.6900252439
H       20.3251744610     2.6950707661     2.7618188345
H       16.1859647170     0.0654264170     5.5247440916
32
# Point -5 Energy = 0.0
C       20.6408374708     3.6381826160     7.5315456700
H       18.7197456484     3.5366963465     6.3681036065
C       19.4784466036     2.9287297780     6.8964010460
H       18.4890901063     2.9894864707     7.3951687425
H       20.7856829768     1.7095747734     5.6798053452
C       19.8448035836     1.6229191533     6.2395446175
H       18.9252444436     1.1637297942     5.8843443462
H       20.3941263139     0.9082766713     6.8722217489
H       21.5200880050     3.8361781935     6.8961586605
H       21.2237718527     2.9484994505     8.1474718022
H       20.3318066027     4.6426037691     7.8168997163
Si       16.4269078657     3.4097119462     4.3957083699
O       16.3098831389     4.9985989407     4.7425790632
O       17.9358421994     3.0774907902     3.8441579907
O       15.3712021312     3.0015699289     3.2109936455
O       16.0993902759     2.5707937388     5.7559713302
Si       16.4978462505     6.5985519921     4.4102485925
Si       13.9531404878     2.5682000649     2.4961269817
Si       18.8324654555     2.5445756436     2.5675460607
Si       15.7420618905     1.1259280156     6.4649345093
H       17.8850563903     6.8613028026     3.9150390531
H       15.5440549245     6.9674594644     3.3082286286
H       16.2661547064     7.4746567059     5.6248886832
H       12.8177961982     3.3123419903     3.0932326251
H       13.9469720895     2.8701687390     1.0310608121
H       18.4369437670     3.3319350981     1.3680328676
H       13.7049299701     1.1067397058     2.6927407953
H       18.5358137075     1.1035177353     2.3085623706
H       16.4315691596     0.8932862311     7.7864761832
H       14.2613007041     0.9752598691     6.6918453282
H       20.3279237474     2.6914047719     2.7638169938
H       16.1870819324     0.0649308089     5.5273091735
32
# Point -4 Energy = 0.0
C       20.6421289614     3.6436559002     7.5296467938
H       18.7608686554     3.5562130830     6.3305834778
C       19.4732529945     2.9312891182     6.8980412129
H       18.5209565429     2.9420244844     7.4628727748
H       20.7445013916     1.7288395406     5.6224717759
C       19.8375446435     1.6243936165     6.2324616949
H       18.9257745916     1.1625187363     5.8554497491
H       20.3643892574     0.9083819364     6.8805192961
H       21.4969340390     3.8487735458     6.8660064272
H       21.2063259853     2.9665730090     8.1765077040
H       20.3320718955     4.6371260919     7.8539154042
Si       16.4293642930     3.4087411852     4.3962940788
O       16.3126209775     4.9978164736     4.7424584866
O       17.9378098412     3.0757510909     3.8455700427
O       15.3736005688     3.0001717397     3.2119308667
O       16.1012152250     2.5707305765     5.7573642245
Si       16.5011784752     6.5975770006     4.4090779487
Si       13.9555405926     2.5667860747     2.4970267723
Si       18.8349502383     2.5417215715     2.5693712983
Si       15.7432418317     1.1263630752     6.4670522323
H       17.8885398097     6.8595679576     3.9139844204
H       15.5476812780     6.9660741035     3.3066839758
H       16.2695182524     7.4744784128     5.6231613498
H       12.8203187222     3.3116438779     3.0934839852
H       13.9497146113     2.8678463352     1.0317816237
H       18.4397957368     3.3284658675     1.3692575031
H       13.7068503266     1.1055235504     2.6945149330
H       18.5378122222     1.1005983181     2.3111782481
H       16.4325103070     0.8943784584     7.7888316457
H       14.2624650592     0.9763481934     6.6937579833
H       20.3303266649     2.6882163915     2.7657785509
H       16.1881766084     0.0647126834     5.5301288793
32
# Point -3 Energy = 0.0
C       20.6437289237     3.6476072676     7.5287646415
H       18.8071223464     3.5762689314     6.2927905695
C       19.4675791783     2.9347902928     6.8994368065
H       18.5577905119     2.8943502411     7.5250651451
H       20.7026011811     1.7482324255     5.5697651942
C       19.8310999577     1.6267170512     6.2261056636
H       18.9280628702     1.1626651404     5.8259080195
H       20.3334019798     0.9094233865     6.8900850403
H       21.4742247244     3.8589324520     6.8388456202
H       21.1869802002     2.9827648641     8.2058165632
H       20.3349638923     4.6294390478     7.8912855503
Si       16.4312346630     3.4079969489     4.3966444121
O       16.3145158790     4.9972709330     4.7419661842
O       17.9392411779     3.0744367608     3.8467646602
O       15.3754727543     2.9987282065     3.2126735790
O       16.1026004817     2.5709601858     5.7585964924
Si       16.5034042313     6.5968400287     4.4073963264
Si       13.9574809198     2.5650356799     2.4977767125
Si       18.8369760489     2.5393284381     2.5710198325
Si       15.7442225226     1.1270950832     6.4691374673
H       17.8908701500     6.8582550594     3.9123864968
H       15.5501328387     6.9646756245     3.3046039651
H       16.2716413014     7.4746046860     5.6208485345
H       12.8222641220     3.3104758107     3.0935274327
H       13.9519406120     2.8650611790     1.0323275898
H       18.4420519708     3.3252889183     1.3702407254
H       13.7085487488     1.1039482674     2.6962652200
H       18.5395841784     1.0980698177     2.3137442481
H       16.4332997138     0.8959953820     7.7911692770
H       14.2634564347     0.9775118194     6.6956615863
H       20.3322481365     2.6857493104     2.7675399385
H       16.1892379484     0.0647827596     5.5330058654
32
# Point -2 Energy = 0.0
C       20.6453941731     3.6504631964     7.5283695260
H       18.8586709711     3.5944832262     6.2535411850
C       19.4613341477     2.9390138850     6.9005109029
H       18.5989473887     2.8471298507     7.5812183267
H       20.6612513028     1.7667968507     5.5227565558
C       19.8261594467     1.6292862359     6.2215208883
H       18.9333010640     1.1627986637     5.7968254974
H       20.3018109017     0.9115702153     6.9025477805
H       21.4519411746     3.8665955326     6.8139969307
H       21.1654967305     2.9983374749     8.2355541460
H       20.3399991948     4.6203270525     7.9275360576
Si       16.4324208228     3.4075510402     4.3967482394
O       16.3155161206     4.9970089521     4.7412219834
O       17.9400243889     3.0736232250     3.8476903236
O       15.3766992671     2.9974369060     3.2131865567
O       16.1034365118     2.5714519109     5.7595912728
Si       16.5045127079     6.5964098534     4.4054527308
Si       13.9588240395     2.5632437498     2.4983185910
Si       18.8384057253     2.5375517678     2.5723886800
Si       15.7448609278     1.1280450411     6.4709983353
H       17.8920396850     6.8574354421     3.9105035954
H       15.5513994713     6.9634491259     3.3022761487
H       16.2725473142     7.4750112618     5.6182729121
H       12.8235203086     3.3091148929     3.0933755649
H       13.9535084772     2.8622282220     1.0326652502
H       18.4435866219     3.3226687812     1.3709474180
H       13.7098495081     1.1022993599     2.6978161255
H       18.5409507797     1.0961169763     2.3160421595
H       16.4337992298     0.8979309718     7.7932721067
H       14.2641294783     0.9786937374     6.6973649321
H       20.3335567786     2.6841020127     2.7689970536
H       16.1900859399     0.0651265855     5.5356575831
32
# Point -1 Energy = 0.0
C       20.6468114344     3.6527606756     7.5278520964
H       18.9152005225     3.6083447173     6.2123655915
C       19.4544125124     2.9436536626     6.9012422390
H       18.6438910530     2.8008295726     7.6312684813
H       20.6215056926     1.7836477836     5.4820568651
C       19.8234237320     1.6315240862     6.2196059844
H       18.9426865561     1.1614275040     5.7693992711
H       20.2705513199     0.9150354481     6.9191442867
H       21.4297916440     3.8720072778     6.7905426697
H       21.1418470611     3.0147897893     8.2655278740
H       20.3464466027     4.6106689253     7.9613452346
Si       16.4328553218     3.4074548502     4.3966060050
O       16.3156295815     4.9970590572     4.7403574283
O       17.9400789349     3.0733338547     3.8483279828
O       15.3771994474     2.9964986151     3.2134304672
O       16.1036075138     2.5721600105     5.7602780059
Si       16.5045913981     6.5963337601     4.4035122557
Si       13.9594722314     2.5617392703     2.4985693572
Si       18.8391399393     2.5364771252     2.5734191553
Si       15.7449670624     1.1291255566     6.4724427468
H       17.8921514354     6.8571299474     3.9086299446
H       15.5515927638     6.9625797488     3.2999908039
H       16.2723596097     7.4756561745     5.6157711883
H       12.8240224122     3.3078960182     3.0930010016
H       13.9543433357     2.8597982541     1.0327362219
H       18.4443453310     3.3208098706     1.3713817551
H       13.7105827573     1.1009012965     2.6989621995
H       18.5417440862     1.0948609782     2.3178922225
H       16.4338001708     0.8999546816     7.7949327833
H       14.2642856168     0.9798598284     6.6986555281
H       20.3341592904     2.6832710073     2.7701114866
H       16.1904842294     0.0657126522     5.5378062264
32
# Point 0 Energy = 0
C       20.6477110000     3.6549790000     7.5266840000
H       18.9761800000     3.6157410000     6.1694560000
C       19.4467280000     2.9484220000     6.9016430000
H       18.6922510000     2.7558520000     7.6754250000
H       20.5840390000     1.7980300000     5.4478400000
C       19.8234060000     1.6330100000     6.2209870000
H       18.9571360000     1.1573250000     5.7446630000
H       20.2404540000     0.9200090000     6.9405780000
H       21.4074060000     3.8754920000     6.7676150000
H       21.1161610000     3.0334640000     8.2953550000
H       20.3536290000     4.6012450000     7.9917750000
Si       16.4325060000     3.4077350000     4.3962220000
O       16.3148940000     4.9974300000     4.7394840000
O       17.9393640000     3.0735620000     3.8486780000
O       15.3769370000     2.9960700000     3.2133680000
O       16.1030250000     2.5730330000     5.7606000000
Si       16.5037570000     6.5966350000     4.4017980000
Si       13.9593780000     2.5607940000     2.4984440000
Si       18.8391290000     2.5361430000     2.5740860000
Si       15.7443760000     1.1302530000     6.4733110000
H       17.8913405600     6.8573308000     3.9070238400
H       15.5508605600     6.9622108000     3.2979838400
H       16.2712205600     7.4764908000     5.6136238400
H       12.8237502400     3.3071035200     3.0923555200
H       13.9544302400     2.8581435200     1.0324755200
H       18.4443303200     3.3198514400     1.3715668800
H       13.7106302400     1.1000235200     2.6995155200
H       18.5418503200     1.0943714400     2.3191668800
H       16.4331100800     0.9018602400     7.7959848800
H       14.2637500800     0.9809802400     6.6993448800
H       20.3340103200     2.6832114400     2.7708868800
H       16.1902300800     0.0665002400     5.5392248800
32
# Point 1 Energy = 0.0
C       20.6479523784     3.6573698217     7.5245482384
H       19.0412360625     3.6152747322     6.1254900539
C       19.4382312066     2.9531443521     6.9017160408
H       18.7437359469     2.7126793658     7.7139336842
H       20.5492176162     1.8093738003     5.4200086895
C       19.8263663435     1.6335647942     6.2260007410
H       18.9772093826     1.1497846734     5.7233172491
H       20.2119665729     0.9266508838     6.9670650021
H       21.3845602298     3.8771888665     6.7446534301
H       21.0885938537     3.0552046540     8.3246496876
H       20.3611544555     4.5925618471     8.0183784999
Si       16.4313590044     3.4084014220     4.3955883277
O       16.3133333531     4.9981204781     4.7386597065
O       17.9378621928     3.0743013826     3.8487323806
O       15.3758985106     2.9962378981     3.2129637732
O       16.1016408240     2.5740314803     5.7605114026
Si       16.5020779179     6.5973220074     4.4004370570
Si       13.9585233997     2.5605615041     2.4978753848
Si       18.8383535471     2.5365735013     2.5743666934
Si       15.7429957034     1.1313669490     6.4734932449
H       17.8896867994     6.8580314143     3.9058362079
H       15.5492910287     6.9624219502     3.2963885791
H       16.2692099634     7.4774787026     5.6119931056
H       12.8226995706     3.3068954738     3.0913929292
H       13.9537726147     2.8574795390     1.0318281583
H       18.4435537001     3.3198786693     1.3715093229
H       13.7099344409     1.0998172362     2.6993451477
H       18.5412152894     1.0946906081     2.3197800437
H       16.4316186521     0.9035136327     7.7963156897
H       14.2624248799     0.9820233301     6.6993030832
H       20.3330924459     2.6839004840     2.7713209319
H       16.1892127132     0.0674565456     5.5397628734
32
# Point 2 Energy = 0.0
C       20.6474591624     3.6601107952     7.5211887766
H       19.1099554707     3.6058340899     6.0814360201
C       19.4289045325     2.9576802847     6.9014609923
H       18.7981458506     2.6717920003     7.7470698093
H       20.5171564338     1.8172044830     5.3983320936
C       19.8323956728     1.6331301889     6.2348494428
H       19.0032141274     1.1383801556     5.7059771147
H       20.1853283646     0.9351068030     6.9985742445
H       21.3610728398     3.8771945128     6.7212011551
H       21.0593585131     3.0806740180     8.3529761510
H       20.3687590536     4.5850148990     8.0408804023
Si       16.4294236128     3.4094502790     4.3946950378
O       16.3109815853     4.9991172227     4.7379272097
O       17.9355811711     3.0755403202     3.8484813587
O       15.3740951476     2.9970562301     3.2121856910
O       16.0994395948     2.5751109910     5.7599718580
Si       16.4996180975     6.5983899697     4.3995273420
Si       13.9569175644     2.5611441671     2.4968058004
Si       18.8368216626     2.5377842886     2.5742400365
Si       15.7407806354     1.1324049381     6.4728979083
H       17.8872623050     6.8592197274     3.9051842498
H       15.5469627546     6.9632620281     3.2953077441
H       16.2663976891     7.4785784285     5.6110049231
H       12.8208878517     3.3073739805     3.0900720446
H       13.9523957928     2.8579581699     1.0307461428
H       18.4420461134     3.3209546755     1.3712110316
H       13.7084779193     1.1003820826     2.6983423480
H       18.5398242701     1.0958476209     2.3196596712
H       16.4292664102     0.9047959631     7.7958314871
H       14.2602602208     0.9829445554     6.6984222932
H       20.3314147725     2.6853214406     2.7714088596
H       16.1873754076     0.0685426905     5.5392961202
32
# Point 3 Energy = 0.0
C       20.6462173076     3.6633964996     7.5163530901
H       19.1817292577     3.5864967233     6.0385264082
C       19.4187884217     2.9619003482     6.9008988015
H       18.8554454165     2.6336353137     7.7751637932
H       20.4875054786     1.8210861018     5.3823686905
C       19.8412830213     1.6317182370     6.2475705330
H       19.0349681636     1.1229737287     5.6932309320
H       20.1604922504     0.9454488872     7.0347800385
H       21.3367608508     3.8756757405     6.6968148419
H       21.0287975847     3.1104974278     8.3798120350
H       20.3762627050     4.5789709354     8.0590744890
Si       16.4267661444     3.4108559371     4.3935487278
O       16.3079160999     5.0003850123     4.7373407316
O       17.9325890303     3.0772561204     3.8479345786
O       15.3715999073     2.9985448737     3.2110183416
O       16.0964682692     2.5762067351     5.7589594930
Si       16.4964720968     6.5998124782     4.3991737921
Si       13.9546359027     2.5625965515     2.4951939383
Si       18.8346078074     2.5397836369     2.5737071088
Si       15.7377587270     1.1332835457     6.4714557166
H       17.8841682558     6.8608719909     3.9051931201
H       15.5439831958     6.9647470368     3.2948489851
H       16.2628755115     7.4797285579     5.6107891599
H       12.8183919294     3.3085856605     3.0883644024
H       13.9503906333     2.8596789485     1.0291971771
H       18.4398994966     3.3231282255     1.3706935577
H       13.7063213775     1.1017686078     2.6964188673
H       18.5377411595     1.0978611960     2.3187600192
H       16.4260676931     0.9055770715     7.7944621910
H       14.2572807531     0.9836669126     6.6966156293
H       20.3290513339     2.6874631330     2.7711694679
H       16.1847448173     0.0696998248     5.5377267018
32
# Point 4 Energy = 0.0
C       20.6443230260     3.6673444148     7.5098832700
H       19.2559456384     3.5567464290     5.9982047477
C       19.4079963496     2.9657475034     6.9000596979
H       18.9156937076     2.5986851994     7.7984899229
H       20.4594512193     1.8206780670     5.3714885289
C       19.8524523395     1.6294400971     6.2639649922
H       19.0716872960     1.1038525337     5.6854674311
H       20.1369712851     0.9576556072     7.0750145476
H       21.3115621648     3.8727453417     6.6712133713
H       20.9973130713     3.1450689075     8.4046462411
H       20.3836744172     4.5746690821     8.0729313905
Si       16.4235089889     3.4125751794     4.3921697801
O       16.3042415865     5.0018730849     4.7369472978
O       17.9290143549     3.0794294945     3.8471149513
O       15.3685456233     3.0006705253     3.2094694246
O       16.0928502001     2.5772485540     5.7574782396
Si       16.4927304967     6.6015462938     4.3994521546
Si       13.9518194638     2.5648839453     2.4930323780
Si       18.8318527423     2.5425831823     2.5727866777
Si       15.7340638930     1.1339170902     6.4691435988
H       17.8804952566     6.8629670004     3.9059506947
H       15.5404452326     6.9668433983     3.2950893089
H       16.2587187516     7.4808625222     5.6114352423
H       12.8153422528     3.3104743406     3.0862691490
H       13.9479030848     2.8626323508     1.0271791851
H       18.4372532711     3.3264277734     1.3699872163
H       13.7036193530     1.1039364034     2.6935407150
H       18.5351224535     1.1007447054     2.3170734070
H       16.4221515818     0.9057552336     7.7921843930
H       14.2536207015     0.9840863983     6.6938493840
H       20.3261403423     2.6903484210     2.7706321790
H       16.1814704538     0.0708629196     5.5350158419
32
# Point 5 Energy = 0.0
C       20.6419768282     3.6720268865     7.5017113721
H       19.3319649459     3.5164500940     5.9620559984
C       19.3967215542     2.9692394868     6.8989940313
H       18.9790410392     2.5674195875     7.8172475051
H       20.4316791467     1.8157395438     5.3648717522
C       19.8649422352     1.6264490432     6.2835709259
H       19.1119082147     1.0816742118     5.6828197610
H       20.1138455935     0.9715823220     7.1182768420
H       21.2855295135     3.8685021192     6.6442648970
H       20.9653673135     3.1845953219     8.4269959194
H       20.3911642302     4.5722488854     8.0825687366
Si       16.4198393194     3.4145493188     4.3906010850
O       16.3000986026     5.0035173383     4.7367946752
O       17.9250552618     3.0820463500     3.8460685925
O       15.3651344540     3.0033484005     3.2075779594
O       16.0887929125     2.5781636778     5.7555666574
Si       16.4884887813     6.6035333241     4.4004163574
Si       13.9486848870     2.5678838557     2.4903550229
Si       18.8287733809     2.5461991911     2.5715260346
Si       15.7299432677     1.1342207478     6.4659938781
H       17.8763325489     6.8654877776     3.9075158084
H       15.5364368091     6.9694695056     3.2960816604
H       16.2539944081     7.4819110638     5.6129989425
H       12.8119324828     3.3128828282     3.0838193399
H       13.9451451201     2.8667006627     1.0247276565
H       18.4343050349     3.3308622017     1.3691413409
H       13.7006299600     1.1067557594     2.6897360618
H       18.5322271925     1.1045074045     2.3146414892
H       16.4177682348     0.9052608078     7.7890310825
H       14.2495309520     0.9840753134     6.6901512372
H       20.3228939022     2.6940354508     2.7698488389
H       16.1778324725     0.0719635185     5.5311938983
32
# Point 6 Energy = 0.0
C       20.6394668675     3.6774873200     7.4918717127
H       19.4092407628     3.4658570848     5.9317371541
C       19.3852270510     2.9724791223     6.8977795644
H       19.0457982440     2.5402799959     7.8315573833
H       20.4023842763     1.8061537833     5.3615353385
C       19.8774181927     1.6228816613     6.3056474467
H       19.1534706141     1.0573840948     5.6850770765
H       20.0897848534     0.9869433155     7.1632680858
H       21.2588228046     3.8630505803     6.6159967352
H       20.9334568130     3.2291121946     8.4464396694
H       20.3990347584     4.5717658100     8.0882489250
Si       16.4160024441     3.4167096273     4.3889104895
O       16.2956562978     5.0052464640     4.7369303970
O       17.9209734438     3.0851023140     3.8448699602
O       15.3616327618     3.0064451081     3.2054161415
O       16.0845799045     2.5788848864     5.7533017038
Si       16.4838402491     6.6057061096     4.4020944707
Si       13.9455202403     2.5713872105     2.4872379402
Si       18.8256584593     2.5506546606     2.5700084124
Si       15.7257483355     1.1341200795     6.4621005625
H       17.8717614718     6.8684262626     3.9099155225
H       15.5320351677     6.9724988263     3.2978488296
H       16.2487524680     7.4828101571     5.6154962481
H       12.8084145189     3.3155551539     3.0810797379
H       13.9423923327     2.8716562070     1.0219158276
H       18.4313076086     3.3364204152     1.3682295236
H       13.6977106837     1.1100092219     2.6850987680
H       18.5294131452     1.1091559453     2.3115652451
H       16.4132784090     0.9040685564     7.7850993600
H       14.2453699446     0.9834920306     6.6856148771
H       20.3195933938     2.6986203712     2.7689028352
H       16.1742340819     0.0729374300     5.5263694160
32
# Point 7 Energy = 0.0
C       20.6370973408     3.6836334915     7.4806265834
H       19.4889431919     3.4056786212     5.9091390071
C       19.3737425705     2.9757288779     6.8964912712
H       19.1173756659     2.5177047754     7.8416329700
H       20.3693779790     1.7920081037     5.3604688502
C       19.8881168624     1.6188442914     6.3291915674
H       19.1935192971     1.0322173552     5.6914933781
H       20.0628108117     1.0033221138     7.2084756387
H       21.2317665094     3.8563284073     6.5867830881
H       20.9018681342     3.2783254878     8.4627874486
H       20.4076981553     4.5731084127     8.0904838150
Si       16.4122034436     3.4189952894     4.3871448306
O       16.2909962351     5.0070023844     4.7373386840
O       17.9170011306     3.0886307152     3.8435849316
O       15.3582812836     3.0097731601     3.2030436364
O       16.0804762131     2.5793792452     5.7507604839
Si       16.4787442863     6.6080068121     4.4044094584
Si       13.9426023467     2.5750704872     2.4837528736
Si       18.8227855684     2.5560034411     2.5683249300
Si       15.7218530958     1.1335833306     6.4575950278
H       17.8667226768     6.8718117020     3.9130682417
H       15.5271752559     6.9757573841     3.3002966837
H       16.2428807265     7.4835302871     5.6188141403
H       12.8050059962     3.3181030495     3.0780883192
H       13.9399033246     2.8771181218     1.0188048728
H       18.4284821406     3.3430787838     1.3673117015
H       13.6952502825     1.1133631132     2.6797563603
H       18.5270698284     1.1147125936     2.3079909501
H       16.4090692947     0.9022509861     7.7805312338
H       14.2415226790     0.9822001235     6.6803717628
H       20.3165041857     2.7042791791     2.7678850788
H       16.1711340875     0.0737518731     5.5207175407
32
# Point 8 Energy = 0.0
C       20.6338904209     3.6864570283     7.4706178196
H       19.6093020055     3.3438733853     5.9068490830
C       19.3602043009     2.9800970902     6.8939510418
H       19.2174043945     2.5085968541     7.8536186214
H       20.3333344512     1.7738526161     5.3632751866
C       19.8937379236     1.6146984000     6.3537006105
H       19.2296776170     1.0086327891     5.6985420741
H       20.0248342920     1.0202361075     7.2533965558
H       21.2064618543     3.8424819775     6.5609742958
H       20.8655349659     3.3269279855     8.4788072604
H       20.4178098662     4.5728873580     8.0917268579
Si       16.4063178547     3.4213967033     4.3840006939
O       16.2835830178     5.0087945425     4.7364788372
O       17.9111079070     3.0929240781     3.8409901447
O       15.3530832039     3.0128807850     3.1991965401
O       16.0745445056     2.5797542743     5.7467558161
Si       16.4702644401     6.6104421051     4.4055883244
Si       13.9380596277     2.5780166013     2.4786714675
Si       18.8182844582     2.5625812051     2.5653503926
Si       15.7166745374     1.1327323734     6.4514957116
H       17.8582216503     6.8759308417     3.9151908876
H       15.5188489784     6.9788469539     3.3015790461
H       16.2331962951     7.4841962737     5.6210446631
H       12.7996350558     3.3194071889     3.0734831977
H       13.9357582545     2.8819524989     1.0141227540
H       18.4237816912     3.3508950271     1.3651391159
H       13.6917454595     1.1158677333     2.6726911206
H       18.5236989969     1.1214008145     2.3030003191
H       16.4035906027     0.9002998271     7.7743926214
H       14.2364408476     0.9799782788     6.6734321180
H       20.3117138273     2.7117563892     2.7656790728
H       16.1672372966     0.0745059133     5.5134231088
32
# Point 9 Energy = 0.0
C       20.6357801937     3.6951639935     7.4540753745
H       19.6459768987     3.2867703666     5.9010136108
C       19.3534182764     2.9806160173     6.8935938095
H       19.2719281671     2.5113753752     7.8588486231
H       20.2788743631     1.7493341316     5.3571768025
C       19.8953045955     1.6061160514     6.3727440249
H       19.2526282993     0.9822270777     5.7097733967
H       19.9918491758     1.0332589416     7.2892809834
H       21.1786625234     3.8377770550     6.5257441817
H       20.8437707168     3.3860995630     8.4840921889
H       20.4308574568     4.5774720176     8.0867507871
Si       16.4068767261     3.4222843364     4.3838230553
O       16.2830523995     5.0088695684     4.7396243323
O       17.9114902640     3.0956889282     3.8409090211
O       15.3540403775     3.0154926654     3.1982242142
O       16.0750778072     2.5778215281     5.7452269901
Si       16.4689969230     6.6113235026     4.4117730480
Si       13.9394519531     2.5812748521     2.4764126503
Si       18.8197226124     2.5682342019     2.5644061177
Si       15.7177289965     1.1292119529     6.4469989778
H       17.8569156432     6.8784764248     3.9222671868
H       15.5176433804     6.9813205527     3.3082607021
H       16.2311325535     7.4825807802     5.6288774491
H       12.8004743653     3.3209134018     3.0723576250
H       13.9373849363     2.8880417801     1.0124633345
H       18.4250140622     3.3586510061     1.3655702956
H       13.6938550521     1.1186236723     2.6675462371
H       18.5258783107     1.1274085939     2.2991621605
H       16.4045048448     0.8946646823     7.7695930790
H       14.2375923943     0.9753020292     6.6682355327
H       20.3129305293     2.7178190572     2.7653574663
H       16.1691658020     0.0730878930     5.5069821014
32
# Point 10 Energy = 0.0
C       20.6390916592     3.7056973053     7.4369083733
H       19.6730348329     3.2248706735     5.8962970267
C       19.3483539192     2.9817602870     6.8941974507
H       19.3244093543     2.5124115967     7.8598948482
H       20.2126258163     1.7237276293     5.3499042647
C       19.8909889855     1.5970151406     6.3886552139
H       19.2652836831     0.9581991270     5.7204556947
H       19.9533064869     1.0461724304     7.3201695091
H       21.1502921957     3.8351181569     6.4903296495
H       20.8251311318     3.4489056098     8.4854844086
H       20.4457416066     4.5837069803     8.0810894936
Si       16.4091588329     3.4230295287     4.3844782605
O       16.2838124975     5.0087630998     4.7435885159
O       17.9137061591     3.0987001534     3.8417399783
O       15.3568866602     3.0176859875     3.1980350682
O       16.0774896467     2.5756679653     5.7445129504
Si       16.4686161290     6.6120644674     4.4187811250
Si       13.9428835386     2.5837473703     2.4748667638
Si       18.8231930931     2.5743681259     2.5644270526
Si       15.7210072730     1.1253870291     6.4433029747
H       17.8564491658     6.8812405307     3.9302377088
H       15.5172811142     6.9834000666     3.3157202394
H       16.2296691466     7.4807633624     5.6375134394
H       12.8031308453     3.3213366695     3.0718805020
H       13.9410441206     2.8933394555     1.0115213724
H       18.4281301356     3.3667774656     1.3669479234
H       13.6983758927     1.1205367222     2.6631052309
H       18.5304792080     1.1338259136     2.2962812560
H       16.4076401856     0.8889108366     7.7656254535
H       14.2409980906     0.9699377061     6.6637648998
H       20.3161300575     2.7247512447     2.7660751941
H       16.1736391355     0.0714833623     5.5013735179
32
# Point 11 Energy = 0.0
C       20.6435626241     3.7168432749     7.4192057053
H       19.6964504967     3.1614287783     5.8950716374
C       19.3445262022     2.9832326786     6.8953304072
H       19.3785191838     2.5147793065     7.8585172187
H       20.1357763226     1.6982723277     5.3431420451
C       19.8814247751     1.5870921321     6.4018912851
H       19.2691719573     0.9356628046     5.7302063835
H       19.9090800717     1.0599225290     7.3473350429
H       21.1214456745     3.8329228866     6.4551143671
H       20.8086058469     3.5136242317     8.4831023398
H       20.4626360912     4.5904869364     8.0747856506
Si       16.4126387027     3.4235443139     4.3856190747
O       16.2854046598     5.0083769169     4.7480871199
O       17.9172041609     3.1018349194     3.8430893711
O       15.3610537463     3.0194571556     3.1982904172
O       16.0812564923     2.5731662169     5.7442416735
Si       16.4687141279     6.6125714037     4.4263849897
Si       13.9477536319     2.5855106699     2.4737107616
Si       18.8280939510     2.5808761658     2.5649792184
Si       15.7259498384     1.1211174906     6.4399886330
H       17.8564115127     6.8840969054     3.9388537119
H       15.5173418559     6.9850689398     3.3237658267
H       16.2284595105     7.4786120200     5.6467633384
H       12.8070458499     3.3207722057     3.0717825360
H       13.9461110895     2.8979779358     1.0109857551
H       18.4325283529     3.3752274261     1.3688771401
H       13.7046583543     1.1216861312     2.6589950464
H       18.5368407040     1.1405678610     2.2938755928
H       16.4124598475     0.8828224477     7.7620460464
H       14.2460989077     0.9637914777     6.6596287654
H       20.3207199125     2.7323832156     2.7673701381
H       16.1800361452     0.0695722948     5.4961281207
32
# Point 12 Energy = 0.0
C       20.6491888870     3.7281707007     7.4008379670
H       19.7166818147     3.0968275249     5.8973618710
C       19.3418786080     2.9848174847     6.8968130772
H       19.4343555298     2.5187282285     7.8546507374
H       20.0487279829     1.6746790404     5.3381662059
C       19.8671236574     1.5761890010     6.4127921940
H       19.2652402593     0.9139938910     5.7390664789
H       19.8594721143     1.0759536079     7.3718289101
H       21.0920599540     3.8306351666     6.4200627368
H       20.7939436617     3.5795017060     8.4768053827
H       20.4817163924     4.5974109474     8.0676721577
Si       16.4172119650     3.4237807677     4.3871513005
O       16.2877802567     5.0076540269     4.7530775551
O       17.9218555294     3.1050178326     3.8448167097
O       15.3663956455     3.0208261519     3.1989095363
O       16.0862842288     2.5702366716     5.7443005157
Si       16.4692807448     6.6127904594     4.4345869413
Si       13.9538858902     2.5866491046     2.4728851414
Si       18.8342478240     2.5876965070     2.5658843911
Si       15.7324382763     1.1163139059     6.4369071615
H       17.8567870077     6.8869657605     3.9480922653
H       15.5177986482     6.9863350388     3.3324346024
H       16.2275503025     7.4760413737     5.6566615119
H       12.8120806377     3.3193186840     3.0720543220
H       13.9523810482     2.9020866336     1.0108070335
H       18.4380241116     3.3839869444     1.3712140403
H       13.7124882508     1.1221589886     2.6551171095
H       18.5447365734     1.1475908253     2.2917298826
H       16.4188719020     0.8762492527     7.7586817279
H       14.2527784200     0.9568107732     6.6557093984
H       20.3265313686     2.7406028542     2.7690324122
H       16.1881831075     0.0672821441     5.4910540826
32
# Point 13 Energy = 0.0
C       20.6559692476     3.7391928091     7.3816442263
H       19.7338447394     3.0310683600     5.9030134327
C       19.3403605296     2.9862175586     6.8984514751
H       19.4917033614     2.5242226952     7.8480949921
H       19.9521384399     1.6551586200     5.3364107515
C       19.8487034831     1.5641629760     6.4217760788
H       19.2545918303     0.8926019371     5.7472281901
H       19.8049996900     1.0964003148     7.3948354877
H       21.0620338817     3.8276160029     6.3851077799
H       20.7808586186     3.6457549026     8.4664406884
H       20.5031522099     4.6040340055     8.0595184624
Si       16.4227775581     3.4236715381     4.3889795412
O       16.2909157640     5.0065155631     4.7585326213
O       17.9275291445     3.1081402802     3.8467725184
O       15.3727607087     3.0218191654     3.1998099495
O       16.0924751235     2.5667710012     5.7445675745
Si       16.4703508677     6.6126464039     4.4434206742
Si       13.9610903038     2.5872788869     2.4723287810
Si       18.8414643217     2.5947353850     2.5669474620
Si       15.7403336959     1.1108560560     6.4338865126
H       17.8576072024     6.8897329170     3.9579604372
H       15.5186709995     6.9872081595     3.3418021790
H       16.2270482554     7.4729352014     5.6672830388
H       12.8180941260     3.3171150988     3.0726957793
H       13.9596351347     2.9058415499     1.0109377443
H       18.4444264431     3.3930271361     1.3738075550
H       13.7216191789     1.1220758720     2.6513568945
H       18.5539079146     1.1548261195     2.2895981424
H       16.4267649482     0.8689880440     7.7553311785
H       14.2608982283     0.9489291064     6.6518687404
H       20.3333853878     2.7492448054     2.7708321156
H       16.1978692617     0.0645135282     5.4859243552
32
# Point 14 Energy = 0.0
C       20.6638708047     3.7492958411     7.3614664133
H       19.7479979497     2.9639454102     5.9118738327
C       19.3398825966     2.9870243067     6.9000373275
H       19.5502277435     2.5311100994     7.8386521218
H       19.8473402715     1.6424421315     5.3394938945
C       19.8268238029     1.5508208793     6.4292996210
H       19.2381874997     0.8710867821     5.7549411113
H       19.7467386015     1.1242528873     7.4175787707
H       21.0312006344     3.8230512639     6.3501986805
H       20.7689436372     3.7114815222     8.4518747177
H       20.5270837519     4.6097968672     8.0500664645
Si       16.4292056137     3.4231161716     4.3909952003
O       16.2947876712     5.0048476996     4.7644286427
O       17.9340602484     3.1110388256     3.8487926806
O       15.3799622844     3.0224610744     3.2008909335
O       16.0996851399     2.5626197158     5.7448976836
Si       16.4719895137     6.6120287243     4.4529409882
Si       13.9691343959     2.5875485115     2.4719563230
Si       18.8495116222     2.6018409985     2.5679546067
Si       15.7494230671     1.1045821099     6.4307150861
H       17.8589397660     6.8922285766     3.9684911165
H       15.5200165939     6.9876917275     3.3519686290
H       16.2271046220     7.4691333802     5.6787326188
H       12.8249153065     3.3143471606     3.0736889273
H       13.9676196622     2.9094662876     1.0113101449
H       18.4515190506     3.4022807371     1.3764964768
H       13.7317349111     1.1215924774     2.6475595673
H       18.5640280393     1.1621555505     2.2871999950
H       16.4359475431     0.8607675902     7.7517512201
H       14.2702422435     0.9400631805     6.6479256991
H       20.3410644161     2.7580562281     2.7725239044
H       16.2087915957     0.0611272815     5.4804619609
32
# Point 15 Energy = 0.0
C       20.6726950705     3.7578509107     7.3402385859
H       19.7590817507     2.8951815479     5.9239105712
C       19.3401916191     2.9868232664     6.9014165266
H       19.6093857934     2.5392794596     7.8262325953
H       19.7380749748     1.6383726004     5.3489763202
C       19.8020262958     1.5359804941     6.4359048401
H       19.2160341208     0.8498534716     5.7625151594
H       19.6878431315     1.1622910047     7.4408449316
H       20.9991855503     3.8160291304     6.3153983948
H       20.7574774581     3.7757727434     8.4330791114
H       20.5534719247     4.6141456091     8.0391065914
Si       16.4362630513     3.4220353833     4.3930774385
O       16.2992891963     5.0025631641     4.7707129366
O       17.9411877017     3.1135400380     3.8507362824
O       15.3877289488     3.0228058793     3.2020209720
O       16.1076221699     2.5576724055     5.7451331131
Si       16.4742138460     6.6108473154     4.4631637608
Si       13.9777085513     2.5876540383     2.4716253345
Si       18.8580806636     2.6088240793     2.5687399222
Si       15.7593043035     1.0973818443     6.4271734406
H       17.8608205313     6.8942746114     3.9797059774
H       15.5218755650     6.9878164930     3.3629718754
H       16.2278112544     7.4645112240     5.6910627291
H       12.8322954406     3.3112734861     3.0749274673
H       13.9760413311     2.9132190223     1.0117973221
H       18.4590484170     3.4116393461     1.3791526148
H       13.7424121194     1.1209180597     2.6435206967
H       18.5746734415     1.1694262703     2.2843094314
H       16.4460063532     0.8513679345     7.7477070960
H       14.2803971551     0.9302092628     6.6436607826
H       20.3492725074     2.7667224001     2.7739410592
H       16.2204603618     0.0570195035     5.4744014793
