32
# Point -15 Energy = 0.0
C       20.5750523851     3.7776217293     7.2093673586
H       18.4007173689     2.8248624471     6.7750147831
C       19.4469920623     2.9733427126     6.5813466235
H       20.2050923498     2.5994919700     7.3079441002
H       21.2118053507     1.2259448654     6.1216179060
C       20.2649465066     1.6886649757     6.3996575654
H       19.5196135351     0.8868275814     6.3578172609
H       20.0759062817     1.8167901529     7.4789670490
H       21.6236074352     4.0458502396     7.1112505711
H       20.3271080173     2.9679526069     7.9134044826
H       20.0852729858     4.5397605182     7.8217648343
Si       16.3550889023     3.4441026681     4.3544701322
O       16.2984752854     5.0155013703     4.6932387475
O       17.8678745754     3.0754915225     3.7713036443
O       15.2951112974     3.0592378358     3.1528623060
O       16.0513020150     2.5602027754     5.6830183049
Si       16.5048822258     6.5936453313     4.4005955228
Si       13.8455895133     2.6732020146     2.4531802442
Si       18.7404720346     2.5321527133     2.4311067725
Si       15.6702032354     1.1308701749     6.3732064991
H       17.8936711463     6.8519061775     3.8835856250
H       15.5466328695     7.0174266342     3.3150656925
H       16.3146184843     7.4720350130     5.6276993588
H       12.7421158842     3.4329156925     3.0816536879
H       13.8319519368     3.0027410995     0.9959283416
H       18.3308828111     3.3562925806     1.2734492691
H       13.5723072170     1.2152834714     2.6289890143
H       18.3988311560     1.1115839005     2.1764858657
H       16.3753521671     0.8565673644     7.6829662148
H       14.1899417777     1.0004731289     6.6255862021
H       20.2292661042     2.6553446981     2.6290133304
H       16.0772956829     0.0692160342     5.4156080497
32
# Point -14 Energy = 0.0
C       20.6013545368     3.7627153106     7.2437187797
H       18.3878485767     2.9610482802     6.7619272917
C       19.4514424795     2.9985233326     6.6043939681
H       20.1317072578     2.5605611662     7.3694720106
H       21.1197568374     1.2154819876     6.0087440621
C       20.1964214600     1.6819429947     6.3535043951
H       19.4183859111     0.9136778656     6.2837286625
H       20.0803764768     1.7518640750     7.4478404703
H       21.6540103177     4.0007549791     7.1107442372
H       20.3744345944     2.9524160975     7.9533333171
H       20.1437437009     4.5432037857     7.8580175688
Si       16.3627537792     3.4462400499     4.3560960717
O       16.2940232404     5.0196385148     4.6903037140
O       17.8772510383     3.0857098040     3.7770770782
O       15.3054607840     3.0502422588     3.1566519873
O       16.0612840338     2.5681912437     5.6897481268
Si       16.4913214865     6.5993340054     4.3898642639
Si       13.8602892721     2.6510818173     2.4567509495
Si       18.7549979880     2.5428920483     2.4433104048
Si       15.6885832494     1.1381837808     6.3856777458
H       17.8789084372     6.8632084454     3.8740518824
H       15.5316743737     7.0109788636     3.3013996265
H       16.2932702103     7.4806783231     5.6131539958
H       12.7505146976     3.4062252034     3.0801235718
H       13.8459471027     2.9736446293     0.9978283709
H       18.3426740471     3.3586627222     1.2798785242
H       13.5961930317     1.1921362035     2.6389182207
H       18.4235125007     1.1184051181     2.1929516903
H       16.3934502089     0.8745693037     7.6974776488
H       14.2088439248     0.9998475588     6.6360591210
H       20.2434865128     2.6757660082     2.6413139617
H       16.1040585315     0.0754762230     5.4331036405
32
# Point -13 Energy = 0.0
C       20.6229586844     3.7477286481     7.2765653587
H       18.3871060913     3.0872511897     6.7406214957
C       19.4561432215     3.0184945034     6.6261716353
H       20.0474115760     2.5265703941     7.4298012912
H       21.0374556688     1.2204726948     5.9079050211
C       20.1347722776     1.6800238925     6.3128819385
H       19.3294561695     0.9438241143     6.2121845058
H       20.0813974439     1.6855624373     7.4137516745
H       21.6763581961     3.9614117787     7.1077248885
H       20.4210999396     2.9363097958     7.9916909084
H       20.1943418353     4.5442948419     7.8912731288
Si       16.3705024167     3.4472813330     4.3578707685
O       16.2913859689     5.0225059376     4.6882523210
O       17.8860772076     3.0935666634     3.7822487455
O       15.3151142049     3.0418661974     3.1608085094
O       16.0708654688     2.5748055921     5.6962884020
Si       16.4811007684     6.6036060498     4.3806622646
Si       13.8737061446     2.6314820085     2.4610522905
Si       18.7679141104     2.5510644463     2.4543383016
Si       15.7053477637     1.1442528085     6.3974451142
H       17.8675482506     6.8718933407     3.8656547882
H       15.5201703551     7.0046009041     3.2898518328
H       16.2766106565     7.4874777997     5.6006057198
H       12.7586758234     3.3828601929     3.0800915896
H       13.8585391401     2.9477874809     1.0006513640
H       18.3533336851     3.3593993306     1.2857018977
H       13.6173171499     1.1717753397     2.6489640910
H       18.4450559990     1.1231896076     2.2077183935
H       16.4100777019     0.8899912366     7.7108595168
H       14.2261231536     0.9993812581     6.6463353909
H       20.2562560726     2.6919962324     2.6519336944
H       16.1277574541     0.0805739496     5.4492585174
32
# Point -12 Energy = 0.0
C       20.6401943626     3.7334254149     7.3070194736
H       18.3969902285     3.2013071146     6.7124342581
C       19.4606279285     3.0331938593     6.6468823920
H       19.9533573888     2.4989628776     7.4875477155
H       20.9664769703     1.2376228906     5.8202612014
C       20.0807831105     1.6808135546     6.2787331662
H       19.2534750478     0.9746664682     6.1452929641
H       20.0807755719     1.6192393860     7.3786736993
H       21.6911409491     3.9286701082     7.1006251646
H       20.4680995308     2.9211634632     8.0281909209
H       20.2374178699     4.5444238970     7.9204615727
Si       16.3780004463     3.4473347589     4.3597100052
O       16.2901706575     5.0242180681     4.6871482236
O       17.8941046411     3.0992409759     3.7868568148
O       15.3238321685     3.0342961820     3.1650937809
O       16.0796214546     2.5800144891     5.7024536984
Si       16.4738253260     6.6066410744     4.3732240051
Si       13.8856400337     2.6146131668     2.4656502031
Si       18.7791155266     2.5569628202     2.4642603364
Si       15.7200341895     1.1489463791     6.4081509149
H       17.8592548411     6.8782147076     3.8587937171
H       15.5117880929     6.9985611031     3.2805863644
H       16.2641164857     7.4925240956     5.5903595249
H       12.7663099048     3.3629778475     3.0810840181
H       13.8696406685     2.9255165338     1.0039814004
H       18.3628263116     3.3589081077     1.2910136322
H       13.6354919480     1.1543564932     2.6585278647
H       18.4633994535     1.1262148677     2.2206824974
H       16.4246812291     0.9025945140     7.7228127246
H       14.2412740084     0.9988946851     6.6558923222
H       20.2674727686     2.7043384530     2.6611098395
H       16.1480414853     0.0844436431     5.4636509438
32
# Point -11 Energy = 0.0
C       20.6536168039     3.7202815753     7.3347972376
H       18.4159055601     3.3021623533     6.6782922516
C       19.4646173856     3.0429771694     6.6667770519
H       19.8509916017     2.4789709876     7.5414270379
H       20.9067033678     1.2637082954     5.7457131002
C       20.0342944300     1.6825599425     6.2512540944
H       19.1898067414     1.0043151101     6.0841086315
H       20.0798930126     1.5535471607     7.3438676673
H       21.6990185917     3.9026349217     7.0888689691
H       20.5161748372     2.9081141435     8.0627333313
H       20.2736853549     4.5445831810     7.9452073542
Si       16.3850675283     3.4465519126     4.3615871337
O       16.2900304614     5.0249424101     4.6869998679
O       17.9012512020     3.1030258282     3.7910043757
O       15.3315509355     3.0276053444     3.1693695478
O       16.0873547391     2.5839028918     5.7081815953
Si       16.4690320283     6.6086584556     4.3676136201
Si       13.8960959094     2.6004227947     2.4702579379
Si       18.7886845792     2.5609686712     2.4732407535
Si       15.7325160831     1.1522771748     6.4176669778
H       17.8535943507     6.8825294358     3.8536618061
H       15.5060930813     6.9930220414     3.2735798626
H       16.2551462144     7.4960124186     5.5824878368
H       12.7732908845     3.3464311252     3.0827331770
H       13.8793343823     2.9068131222     1.0075279106
H       18.3712391155     3.3575708761     1.2959500644
H       13.6508398568     1.1397727968     2.6672659951
H       18.4787677844     1.1278130451     2.2319415475
H       16.4370699821     0.9124255255     7.7332768112
H       14.2541463917     0.9982630878     6.6644647660
H       20.2772076682     2.7133048156     2.6691461982
H       16.1649597348     0.0871333861     5.4761608478
32
# Point -10 Energy = 0.0
C       20.6637898341     3.7085667398     7.3599835169
H       18.4423648746     3.3892866336     6.6387157023
C       19.4679628569     3.0483588754     6.6861398948
H       19.7419665034     2.4675134759     7.5902642711
H       20.8569841537     1.2960967326     5.6833349013
C       19.9946101442     1.6839916489     6.2301369238
H       19.1371423246     1.0315950049     6.0289773705
H       20.0797385076     1.4886912831     7.3099548983
H       21.7005828284     3.8829672393     7.0725214319
H       20.5657647362     2.8980447411     8.0953512492
H       20.3038821638     4.5454535009     7.9655175539
Si       16.3916426217     3.4450801044     4.3635322272
O       16.2907052515     5.0248444764     4.6878064759
O       17.9075499930     3.1052241349     3.7948478823
O       15.3383297349     3.0217924573     3.1735854708
O       16.0940165655     2.5866013499     5.7135041866
Si       16.4663064901     6.6098597798     4.3638180727
Si       13.9052124054     2.5887254413     2.4747129232
Si       18.7968154968     2.5634446659     2.4815109727
Si       15.7428542101     1.1543300738     6.4260231074
H       17.8501659212     6.8851871781     3.8503475233
H       15.5026873543     6.9880608400     3.2687282584
H       16.2490984667     7.4981584748     5.5769495969
H       12.7796199593     3.3329340335     3.0847767218
H       13.8878191169     2.8914656785     1.0111134203
H       18.3787473165     3.3556909544     1.3006878751
H       13.6636512822     1.1277939210     2.6750231225
H       18.4915292081     1.1282879341     2.2417245268
H       16.4472525558     0.9196722653     7.7423494137
H       14.2647891121     0.9974098714     6.6719692962
H       20.2856362027     2.7194306821     2.6763896886
H       16.1787624078     0.0887418074     5.4868668837
32
# Point -9 Energy = 0.0
C       20.6711158541     3.6984890624     7.3828042595
H       18.4750000680     3.4621581732     6.5939927746
C       19.4705570736     3.0497967472     6.7052874796
H       19.6281408088     2.4651139379     7.6330351006
H       20.8158003765     1.3329683109     5.6317557831
C       19.9609286587     1.6842811967     6.2148132732
H       19.0941134541     1.0557788599     5.9799125938
H       20.0812086552     1.4246809148     7.2770773265
H       21.6961744441     3.8692358061     7.0519231551
H       20.6170589748     2.8917828381     8.1261395299
H       20.3284865897     4.5475594704     7.9814961467
Si       16.3977253473     3.4430351550     4.3656185548
O       16.2920265134     5.0240570363     4.6895862557
O       17.9130819244     3.1060721478     3.7985856002
O       15.3442824213     3.0168303259     3.1777466675
O       16.0996018853     2.5882360102     5.7185085257
Si       16.4653565516     6.6103993503     4.3618192441
Si       13.9131794141     2.5793297948     2.4789223734
Si       18.8037348149     2.5646552011     2.4893501139
Si       15.7511264634     1.1552080774     6.4333263103
H       17.8486916796     6.8864560043     3.8489246635
H       15.5013061985     6.9837090790     3.2659225617
H       16.2455134740     7.4991467563     5.5736846517
H       12.7853688341     3.3222204305     3.0870150168
H       13.8953509136     2.8792358137     1.0146277303
H       18.3855760610     3.3534621991     1.3054433545
H       13.6742395499     1.1181977551     2.6817363892
H       18.5020572485     1.1278541491     2.2503315562
H       16.4552478383     0.9245460723     7.7502038848
H       14.2732701929     0.9963083573     6.6784082402
H       20.2929648196     2.7231271467     2.6832260141
H       16.1896934967     0.0893698202     5.4959402287
32
# Point -8 Energy = 0.0
C       20.6757267707     3.6903353049     7.4034321281
H       18.5124807630     3.5200263053     6.5445553847
C       19.4722483514     3.0475438236     6.7245643141
H       19.5116211888     2.4717815596     7.6689447209
H       20.7817621602     1.3733307828     5.5894533045
C       19.9327028380     1.6829159386     6.2046579952
H       19.0597727553     1.0762084854     5.9369159883
H       20.0855175391     1.3615323669     7.2450876819
H       21.6857479693     3.8612218222     7.0273605234
H       20.6701121651     2.8902873349     8.1551372026
H       20.3475143113     4.5514004538     7.9931385208
Si       16.4033175984     3.4404902586     4.3679390762
O       16.2939032614     5.0226678238     4.6923838098
O       17.9179135370     3.1056936950     3.8024403493
O       15.3495147424     3.0127091569     3.1818723211
O       16.1040550369     2.5888994334     5.7232933546
Si       16.4660481127     6.6103745963     4.3616346803
Si       13.9201662081     2.5721380128     2.4828006194
Si       18.8096344390     2.5647189379     2.4970643547
Si       15.7572849755     1.1549981681     6.4396857894
H       17.8490661078     6.8864816378     3.8495106482
H       15.5018724130     6.9799939030     3.2650887343
H       16.2441253746     7.4991050238     5.5726706829
H       12.7906238550     3.3141662366     3.0892537388
H       13.9021913682     2.8699870679     1.0179710238
H       18.3919655506     3.3509577666     1.3104639350
H       13.6828239333     1.1108713790     2.6873412702
H       18.5106227156     1.1266016883     2.2580817234
H       16.4609258196     0.9272005212     7.7570158572
H       14.2795258334     0.9949870238     6.6837786754
H       20.2993687138     2.7245851303     2.6900751638
H       16.1978241915     0.0890903607     5.5035517876
32
# Point -7 Energy = 0.0
C       20.6775024308     3.6844958180     7.4218774204
H       18.5534913861     3.5621943883     6.4915262245
C       19.4728119065     3.0416357620     6.7443190553
H       19.3947447428     2.4868891079     7.6975113669
H       20.7537065794     1.4168486236     5.5549142590
C       19.9097440952     1.6795726179     6.1990916363
H       19.0336751705     1.0920938125     5.9001215628
H       20.0943658654     1.2993921759     7.2136758058
H       21.6688572804     3.8589923867     6.9988700629
H       20.7249632740     2.8946764593     8.1821579879
H       20.3605307942     4.5574369567     8.0003027678
Si       16.4083983596     3.4374791734     4.3705776582
O       16.2962980884     5.0207231418     4.6962498189
O       17.9220736884     3.1041040356     3.8066322955
O       15.3540998055     3.0094468707     3.1859618694
O       16.1072419717     2.5886470189     5.7279351973
Si       16.4683838429     6.6098324872     4.3633064150
Si       13.9262962027     2.5671607919     2.4862294161
Si       18.8146504358     2.5636172150     2.5049585960
Si       15.7611252528     1.1537632582     6.4451704529
H       17.8513365625     6.8852947859     3.8522599543
H       15.5044759083     6.9769515601     3.2661760640
H       16.2448396339     7.4981060856     5.5739165606
H       12.7954597554     3.3088039812     3.0912657246
H       13.9085846818     2.8637076177     1.0210154971
H       18.3981518942     3.3481455266     1.3160030011
H       13.6895024398     1.1058240082     2.6917233063
H       18.5173710192     1.1245043983     2.2652761286
H       16.4639752725     0.9277157640     7.7629213884
H       14.2833280043     0.9935221628     6.6880256839
H       20.3049715279     2.7237808058     2.6973674558
H       16.2030227269     0.0879432024     5.5098247262
32
# Point -6 Energy = 0.0
C       20.6763107718     3.6812233240     7.4380890297
H       18.5969485364     3.5889882511     6.4371546522
C       19.4720353728     3.0321110034     6.7648588415
H       19.2798852240     2.5092212655     7.7185823297
H       20.7302119236     1.4635355839     5.5265724647
C       19.8918460850     1.6741402931     6.1974595217
H       19.0152631780     1.1028986075     5.8695553246
H       20.1093842276     1.2385342502     7.1822428580
H       21.6449235362     3.8624900864     6.9663952234
H       20.7816514726     2.9058494080     8.2066706351
H       20.3670909362     4.5657996558     8.0030171981
Si       16.4129639240     3.4340125541     4.3735883312
O       16.2991937921     5.0182472107     4.7011857912
O       17.9256041229     3.1012866800     3.8113490904
O       15.3581256840     3.0070268422     3.1899954059
O       16.1090477644     2.5875300972     5.7324901750
Si       16.4723887032     6.6087900643     4.3668080149
Si       13.9317078329     2.5643692408     2.4890839364
Si       18.8189254385     2.5612836980     2.5133089368
Si       15.7624616812     1.1515744880     6.4498469323
H       17.8555695425     6.8828870737     3.8572497063
H       15.5092283203     6.9745759130     3.2690663897
H       16.2475886634     7.4962060241     5.5773518192
H       12.7999709294     3.3061342742     3.0928126516
H       13.9147872555     2.8603275369     1.0236247588
H       18.4043774189     3.3449301265     1.3222791570
H       13.6943864361     1.1030315383     2.6947796615
H       18.5224520501     1.1214889376     2.2722061029
H       16.4641055840     0.9261954313     7.7680524689
H       14.2844703635     0.9920040521     6.6911002278
H       20.3099023131     2.7206419787     2.7054960618
H       16.2051715159     0.0859665095     5.5148916618
32
# Point -5 Energy = 0.0
C       20.6724448875     3.6800960620     7.4523425785
H       18.6425825332     3.6030989856     6.3846136152
C       19.4698939269     3.0194354524     6.7863884068
H       19.1690490788     2.5373945934     7.7322080728
H       20.7088793456     1.5134893791     5.5026367357
C       19.8780394753     1.6669694291     6.1986895738
H       19.0027806746     1.1093804781     5.8444614934
H       20.1307599677     1.1792419343     7.1494783708
H       21.6138683120     3.8706238566     6.9304430818
H       20.8400155774     2.9235887915     8.2279458693
H       20.3676194503     4.5757632379     8.0021249111
Si       16.4171060668     3.4301021923     4.3769890351
O       16.3025354896     5.0152730073     4.7070609693
O       17.9286537866     3.0973263418     3.8167189343
O       15.3617830830     3.0052663428     3.1939748516
O       16.1095656009     2.5856614198     5.7370376428
Si       16.4778987386     6.6072641404     4.3718770956
Si       13.9366652228     2.5633982536     2.4913313991
Si       18.8227197978     2.5577528277     2.5223407015
Si       15.7614652314     1.1485815003     6.4539040745
H       17.8616018480     6.8793405704     3.8642643832
H       15.5159913658     6.9727050779     3.2734121572
H       16.2520700583     7.4935150021     5.5826202786
H       12.8043296751     3.3057570639     3.0937343857
H       13.9211149634     2.8593463010     1.0257380530
H       18.4109008547     3.3412033932     1.3294251410
H       13.6978495431     1.1021286006     2.6965970397
H       18.5262564436     1.1175438071     2.2792109624
H       16.4614376869     0.9229674119     7.7726554807
H       14.2831265410     0.9904851942     6.6931281190
H       20.3143968372     2.7153416020     2.7147502418
H       16.2045785362     0.0832597494     5.5190617047
32
# Point -4 Energy = 0.0
C       20.6669586594     3.6795601266     7.4656677743
H       18.6917332564     3.6100188469     6.3366934917
C       19.4666561235     3.0048113879     6.8089211497
H       19.0633734723     2.5705986422     7.7383236093
H       20.6865034627     1.5667617201     5.4814286810
C       19.8662468478     1.6590845491     6.2011766179
H       18.9928804246     1.1143662499     5.8227604570
H       20.1560049066     1.1217103115     7.1132549728
H       21.5768444632     3.8804943061     6.8928783884
H       20.8993273097     2.9456912663     8.2456111467
H       20.3641750138     4.5854801040     7.9997021176
Si       16.4210086177     3.4257902830     4.3807480170
O       16.3061336563     5.0118758782     4.7135515656
O       17.9314803899     3.0925188105     3.8227618410
O       15.3653520270     3.0037386059     3.1979551264
O       16.1091897035     2.5832661842     5.7417028744
Si       16.4843487811     6.6053071809     4.3778976256
Si       13.9415511935     2.5633527891     2.4931189714
Si       18.8264089501     2.5532878168     2.5321693251
Si       15.7588729620     1.1450621626     6.4577326908
H       17.8687963425     6.8749387618     3.8726280149
H       15.5241066654     6.9709597754     3.2785360751
H       16.2575143513     7.4902573173     5.5889416793
H       12.8087486018     3.3066229697     3.0940475729
H       13.9278714991     2.8595917467     1.0274488238
H       18.4179063443     3.3369082240     1.3374157351
H       13.7006224338     1.1022041834     2.6975936171
H       18.5294994572     1.1128187835     2.2866738909
H       16.4567693455     0.9187208913     7.7771573919
H       14.2800760944     0.9889402706     6.6945392593
H       20.3187916938     2.7085298533     2.7252064322
H       16.2022275498     0.0800320011     5.5229204241
32
# Point -3 Energy = 0.0
C       20.6613474426     3.6773847327     7.4795926549
H       18.7474307660     3.6155592074     6.2938017959
C       19.4627250394     2.9898353224     6.8321819152
H       18.9629614848     2.6089753968     7.7364327894
H       20.6609760060     1.6231191770     5.4627242178
C       19.8543228474     1.6517665974     6.2036115883
H       18.9823194830     1.1215813265     5.8018353840
H       20.1807847102     1.0662041102     7.0719616473
H       21.5362094454     3.8879900302     6.8566847633
H       20.9581112454     2.9686250756     8.2602266898
H       20.3599103706     4.5928076210     7.9981105647
Si       16.4247693153     3.4211854196     4.3847483186
O       16.3095989602     5.0081961396     4.7202190811
O       17.9342438371     3.0873437241     3.8293116308
O       15.3689761139     3.0019642707     3.2019907256
O       16.1083970377     2.5806388297     5.7465666434
Si       16.4908104468     6.6030451166     4.3840875235
Si       13.9465991387     2.5631459324     2.4947059497
Si       18.8302237986     2.5483859787     2.5426719225
Si       15.7556816474     1.1413488877     6.4617388607
H       17.8760947315     6.8701478858     3.8813939208
H       15.5324426259     6.9689259373     3.2836559587
H       16.2628008814     7.4867387467     5.5953661225
H       12.8132696842     3.3074054839     3.0939449030
H       13.9350801206     2.8596650486     1.0289569560
H       18.4252800328     3.3321591656     1.3459987205
H       13.7034272778     1.1021381475     2.6983512503
H       18.5328589160     1.1076652198     2.2947952424
H       16.4512725441     0.9142898387     7.7819554181
H       14.2763876849     0.9872747835     6.6958880894
H       20.3232806745     2.7012250906     2.7365926236
H       16.1993862898     0.0765637559     5.5270614884
32
# Point -2 Energy = 0.0
C       20.6565191395     3.6721657653     7.4949547574
H       18.8128247604     3.6212896971     6.2534366545
C       19.4582690031     2.9755281102     6.8556694746
H       18.8674695215     2.6529877129     7.7256872242
H       20.6332856245     1.6816269087     5.4487516569
C       19.8419295352     1.6455265963     6.2063253946
H       18.9707791058     1.1326506855     5.7806608588
H       20.2022232163     1.0134011056     7.0266731464
H       21.4941503882     3.8899528168     6.8240652050
H       21.0145922939     2.9901426984     8.2729995636
H       20.3569901888     4.5969753487     7.9978432389
Si       16.4282035816     3.4164783768     4.3887909419
O       16.3124453518     5.0044255405     4.7267583077
O       17.9367685902     3.0822709742     3.8360286147
O       15.3724300736     2.9998206776     3.2060295864
O       16.1073303774     2.5780044176     5.7515252253
Si       16.4964222241     6.6006831607     4.3900036599
Si       13.9516005809     2.5622991066     2.4962297863
Si       18.8339606522     2.5436118085     2.5534513395
Si       15.7524185610     1.1376449181     6.4659642579
H       17.8825227945     6.8654303112     3.8899479384
H       15.5399398751     6.9665230202     3.2884071016
H       16.2670131521     7.4832064540     5.6014091924
H       12.8175925842     3.3074297162     3.0936319822
H       13.9423084719     2.8589751692     1.0303798159
H       18.4325215697     3.3273452388     1.3547640635
H       13.7063891381     1.1014153639     2.6991427874
H       18.5364107644     1.1025655673     2.3033181332
H       16.4456672166     0.9101237601     7.7870311832
H       14.2726478371     0.9853947862     6.6973894179
H       20.3276487418     2.6943234088     2.7483372998
H       16.1967056847     0.0730827779     5.5315575501
32
# Point -1 Energy = 0.0
C       20.6522464154     3.6642239931     7.5111492614
H       18.8892763543     3.6233570886     6.2124625941
C       19.4530670992     2.9618896995     6.8789139441
H       18.7769923017     2.7023626712     7.7054120827
H       20.6066754005     1.7405900300     5.4429401323
C       19.8308415085     1.6396861272     6.2113201852
H       18.9611637831     1.1457556949     5.7607060337
H       20.2210808895     0.9643512674     6.9813028300
H       21.4513799789     3.8855501454     6.7949446836
H       21.0674621528     3.0109218915     8.2847418249
H       20.3553484757     4.5991250622     7.9968053500
Si       16.4309092557     3.4119125315     4.3926676364
O       16.3142838820     5.0007710311     4.7331376980
O       17.9386151037     3.0776119824     3.8425616828
O       15.3752289164     2.9976693347     3.2098942762
O       16.1056888978     2.5754573625     5.7563031586
Si       16.5007604093     6.5984664583     4.3957711272
Si       13.9560225798     2.5612397964     2.4975681862
Si       18.8370913945     2.5394198039     2.5640354997
Si       15.7488435537     1.1339652181     6.4700056323
H       17.8876203811     6.8610940577     3.8983451515
H       15.5460940871     6.9641078793     3.2930218066
H       16.2698086973     7.4797747230     5.6073061798
H       12.8212219006     3.3070517446     3.0931461275
H       13.9489169258     2.8581057164     1.0316274966
H       18.4390128938     3.3230470852     1.3633518409
H       13.7089994201     1.1004391626     2.6997084273
H       18.5396184702     1.0979984745     2.3116387975
H       16.4398089306     0.9061006128     7.7919077609
H       14.2686331842     0.9832804513     6.6987288014
H       20.3313817128     2.6882684107     2.7598785616
H       16.1938856439     0.0697064922     5.5358605888
32
# Point 0 Energy = 0
C       20.6477110000     3.6549790000     7.5266840000
H       18.9761800000     3.6157410000     6.1694560000
C       19.4467280000     2.9484220000     6.9016430000
H       18.6922510000     2.7558520000     7.6754250000
H       20.5840390000     1.7980300000     5.4478400000
C       19.8234060000     1.6330100000     6.2209870000
H       18.9571360000     1.1573250000     5.7446630000
H       20.2404540000     0.9200090000     6.9405780000
H       21.4074060000     3.8754920000     6.7676150000
H       21.1161610000     3.0334640000     8.2953550000
H       20.3536290000     4.6012450000     7.9917750000
Si       16.4325060000     3.4077350000     4.3962220000
O       16.3148940000     4.9974300000     4.7394840000
O       17.9393640000     3.0735620000     3.8486780000
O       15.3769370000     2.9960700000     3.2133680000
O       16.1030250000     2.5730330000     5.7606000000
Si       16.5037570000     6.5966350000     4.4017980000
Si       13.9593780000     2.5607940000     2.4984440000
Si       18.8391290000     2.5361430000     2.5740860000
Si       15.7443760000     1.1302530000     6.4733110000
H       17.8913405600     6.8573308000     3.9070238400
H       15.5508605600     6.9622108000     3.2979838400
H       16.2712205600     7.4764908000     5.6136238400
H       12.8237502400     3.3071035200     3.0923555200
H       13.9544302400     2.8581435200     1.0324755200
H       18.4443303200     3.3198514400     1.3715668800
H       13.7106302400     1.1000235200     2.6995155200
H       18.5418503200     1.0943714400     2.3191668800
H       16.4331100800     0.9018602400     7.7959848800
H       14.2637500800     0.9809802400     6.6993448800
H       20.3340103200     2.6832114400     2.7708868800
H       16.1902300800     0.0665002400     5.5392248800
32
# Point 1 Energy = 0.0
C       20.6423273708     3.6457161788     7.5402816900
H       19.0725092744     3.5937447814     6.1251704405
C       19.4389729152     2.9348747582     6.9237305663
H       18.6141066127     2.8118829490     7.6358086568
H       20.5664975608     1.8524012984     5.4642682904
C       19.8210327271     1.6246487224     6.2369290107
H       18.9608873209     1.1646330610     5.7345897419
H       20.2630176589     0.8808598851     6.9080565693
H       21.3617553679     3.8603847617     6.7404758951
H       21.1605334950     3.0598680718     8.3043199757
H       20.3508392998     4.6048199751     7.9802030246
Si       16.4327728804     3.4041629524     4.3993441805
O       16.3141357966     4.9945841710     4.7458703766
O       17.9387841196     3.0703180533     3.8542505707
O       15.3773274133     2.9954332896     3.2162804778
O       16.0990531481     2.5708070713     5.7642058526
Si       16.5053630312     6.5953999598     4.4083463097
Si       13.9614263131     2.5615332074     2.4986177683
Si       18.8398313402     2.5340747750     2.5834268922
Si       15.7386424703     1.1265212144     6.4754975394
H       17.8936558847     6.8543323989     3.9162945706
H       15.5542256816     6.9612233024     3.3035839998
H       16.2712303997     7.4734375729     5.6207219038
H       12.8249688504     3.3081500780     3.0910914420
H       13.9586442466     2.8598299282     1.0327190726
H       18.4482911381     3.3182140066     1.3793182479
H       13.7109597158     1.1007306859     2.6981524531
H       18.5427896532     1.0920251919     2.3255551889
H       16.4251663256     0.8972242810     7.7988627729
H       14.2576133978     0.9785626392     6.6988175630
H       20.3352979831     2.6793415845     2.7812233066
H       16.1853212070     0.0635611935     5.5411510095
32
# Point 2 Energy = 0.0
C       20.6357660006     3.6375654976     7.5507720743
H       19.1766670266     3.5536891805     6.0817972811
C       19.4296657439     2.9211747839     6.9451045696
H       18.5434357275     2.8686339671     7.5869417292
H       20.5538846794     1.9024949190     5.4919454969
C       19.8244079623     1.6141091386     6.2602780681
H       18.9734474981     1.1656879403     5.7322450629
H       20.2908283400     0.8471627853     6.8864611267
H       21.3140783834     3.8406534856     6.7120842056
H       21.2007002427     3.0918851635     8.3107204923
H       20.3463550228     4.6108987494     7.9599207189
Si       16.4316307266     3.4013863712     4.4019488629
O       16.3119488252     4.9923953218     4.7523331481
O       17.9368016172     3.0680854435     3.8591982867
O       15.3763375276     2.9960574748     3.2184972794
O       16.0936538966     2.5688684594     5.7669654594
Si       16.5055504076     6.5949460798     4.4155819117
Si       13.9621120742     2.5638363635     2.4978955197
Si       18.8391408852     2.5335005982     2.5919544849
Si       15.7314863273     1.1228107230     6.4762894740
H       17.8945521675     6.8522967825     3.9263689141
H       15.5561890057     6.9614320985     3.3099980540
H       16.2698004284     7.4707089148     5.6288278987
H       12.8248226478     3.3105440835     3.0891957581
H       13.9615367417     2.8636570407     1.0321882590
H       18.4508742777     3.3185215425     1.3865556963
H       13.7099054440     1.1029297996     2.6953074751
H       18.5423606633     1.0912729145     2.3305822937
H       16.4157913424     0.8921191659     7.8002605349
H       14.2500596021     0.9760776415     6.6968317279
H       20.3351857294     2.6769037831     2.7908231395
H       16.1790036350     0.0609957869     5.5412903563
32
# Point 3 Energy = 0.0
C       20.6280047864     3.6315085747     7.5570225626
H       19.2862254480     3.4929945453     6.0426053979
C       19.4188778619     2.9073975020     6.9657223116
H       18.4811555049     2.9241260750     7.5296825121
H       20.5447805879     1.9472762541     5.5296093057
C       19.8333639309     1.6012436910     6.2917312063
H       18.9944611641     1.1593239615     5.7392747466
H       20.3248993195     0.8190212766     6.8776123030
H       21.2642177118     3.8166262151     6.6811708257
H       21.2370823998     3.1309167859     8.3131979613
H       20.3399364015     4.6200978822     7.9290566953
Si       16.4291810532     3.3995535047     4.4039813532
O       16.3083880593     4.9909866184     4.7588954097
O       17.9335352197     3.0670747144     3.8634752630
O       15.3740984450     2.9981225542     3.2199307774
O       16.0869276662     2.5672885358     5.7687778503
Si       16.5043386766     6.5954173238     4.4236130752
Si       13.9615894251     2.5678862400     2.4961476859
Si       18.8372104588     2.5347126403     2.5996132161
Si       15.7230334158     1.1191506290     6.4755057744
H       17.8940502797     6.8514243389     3.9373888921
H       15.5567788822     6.9630130125     3.3173378640
H       16.2669080136     7.4683813024     5.6380870210
H       12.8234371054     3.3144112208     3.0865574877
H       13.9632777767     2.8698797850     1.0307704304
H       18.4522324868     3.3211178670     1.3932575062
H       13.7076562367     1.1067900514     2.6907744572
H       18.5407572607     1.0924164017     2.3341160071
H       16.4050952133     0.8865247589     7.7999951311
H       14.2412147164     0.9735088307     6.6931761922
H       20.3338195107     2.6762170185     2.7996603622
H       16.1714455816     0.0588918886     5.5394177755
32
# Point 4 Energy = 0.0
C       20.6194303787     3.6280310209     7.5583010494
H       19.3985713403     3.4108900362     6.0115921199
C       19.4069163527     2.8938907473     6.9855507051
H       18.4280098319     2.9766787062     7.4652172329
H       20.5368809566     1.9861487972     5.5751291048
C       19.8467307196     1.5864579436     6.3312155693
H       19.0220294104     1.1458660640     5.7565587128
H       20.3645150200     0.7963067355     6.8818263543
H       21.2125135624     3.7882633905     6.6471851168
H       21.2702423542     3.1773324368     8.3103737886
H       20.3320108954     4.6322733971     7.8865561538
Si       16.4256901316     3.3987523299     4.4054167419
O       16.3035809574     4.9904332103     4.7655165227
O       17.9292801159     3.0674956223     3.8670623415
O       15.3709115860     3.0016132023     3.2205646499
O       16.0792118176     2.5661388427     5.7696261031
Si       16.5017159788     6.5969009648     4.4323858615
Si       13.9601977565     2.5735415195     2.4933644122
Si       18.8343817680     2.5379820128     2.6063930829
Si       15.7137467017     1.1155909897     6.4731410117
H       17.8921165011     6.8519143283     3.9492975525
H       15.5559523903     6.9659612129     3.3255465425
H       16.2624649188     7.4665317800     5.6484326581
H       12.8210864849     3.3195183571     3.0831580185
H       13.9641809741     2.8783416255     1.0284557402
H       18.4526402775     3.3262302852     1.3994073755
H       13.7046788577     1.1121535259     2.6845581070
H       18.5384466960     1.0957036921     2.3361607101
H       16.3935602744     0.8805625494     7.7980614821
H       14.2315541681     0.9707834369     6.6878470520
H       20.3315288396     2.6776826523     2.8077225723
H       16.1632025818     0.0573305847     5.5355409141
32
# Point 5 Energy = 0.0
C       20.6107261195     3.6271585978     7.5542987876
H       19.5108277464     3.3083487109     5.9930425626
C       19.3942700070     2.8811910514     7.0045745252
H       18.3845209991     3.0250395007     7.3950186245
H       20.5275996536     2.0189356002     5.6258376172
C       19.8626409505     1.5705699146     6.3778817381
H       19.0531556346     1.1268945632     5.7840849842
H       20.4075345966     0.7786353402     6.8978998526
H       21.1596769847     3.7554009116     6.6102837079
H       21.3008745396     3.2304942620     8.3010127223
H       20.3234930110     4.6466035233     7.8322478077
Si       16.4215436318     3.3990067935     4.4062639564
O       16.2977187728     4.9907602122     4.7721048448
O       17.9244551268     3.0695221933     3.8699705182
O       15.3671938499     3.0063457918     3.2204535311
O       16.0710152023     2.5654864775     5.7695767510
Si       16.4976671208     6.5994238870     4.4417052071
Si       13.9583967450     2.5803999161     2.4896507648
Si       18.8311207369     2.5435113851     2.6123301777
Si       15.7043273986     1.1122015268     6.4693571453
H       17.8886972755     6.8539329239     3.9618630953
H       15.5536323100     6.9701157415     3.3344201928
H       16.2563655404     7.4652328492     5.6596130600
H       12.8181457425     3.3253590753     3.0790695205
H       13.9646458936     2.8885464841     1.0253331801
H       18.4524477302     3.3339383267     1.4049982691
H       13.7016191478     1.1186018799     2.6768610292
H       18.5360715771     1.1012889646     2.3368496024
H       16.3819365271     0.8744708724     7.7946243732
H       14.2218000333     0.9678030355     6.6810369933
H       20.3287657160     2.6817019508     2.8150142206
H       16.1550942791     0.0563797368     5.5298859972
32
# Point 6 Energy = 0.0
C       20.6027493400     3.6284957247     7.5451800651
H       19.6198577095     3.1880528338     5.9910372561
C       19.3815259333     2.8699416273     7.0228068323
H       18.3509275374     3.0684388914     7.3207005352
H       20.5146328873     2.0458973093     5.6789042733
C       19.8789192524     1.5546283060     6.4301305764
H       19.0843301188     1.1048949565     5.8207851628
H       20.4509284337     0.7653122862     6.9232339634
H       21.1066355312     3.7179748465     6.5712941504
H       21.3297751618     3.2887943693     8.2842309959
H       20.3156093622     4.6617199907     7.7669613325
Si       16.4171814198     3.4002800638     4.4065644128
O       16.2910315853     4.9919485408     4.7785236567
O       17.9195302166     3.0732603980     3.8722425137
O       15.3634052512     3.0120041696     3.2197149158
O       16.0629275992     2.5653990038     5.7687740280
Si       16.4921907288     6.6029558025     4.4512483749
Si       13.9566848525     2.5878729515     2.4852111396
Si       18.8279347459     2.5513864388     2.6175075548
Si       15.6955852155     1.1090815292     6.4644705814
H       17.8837444078     6.8575839569     3.9746981648
H       15.5497369955     6.9751923618     3.3436192827
H       16.2485234633     7.4645562090     5.6712094148
H       12.8150267453     3.3312545945     3.0744395300
H       13.9650883088     2.8997408393     1.0215752094
H       18.4520213505     3.3441410209     1.4100348205
H       13.6991822264     1.1255355998     2.6680605853
H       18.5343305419     1.1091917187     2.3364376510
H       16.3711021388     0.8685908829     7.7900076806
H       14.2127869319     0.9644896523     6.6731166994
H       20.3260248659     2.6885885764     2.8215634864
H       16.1480497417     0.0560965478     5.5228805142
32
# Point 7 Energy = 0.0
C       20.5964030381     3.6312676487     7.5316276729
H       19.7224061428     3.0541960435     6.0089026923
C       19.3692658030     2.8608046890     7.0402816259
H       18.3271416913     3.1065430054     7.2437769630
H       20.4964286263     2.0677936232     5.7317480633
C       19.8935318810     1.5397315749     6.4857574727
H       19.1122494474     1.0828151126     5.8644814769
H       20.4914749112     0.7553507101     6.9542159944
H       21.0543919432     3.6761657395     6.5316293797
H       21.3577638375     3.3497372356     8.2597494931
H       20.3097440745     4.6759057935     7.6925892037
Si       16.4130143671     3.4024858394     4.4063774844
O       16.2837471590     4.9939473422     4.7845910636
O       17.9149353557     3.0787246833     3.8739385660
O       15.3599585658     3.0181896882     3.2185068839
O       16.0555108121     2.5659525855     5.7674176365
Si       16.4853020646     6.6074198414     4.4605793843
Si       13.9554997394     2.5952794490     2.4803186075
Si       18.8252704217     2.5615403372     2.6220372944
Si       15.6882887211     1.1063707231     6.4589166012
H       17.8772255632     6.8628874312     3.9872801447
H       15.5441962872     6.9808292748     3.3526832288
H       16.2388945590     7.4645790646     5.6826589236
H       12.8120975420     3.3364722083     3.0694646223
H       13.9658525983     2.9110204864     1.0174085756
H       18.4516662232     3.3565423054     1.4145206229
H       13.6979931715     1.1322718105     2.6586644254
H       18.5338379710     1.1192705829     2.3352695527
H       16.3619038106     0.8633474064     7.7846594987
H       14.2053084078     0.9608336393     6.6645941183
H       20.3237441900     2.6984915307     2.8274098413
H       16.1429316733     0.0565345941     5.5151082457
32
# Point 8 Energy = 0.0
C       20.5925072950     3.6343878085     7.5148377594
H       19.8153103095     2.9120011182     6.0487194692
C       19.3579634839     2.8543607367     7.0570225467
H       18.3127695698     3.1392934358     7.1654265811
H       20.4724757498     2.0859427561     5.7823910463
C       19.9050217472     1.5268890048     6.5422368226
H       19.1345572050     1.0635755022     5.9120711999
H       20.5264954631     0.7476490656     6.9868444752
H       21.0039116133     3.6304453042     6.4931221985
H       21.3855694239     3.4101314959     8.2281289880
H       20.3072976488     4.6873504323     7.6119882185
Si       16.4093409250     3.4055044832     4.4057530725
O       16.2760481209     4.9966878098     4.7900803549
O       17.9109690203     3.0858253547     3.8751039580
O       15.3571284211     3.0244845645     3.2169920916
O       16.0491921931     2.5672342362     5.7657211992
Si       16.4770321381     6.6127068038     4.4691770160
Si       13.9551181123     2.6019567308     2.4752698613
Si       18.8234105004     2.5737398620     2.6260186383
Si       15.6830203956     1.1042487623     6.4531828884
H       17.8691299467     6.8697667911     3.9989845231
H       15.5369621365     6.9866441778     3.3610635979
H       16.2274963502     7.4653840156     5.6932986551
H       12.8096008680     3.3403554906     3.0643578397
H       13.9671218128     2.9214664920     1.0130736334
H       18.4515450879     3.3706669801     1.4184290989
H       13.6984590926     1.1381586069     2.6492399749
H       18.5349841926     1.1312210968     2.3337124336
H       16.3550033917     0.8592087205     7.7790828122
H       14.1999686161     0.9569270925     6.6560444333
H       20.3222040662     2.7113396032     2.8325658818
H       16.1403657025     0.0577476653     5.5072240905
32
# Point 9 Energy = 0.0
C       20.5916671369     3.6365788052     7.4964120876
H       19.8956545839     2.7670083717     6.1110197384
C       19.3479065927     2.8509885424     7.0729985894
H       18.3071920204     3.1666669401     7.0863910942
H       20.4433839823     2.1021851955     5.8296592553
C       19.9128600423     1.5169373850     6.5971141439
H       19.1504625848     1.0495761596     5.9599859713
H       20.5545144366     0.7413263958     7.0174782598
H       20.9560174498     3.5815475390     6.4577598135
H       21.4137073074     3.4664598733     8.1908649408
H       20.3095159723     4.6944193657     7.5286535255
Si       16.4062866127     3.4091980121     4.4047009428
O       16.2680476465     5.0000915054     4.7947324824
O       17.9077310010     3.0943637504     3.8757294313
O       15.3549844236     3.0305226608     3.2152964896
O       16.0441836093     2.5693296571     5.7638591745
Si       16.4674410781     6.6186869879     4.4764907148
Si       13.9555805660     2.6073826751     2.4703323279
Si       18.8223968045     2.5875931192     2.6294841359
Si       15.6800609382     1.1029133091     6.4477171765
H       17.8594876475     6.8780415245     4.0091476545
H       15.5280321078     6.9922967732     3.3681900245
H       16.2144389601     7.4670442919     5.7024449322
H       12.8075953098     3.3424569114     3.0593159921
H       13.9688519283     2.9303055916     1.0087796903
H       18.4516211691     3.3859083753     1.4216709409
H       13.7006602447     1.1426984996     2.6403220617
H       18.5378257202     1.1445974779     2.3320629473
H       16.3507546086     0.8566143344     7.7737367307
H       14.1970634264     0.9529703458     6.6480138447
H       20.3214526147     2.7268091974     2.8369671327
H       16.1406020734     0.0597824265     5.4998331132
32
# Point 10 Energy = 0.0
C       20.5941279275     3.6365647824     7.4780901059
H       19.9608062361     2.6243359714     6.1947221611
C       19.3391514497     2.8507273526     7.0880884820
H       18.3096502942     3.1884192746     7.0070714399
H       20.4108006097     2.1186448390     5.8732384544
C       19.9176904537     1.5104893263     6.6484766202
H       19.1611476711     1.0422087486     6.0049006610
H       20.5757924248     0.7361210559     7.0436135205
H       20.9112432566     3.5303913296     6.4273044037
H       21.4423708974     3.5154586197     8.1501805185
H       20.3172291938     4.6958779208     7.4461392034
Si       16.4037806720     3.4134213057     4.4031698701
O       16.2597944042     5.0040705789     4.7982923989
O       17.9050960892     3.1040343838     3.8757226480
O       15.3533657641     3.0360629029     3.2134730297
O       16.0404377846     2.5722937783     5.7619144188
Si       16.4566548753     6.6252174888     4.4820360912
Si       13.9566609191     2.6113015616     2.4656896623
Si       18.8220001145     2.6025785329     2.6323554419
Si       15.6793151852     1.1025333326     6.4428205822
H       17.8484130500     6.8874247950     4.0171749199
H       15.5174967998     6.9975529015     3.3735775217
H       16.1999723012     7.4695924681     5.7095183765
H       12.8059356183     3.3426645185     3.0544889024
H       13.9707529927     2.9370874524     1.0046627932
H       18.4516472611     3.4016066982     1.4240783802
H       13.7042914087     1.1456734116     2.6323048175
H       18.5420291856     1.1588574553     2.3304502859
H       16.3491195157     0.8558688324     7.7689218720
H       14.1965024960     0.9492461349     6.6409040885
H       20.3212775138     2.7443175828     2.8404360760
H       16.1434262344     0.0626566630     5.4933476127
32
# Point 11 Energy = 0.0
C       20.5996464614     3.6333072466     7.4613121179
H       20.0084001391     2.4881511190     6.2972503111
C       19.3315139730     2.8531588637     7.1020727137
H       18.3192718570     3.2038958547     6.9277815006
H       20.3771951392     2.1372467394     5.9136526223
C       19.9214256419     1.5078879883     6.6954674572
H       19.1698692456     1.0414155863     6.0446025124
H       20.5926552789     0.7326918270     7.0646267931
H       20.8696388961     3.4779579863     6.4028393427
H       21.4713695764     3.5547998556     8.1084268227
H       20.3305225410     4.6910099504     7.3672999739
Si       16.4015729110     3.4180337784     4.4010445165
O       16.2512984467     5.0085256938     4.8005674905
O       17.9027348277     3.1144450994     3.8749045417
O       15.3519046229     3.0410557369     3.2114775857
O       16.0376480951     2.5761130526     5.7598384627
Si       16.4449069951     6.6321509061     4.4855193654
Si       13.9578912583     2.6138306300     2.4613915043
Si       18.8217486622     2.6181049508     2.6344279955
Si       15.6802942636     1.1031876371     6.4385463144
H       17.8361531388     6.8975386845     4.0226857856
H       15.5055920107     7.0023439281     3.3769596071
H       16.1845232731     7.4729840016     5.7141983259
H       12.8042973347     3.3412955222     3.0499490816
H       13.9723287539     2.9418477343     1.0007498632
H       18.4512095814     3.4171590374     1.4254196932
H       13.7086741493     1.1472469864     2.6253316434
H       18.5468907982     1.1734361252     2.3287619983
H       16.3496387355     0.8570235760     7.7646730144
H       14.1977873511     0.9460627170     6.6348542581
H       20.3212350923     2.7630626153     2.8426829241
H       16.1481415487     0.0663305695     5.4878492206
32
# Point 12 Energy = 0.0
C       20.6074715576     3.6261929179     7.4467491213
H       20.0364243970     2.3614994701     6.4147328487
C       19.3246079713     2.8573907151     7.1146560811
H       18.3350249873     3.2120112086     6.8490321912
H       20.3454672032     2.1591117563     5.9521710653
C       19.9270728960     1.5091872856     6.7387111364
H       19.1815827533     1.0454749339     6.0787876435
H       20.6093984431     0.7326509904     7.0823097531
H       20.8306291463     3.4251345896     6.3844028915
H       21.5001720898     3.5835795648     8.0672538025
H       20.3485209200     4.6795969614     7.2936200960
Si       16.3992884156     3.4229163427     4.3981588430
O       16.2425568919     5.0133507011     4.8014828545
O       17.9001808262     3.1251710356     3.8730309149
O       15.3500975987     3.0456761671     3.2091631204
O       16.0353035740     2.5806797276     5.7574374761
Si       16.4325424430     6.6393526393     4.4869400935
Si       13.9586455804     2.6154920273     2.4573224582
Si       18.8210171289     2.6336116042     2.6353902753
Si       15.6821861654     1.1048142150     6.4346403508
H       17.8230934174     6.9079649550     4.0256381668
H       15.4927059397     7.0068001359     3.3783921732
H       16.1686735990     7.4770779728     5.7165440506
H       12.8022414829     3.3390957522     3.0456680470
H       13.9729695618     2.9451800175     0.9969384454
H       18.4498152117     3.4321472331     1.4254375621
H       13.7128616549     1.1479878694     2.6192212590
H       18.5514505623     1.1878493301     2.3266209348
H       16.3514941460     0.8598001302     7.7606987207
H       14.2000805322     0.9436756627     6.6296618260
H       20.3207370267     2.7821398840     2.8433438943
H       16.1536664763     0.0706882034     5.4830072627
32
# Point 13 Energy = 0.0
C       20.6165278741     3.6150662985     7.4340637882
H       20.0435059137     2.2464383320     6.5422170118
C       19.3179476344     2.8622068890     7.1255007438
H       18.3556716942     3.2114659307     6.7716785842
H       20.3183500962     2.1841050815     5.9905655439
C       19.9381667262     1.5142196132     6.7804158969
H       19.2019769924     1.0512693595     6.1094386489
H       20.6315094648     0.7382723167     7.1008824752
H       20.7930901576     3.3725807366     6.3709363237
H       21.5280949299     3.6022893037     8.0269996875
H       20.3695261126     4.6617804801     7.2250022650
Si       16.3965125234     3.4279888452     4.3943178844
O       16.2335643213     5.0184446511     4.8010978628
O       17.8969333387     3.1358389028     3.8698237056
O       15.3474110704     3.0502899438     3.2062986011
O       16.0328081707     2.5857950758     5.7543945230
Si       16.4199552907     6.6467225293     4.4866052878
Si       13.9582658699     2.6171136151     2.4532156668
Si       18.8191571785     2.6486894075     2.6348625711
Si       15.6840397401     1.1071975690     6.4305648271
H       17.8096859283     6.9183287497     4.0263487311
H       15.4793019521     7.0112272537     3.3782618288
H       16.1530540451     7.4816504385     5.7170036805
H       12.7993040271     3.3370902732     3.0415214213
H       13.9720682705     2.9481340193     0.9930105545
H       18.4469893916     3.4464405820     1.4238842494
H       13.7158314237     1.1487589687     2.6134838939
H       18.5546898695     1.2018011792     2.3234265724
H       16.3537007622     0.8636110626     7.7564082673
H       14.2023946449     0.9422083461     6.6247988292
H       20.3191751827     2.8007331722     2.8420270387
H       16.1587700025     0.0755430736     5.4781083942
32
# Point 14 Energy = 0.0
C       20.6257790945     3.6000751224     7.4220909026
H       20.0293186305     2.1442364180     6.6739306963
C       19.3111111394     2.8663550834     7.1342368777
H       18.3798224589     3.2011333473     6.6968193824
H       20.2977424367     2.2107814007     6.0306785777
C       19.9578710900     1.5227946226     6.8240008836
H       19.2361034760     1.0551161658     6.1405813705
H       20.6642299271     0.7520291504     7.1262852450
H       20.7557146821     3.3206837290     6.3606383065
H       21.5545800573     3.6122261483     7.9867207181
H       20.3915668843     4.6378805956     7.1601850991
Si       16.3928884810     3.4332158168     4.3893178425
O       16.2243120184     5.0237212532     4.7995686899
O       17.8925683028     3.1462104247     3.8649888036
O       15.3433898530     3.0553475604     3.2026135769
O       16.0296478934     2.5912003456     5.7503249452
Si       16.4074794539     6.6542058451     4.4850304877
Si       13.9561902295     2.6196059045     2.4487265296
Si       18.8156262880     2.6631776282     2.6324251885
Si       15.6850347248     1.1100012095     6.4256109384
H       17.7963175114     6.9283824784     4.0253706964
H       15.4657732003     7.0160163253     3.3771815839
H       16.1381947774     7.4864330573     5.7162858202
H       12.7950838288     3.3363071633     3.0373462732
H       13.9691108173     2.9519403619     0.9886943209
H       18.4423393407     3.4602252479     1.4205234605
H       13.7167100208     1.1504845347     2.6074517768
H       18.5557503808     1.2152525554     2.3184393233
H       16.3554074505     0.8676839832     7.7510275635
H       14.2038749566     0.9415958397     6.6195445507
H       20.3160433193     2.8183161965     2.8383209443
H       16.1623978747     0.0806664849     5.4722039845
32
# Point 15 Energy = 0.0
C       20.6346183997     3.5814183792     7.4093682778
H       19.9949330263     2.0554553432     6.8037076219
C       19.3039302745     2.8688597440     7.1404365164
H       18.4061307339     3.1804307393     6.6255059272
H       20.2842038025     2.2367042758     6.0738891588
C       19.9880124292     1.5349727697     6.8733212463
H       19.2869938953     1.0538975857     6.1775494339
H       20.7108700116     0.7761862258     7.1648677790
H       20.7175572191     3.2696036137     6.3515739463
H       21.5794316953     3.6146660373     7.9448899563
H       20.4131568548     4.6082495058     7.0975573606
Si       16.3882063529     3.4385955437     4.3829603239
O       16.2147922496     5.0291080898     4.7970770248
O       17.8868294252     3.1562322708     3.8582106061
O       15.3377397291     3.0612437360     3.1978595533
O       16.0255637712     2.5966197484     5.7448473766
Si       16.3952873588     6.6617849928     4.4827724974
Si       13.9520440160     2.6236969118     2.4435523249
Si       18.8100756418     2.6772003668     2.6276182981
Si       15.6847605540     1.1128289303     6.4190614727
H       17.7831794644     6.9380550576     4.0232772605
H       15.4522933244     7.0215166369     3.3758256133
H       16.1244057193     7.4911561818     5.7151514469
H       12.7893069819     3.3374745514     3.0330483019
H       13.9637110573     2.9576645837     0.9837647090
H       18.4355649311     3.4739506843     1.4150941056
H       13.7149560254     1.1538809010     2.6004874137
H       18.5541008467     1.2284264973     2.3108682171
H       16.3562224583     0.8712372447     7.7437592988
H       14.2040945443     0.9415680824     6.6131933878
H       20.3110194489     2.8347912361     2.8317495179
H       16.1639883569     0.0858255331     5.4643193853
