32
# Point -15 Energy = 0.0
C       20.7655189934     3.6202507646     7.4013496613
H       18.6943884948     3.5126360866     6.4529779790
C       19.5776109786     2.9261053549     6.7860931229
H       18.5952663033     3.1163658338     7.2578207619
H       20.7694427444     2.2015321959     5.7351171509
C       19.9496171583     1.6562061556     6.1720741040
H       19.2930585921     0.7908059969     6.3470673135
H       19.8646043900     0.6425782301     6.5995600713
H       20.8573513448     3.5279458607     6.3437240225
H       20.7589794647     3.9102136925     8.4653417355
H       20.8695165958     3.9289697093     8.4599665199
Si       16.4476796776     3.4138461278     4.3803044223
O       16.3353852017     5.0019866128     4.7288565533
O       17.9511933529     3.0817241230     3.8113658897
O       15.3797719051     3.0063248521     3.2078901730
O       16.1384394454     2.5752960923     5.7425867472
Si       16.5185391908     6.6026608389     4.3950758007
Si       13.9523634764     2.5729253628     2.5090240305
Si       18.8328627411     2.5504220928     2.5215386865
Si       15.7893431358     1.1281311667     6.4569993506
H       17.8996965566     6.8659744457     3.8833446243
H       15.5515036859     6.9716747611     3.3049038470
H       16.3013710780     7.4779819391     5.6129208903
H       12.8243236205     3.3166245062     3.1200791043
H       13.9291311124     2.8759304915     1.0444353434
H       18.4218843958     3.3379329621     1.3281376964
H       13.7069681451     1.1114063599     2.7077286748
H       18.5327807495     1.1091076236     2.2663569171
H       16.4948159373     0.8961100974     7.7695076650
H       14.3114749770     0.9778459019     6.7011709053
H       20.3297803763     2.6973312051     2.7006746719
H       16.2233167788     0.0684545564     5.5131709237
32
# Point -14 Energy = 0.0
C       20.7591822882     3.6242717072     7.4060688670
H       18.7066626245     3.5222661396     6.4274164070
C       19.5707529391     2.9275319344     6.7914806416
H       18.5971683111     3.0948163990     7.2880959715
H       20.7634089028     2.1695428459     5.7040206235
C       19.9400494585     1.6539206109     6.1725176559
H       19.2547178083     0.8035694421     6.3042899392
H       19.8807980348     0.6531729624     6.6321360301
H       20.9211144818     3.5632898643     6.3525242274
H       20.7721202590     3.8417768174     8.4865368498
H       20.8425500987     3.9930770942     8.4462178305
Si       16.4470368040     3.4132906690     4.3806746582
O       16.3343675249     5.0014783780     4.7291299415
O       17.9505016763     3.0813073044     3.8122568376
O       15.3793126136     3.0054594402     3.2081503370
O       16.1373535824     2.5747777823     5.7431774894
Si       16.5174864872     6.6021201364     4.3951698502
Si       13.9522043694     2.5717965994     2.5090105596
Si       18.8327163502     2.5498729836     2.5228647046
Si       15.7882346343     1.1277645995     6.4574969932
H       17.8987484065     6.8655090214     3.8838018640
H       15.5507089348     6.9709018461     3.3046826550
H       16.2998714216     7.4775698217     5.6128494409
H       12.8239022284     3.3154354706     3.1196769007
H       13.9292742255     2.8745794426     1.0443681138
H       18.4220153235     3.3372172062     1.3291791699
H       13.7069254518     1.1102686760     2.7078629515
H       18.5328750114     1.1085168272     2.2676996192
H       16.4933855666     0.8959150926     7.7702537734
H       14.3103370441     0.9773092179     6.7012934884
H       20.3295879710     2.6969781847     2.7023347643
H       16.2226097657     0.0679974826     5.5139262037
32
# Point -13 Energy = 0.0
C       20.7531512968     3.6288907937     7.4103662856
H       18.7197591711     3.5309866857     6.4026623828
C       19.5642568815     2.9291466985     6.7968138776
H       18.6005469148     3.0727228432     7.3182334504
H       20.7559811646     2.1396695626     5.6743442642
C       19.9315710440     1.6520039980     6.1730033574
H       19.2193032314     0.8187241328     6.2623960201
H       19.9003887607     0.6652089771     6.6632707251
H       20.9758518295     3.5935093479     6.3646947800
H       20.7978425485     3.7785251522     8.5008650647
H       20.7980567571     4.0485562258     8.4325346445
Si       16.4466592125     3.4128915759     4.3811352585
O       16.3337051874     5.0011560273     4.7293878799
O       17.9500317859     3.0809377661     3.8131871613
O       15.3790443864     3.0047211499     3.2085787356
O       16.1365611212     2.5745275860     5.7439336114
Si       16.5168461920     6.6017334782     4.3951273302
Si       13.9521830168     2.5708153034     2.5092617888
Si       18.8327035059     2.5492401743     2.5242240838
Si       15.7873877887     1.1277333389     6.4582805952
H       17.8981994350     6.8650984806     3.8840359529
H       15.5502898101     6.9702509529     3.3043468677
H       16.2988844770     7.4774069540     5.6125907106
H       12.8236827459     3.3144895432     3.1195411292
H       13.9295012000     2.8732766971     1.0445460354
H       18.4222572357     3.3363528181     1.3302191054
H       13.7069599019     1.1093038425     2.7083734609
H       18.5330238889     1.1078382427     2.2691917319
H       16.4922706830     0.8961166109     7.7712675958
H       14.3094659067     0.9771935972     6.7017855724
H       20.3295446652     2.6964851867     2.7039439754
H       16.2220688536     0.0677882570     5.5150219252
32
# Point -12 Energy = 0.0
C       20.7470528281     3.6335469423     7.4148460056
H       18.7334508028     3.5389104794     6.3791380630
C       19.5577334724     2.9306587693     6.8024257991
H       18.6050110764     3.0498497292     7.3484066173
H       20.7471901659     2.1112477926     5.6462535331
C       19.9236606453     1.6501943260     6.1737163629
H       19.1862705235     0.8358175732     6.2211448075
H       19.9225874011     0.6783521506     6.6928158049
H       21.0237280791     3.6213736680     6.3794881713
H       20.8228280047     3.7164769626     8.5101289887
H       20.7526502559     4.1014295891     8.4158983122
Si       16.4464031420     3.4125250017     4.3817352440
O       16.3332419308     5.0008792113     4.7297506687
O       17.9496916441     3.0805003851     3.8143376752
O       15.3789339983     3.0040617537     3.2090974102
O       16.1357716083     2.5743552989     5.7448298527
Si       16.5165173542     6.6013752830     4.3951698178
Si       13.9523294686     2.5699892299     2.5095358122
Si       18.8328525542     2.5484632198     2.5258575472
Si       15.7864212969     1.1278149377     6.4592151137
H       17.8980030186     6.8646246599     3.8844190786
H       15.5502585513     6.9696664554     3.3040414104
H       16.2982007673     7.4773075826     5.6123901250
H       12.8236450106     3.3137783927     3.1193566239
H       13.9299914237     2.8721063049     1.0447406918
H       18.4227677147     3.3353469498     1.3314984302
H       13.7070615854     1.1085127020     2.7089181107
H       18.5332610112     1.1070288171     2.2709694246
H       16.4909566543     0.8964143292     7.7724719168
H       14.3084540090     0.9772843954     6.7023578002
H       20.3296630634     2.6957617184     2.7058990382
H       16.2213915380     0.0676473893     5.5163111025
32
# Point -11 Energy = 0.0
C       20.7406833385     3.6380293607     7.4198282486
H       18.7476795972     3.5464093068     6.3570085120
C       19.5509454555     2.9320826432     6.8084446335
H       18.6103104368     3.0262786737     7.3785912321
H       20.7370831752     2.0839705365     5.6197629581
C       19.9159480007     1.6485062988     6.1747018431
H       19.1552601936     0.8547446024     6.1802640173
H       19.9467095163     0.6925837220     6.7206438427
H       21.0670763705     3.6479900693     6.3968783200
H       20.8471299577     3.6542047476     8.5149815727
H       20.7083387545     4.1530516470     8.3959665271
Si       16.4461381654     3.4121519817     4.3824572368
O       16.3328036108     5.0006068615     4.7301963525
O       17.9493832464     3.0799823761     3.8157619261
O       15.3789134940     3.0034244643     3.2096383332
O       16.1348045257     2.5742160062     5.7458335822
Si       16.5163141793     6.6010077697     4.3952848873
Si       13.9526163606     2.5692373194     2.5096969665
Si       18.8331354304     2.5475451267     2.5278602607
Si       15.7851457576     1.1279581301     6.4602505831
H       17.8979929055     6.8640737993     3.8850043316
H       15.5504746762     6.9690944507     3.3037084173
H       16.2975619478     7.4772295884     5.6122252973
H       12.8237201205     3.3132012251     3.1189346625
H       13.9307815753     2.8709874968     1.0448156078
H       18.4235616966     3.3341960946     1.3330934061
H       13.7072188258     1.1078098907     2.7093488884
H       18.5335951169     1.1060865297     2.2731129695
H       16.4891959183     0.8967684835     7.7738498900
H       14.3071031136     0.9775047899     6.7028902060
H       20.3299039943     2.6948364490     2.7083659848
H       16.2204511424     0.0675315587     5.5177638632
32
# Point -10 Energy = 0.0
C       20.7339947335     3.6421711748     7.4255212243
H       18.7625554832     3.5538412927     6.3362974612
C       19.5437937304     2.9334711234     6.8149211945
H       18.6163138704     3.0021504523     7.4086820511
H       20.7257669460     2.0576019731     5.5948601871
C       19.9081976442     1.6469765777     6.1759634280
H       19.1260610103     0.8754846815     6.1395153595
H       19.9721744683     0.7079134752     6.7466640845
H       21.1070490181     3.6737239700     6.4169101974
H       20.8714389854     3.5916163808     8.5155654995
H       20.6654066896     4.2033701132     8.3729291460
Si       16.4458041361     3.4117586168     4.3832930383
O       16.3322964553     5.0003249614     4.7307062330
O       17.9490625844     3.0793926161     3.8174818233
O       15.3789518924     3.0027709289     3.2101753956
O       16.1335882528     2.5740976961     5.7469348616
Si       16.5161219460     6.6006182654     4.3954490211
Si       13.9530334674     2.5684930772     2.5096945987
Si       18.8335413114     2.5465031137     2.5302738078
Si       15.7835008092     1.1281486903     6.4613778981
H       17.8980593409     6.8634541908     3.8857929724
H       15.5508378931     6.9684999768     3.3033043597
H       16.2968154632     7.4771629478     5.6120638476
H       12.8238738200     3.3126754022     3.1181993062
H       13.9318839011     2.8698456681     1.0447183203
H       18.4246375679     3.3329041470     1.3350339481
H       13.7074425692     1.1071257865     2.7096181209
H       18.5340447804     1.1050221504     2.2756658487
H       16.4869071838     0.8971838141     7.7754067408
H       14.3053510172     0.9778165299     6.7033465390
H       20.3302505635     2.6937531542     2.7114138693
H       16.2192230657     0.0674290513     5.5193849762
32
# Point -9 Energy = 0.0
C       20.7269875470     3.6458336428     7.4320707882
H       18.7782550371     3.5614663553     6.3169167939
C       19.5362290815     2.9348756697     6.8218717620
H       18.6229130027     2.9776194060     7.4385308902
H       20.7133751951     2.0319288444     5.5715610346
C       19.9002539867     1.6456259436     6.1775195460
H       19.0985698664     0.8980339132     6.0987406019
H       19.9984817035     0.7243399771     6.7708665761
H       21.1443541190     3.6986459456     6.4396552487
H       20.8961078332     3.5289339140     8.5119164396
H       20.6240480488     4.2521321121     8.3470176116
Si       16.4453643064     3.4113406669     4.3842370581
O       16.3316568842     5.0000285755     4.7312689618
O       17.9487018712     3.0787482646     3.8195039392
O       15.3790275103     3.0020768683     3.2106965160
O       16.1320887226     2.5739955624     5.7481280039
Si       16.5158551096     6.6002035904     4.3956474680
Si       13.9535711585     2.5677080962     2.5095075457
Si       18.8340598400     2.5453639872     2.5331132272
Si       15.7814692939     1.1283786424     6.4625930067
H       17.8981162824     6.8627823413     3.8867797876
H       15.5512652862     6.9678616318     3.3028064310
H       16.2958534429     7.4771048360     5.6118865053
H       12.8240808149     3.3121369912     3.1171186405
H       13.9332949924     2.8686275473     1.0444268629
H       18.4259819081     3.3314879167     1.3373299239
H       13.7077440750     1.1064088503     2.7097072315
H       18.5346235939     1.1038571205     2.2786453031
H       16.4840669687     0.8976672120     7.7771440816
H       14.3031813243     0.9781896479     6.7037122135
H       20.3306885849     2.6925622054     2.7150683422
H       16.2177132083     0.0673357221     5.5211770175
32
# Point -8 Energy = 0.0
C       20.7196715965     3.6489172459     7.4395620999
H       18.7949704012     3.5693970630     6.2986889563
C       19.5282236599     2.9363325551     6.8292904571
H       18.6299965280     2.9528335357     7.4679705210
H       20.7000683217     2.0067415912     5.5499187127
C       19.8920342096     1.6444464166     6.1794235212
H       19.0727988314     0.9223594853     6.0578801295
H       20.0252317886     0.7418464045     6.7933411238
H       21.1794904878     3.7226921551     6.4651822843
H       20.9212137304     3.4665009365     8.5040480152
H       20.5844812674     4.2991212146     8.3184099947
Si       16.4447898607     3.4108999541     4.3852834208
O       16.3308366858     4.9997176572     4.7318806158
O       17.9482765168     3.0780701111     3.8218236461
O       15.3791179230     3.0013327606     3.2111943089
O       16.1302856259     2.5739058253     5.7494052246
Si       16.5154466637     6.5997663414     4.3958788320
Si       13.9542132960     2.5668565149     2.5091264500
Si       18.8346739566     2.5441610024     2.5363745048
Si       15.7790475417     1.1286390145     6.4638855384
H       17.8980938197     6.8620782635     3.8879653987
H       15.5516868727     6.9671718028     3.3022129488
H       16.2945971138     7.4770535246     5.6116925398
H       12.8243156480     3.3115456069     3.1156829247
H       13.9349967171     2.8673089762     1.0439326234
H       18.4275696947     3.3299773101     1.3399782664
H       13.7081245390     1.1056300053     2.7096045282
H       18.5353320978     1.1026214423     2.2820450554
H       16.4806727475     0.8982164345     7.7790516790
H       14.3005922282     0.9785969547     6.7039749630
H       20.3311987212     2.6913147119     2.7193272092
H       16.2159315076     0.0672491825     5.5231288663
32
# Point -7 Energy = 0.0
C       20.7120475747     3.6513710448     7.4480174142
H       18.8128735009     3.5775795227     6.2813799465
C       19.5197588465     2.9378564345     6.8371561795
H       18.6374472995     2.9279210775     7.4968375242
H       20.6860323755     1.9818273430     5.5300185363
C       19.8835254468     1.6433978249     6.1817671639
H       19.0488775263     0.9483678502     6.0169741358
H       20.0521437485     0.7604073187     6.8142743729
H       21.2128214877     3.7457476028     6.4935339966
H       20.9466584897     3.4047457382     8.4919766973
H       20.5469284447     4.3442002631     8.2872034716
Si       16.4440543726     3.4104428037     4.3864250303
O       16.3297983607     4.9993954325     4.7325443621
O       17.9477606808     3.0773796206     3.8244278397
O       15.3791969551     3.0005441506     3.2116621742
O       16.1281624449     2.5738237592     5.7507544711
Si       16.5148461299     6.5993132645     4.3961560867
Si       13.9549355161     2.5659373365     2.5085459436
Si       18.8353581611     2.5429306120     2.5400392338
Si       15.7762319561     1.1289178599     6.4652349517
H       17.8979377771     6.8613625606     3.8893609489
H       15.5520467847     6.9664367503     3.3015420835
H       16.2929926532     7.4770063307     5.6115007243
H       12.8245502419     3.3108876824     3.1138943123
H       13.9369585836     2.8658980746     1.0432326136
H       18.4293664952     3.3284132169     1.3429670011
H       13.7085712298     1.1047851151     2.7092959534
H       18.5361550812     1.1013509027     2.2858384001
H       16.4767259257     0.8988165895     7.7811052971
H       14.2975822930     0.9790136090     6.7041171268
H       20.3317544628     2.6900574646     2.7241690063
H       16.2138797538     0.0671668439     5.5252123606
32
# Point -6 Energy = 0.0
C       20.7041001340     3.6531945398     7.4573996809
H       18.8320926047     3.5858067647     6.2647383758
C       19.5108197246     2.9394400254     6.8454378907
H       18.6451490047     2.9029836054     7.5249914205
H       20.6714716893     1.9569708554     5.5119654879
C       19.8747755938     1.6424121879     6.1846725585
H       19.0270375808     0.9758912034     5.9761484459
H       20.0790550210     0.7799994388     6.8339267323
H       21.2446017867     3.7676992270     6.5247138527
H       20.9722462613     3.3441606367     8.4757345228
H       20.5115933184     4.3872993107     8.2534130618
Si       16.4431322123     3.4099788051     4.3876533538
O       16.3285133620     4.9990674500     4.7332689449
O       17.9471265273     3.0766968793     3.8272973829
O       15.3792348699     2.9997298680     3.2120926208
O       16.1257024486     2.5737435055     5.7521593191
Si       16.5140187363     6.5988540231     4.3965042231
Si       13.9557064279     2.5649725368     2.5077609568
Si       18.8360797226     2.5417092405     2.5440788387
Si       15.7730134948     1.1292006720     6.4666109012
H       17.8976097944     6.8606544516     3.8909877923
H       15.5523042938     6.9656748665     3.3008276624
H       16.2910086196     7.4769593175     5.6113460339
H       12.8247542885     3.3101753264     3.1117608177
H       13.9391413783     2.8644323132     1.0423255018
H       18.4313317964     3.3268435517     1.3462782291
H       13.7090580001     1.1038932928     2.7087620297
H       18.5370628414     1.1000837425     2.2899829551
H       16.4722241478     0.8994412904     7.7832683905
H       14.2941444905     0.9794181091     6.7041137328
H       20.3323230957     2.6888294295     2.7295595456
H       16.2115473326     0.0670855333     5.5273840978
32
# Point -5 Energy = 0.0
C       20.6957990734     3.6544314890     7.4676230075
H       18.8527023366     3.5937571477     6.2485315187
C       19.5013932475     2.9410585514     6.8540986563
H       18.6529958659     2.8780957647     7.5523264778
H       20.6565971540     1.9319598463     5.4958698311
C       19.8658774811     1.6414033501     6.1882771360
H       19.0075811945     1.0046924145     5.9355901054
H       20.1059035708     0.8006117379     6.8525973756
H       21.2749933662     3.7884691196     6.5586848413
H       20.9977404613     3.2852739305     8.4553769300
H       20.4786498604     4.4283840427     8.2169875426
Si       16.4419988046     3.4095196148     4.3889584855
O       16.3269610277     4.9987408610     4.7340662068
O       17.9463452750     3.0760394081     3.8304092033
O       15.3792000572     2.9989183907     3.2124768532
O       16.1228880817     2.5736587989     5.7536000245
Si       16.5129437087     6.5984000742     4.3969555004
Si       13.9564902646     2.5640015041     2.5067655058
Si       18.8368013670     2.5405306203     2.5484583679
Si       15.7693772214     1.1294720038     6.4679761606
H       17.8970859836     6.8599706718     3.8928737409
H       15.5524329729     6.9649132971     3.3001128558
H       16.2886324706     7.4769079279     5.6112733496
H       12.8248968171     3.3094410451     3.1092928242
H       13.9415011140     2.8629706775     1.0412098940
H       18.4334224159     3.3253185048     1.3498902798
H       13.7095486301     1.1029914998     2.7079786405
H       18.5380150113     1.0988574172     2.2944263546
H       16.4671596654     0.9000567196     7.7854961184
H       14.2902655858     0.9797934187     6.7039341502
H       20.3328681286     2.6876602431     2.7354570099
H       16.2089123852     0.0670019072     5.5295904119
32
# Point -4 Energy = 0.0
C       20.6871053426     3.6551584505     7.4785671229
H       18.8747255411     3.6010433901     6.2325711376
C       19.4914685550     2.9426766587     6.8630983855
H       18.6609011477     2.8533100013     7.5787751268
H       20.6416139572     1.9065913531     5.4818350565
C       19.8569502478     1.6402783693     6.1927177644
H       18.9908428698     1.0344832902     5.8955203666
H       20.1326990299     0.8222522156     6.8705882699
H       21.3040818413     3.8080310766     6.5953777425
H       21.0229017987     3.2286168715     8.4309856300
H       20.4482390673     4.4674216099     8.1778338823
Si       16.4406316326     3.4090778860     4.3903293223
O       16.3251275463     4.9984238451     4.7349483760
O       17.9453889034     3.0754218008     3.8337378658
O       15.3790611297     2.9981434467     3.2128050881
O       16.1197022137     2.5735639894     5.7550550362
Si       16.5116115512     6.5979637024     4.3975439777
Si       13.9572498471     2.5630737471     2.5055530078
Si       18.8374842973     2.5394241281     2.5531394785
Si       15.7653048565     1.1297173732     6.4692905310
H       17.8963541876     6.8593251744     3.8950478684
H       15.5524181230     6.9641839075     3.2994435228
H       16.2858661728     7.4768479532     5.6113303229
H       12.8249479561     3.3087302500     3.1065014703
H       13.9439924235     2.8615837206     1.0398840852
H       18.4355952399     3.3238862626     1.3537790615
H       13.7100013853     1.1021273316     2.7069198175
H       18.5389653934     1.0977061322     2.2991116370
H       16.4615214621     0.9006266992     7.7877400565
H       14.2859287215     0.9801276117     6.7035454698
H       20.3333520575     2.6865705895     2.7418154842
H       16.2059461012     0.0669131619     5.5317733955
32
# Point -3 Energy = 0.0
C       20.6779786337     3.6554718937     7.4900920099
H       18.8981427288     3.6072583764     6.2167266799
C       19.4810383220     2.9442554797     6.8723953950
H       18.6688024652     2.8286636954     7.6043046808
H       20.6267117142     1.8806767589     5.4699504194
C       19.8481221486     1.6389476665     6.1981181177
H       18.9771537623     1.0649488476     5.8561716626
H       20.1594916477     0.8449507806     6.8881755632
H       21.3318942260     3.8264141834     6.6347044971
H       21.0475093539     3.1746926540     8.4026660199
H       20.4204698188     4.5043533982     8.1358414744
Si       16.4390113583     3.4086664414     4.3917538017
O       16.3230049215     4.9981251706     4.7359258360
O       17.9442318278     3.0748559855     3.8372565995
O       15.3787887866     2.9974399712     3.2130672220
O       16.1161301116     2.5734549322     5.7565024775
Si       16.5100209654     6.5975572939     4.3983008478
Si       13.9579491343     2.5622419016     2.5041173510
Si       18.8380908133     2.5384142040     2.5580824423
Si       15.7607785229     1.1299248086     6.4705144915
H       17.8954106581     6.8587294187     3.8975356911
H       15.5522533980     6.9635195952     3.2988627921
H       16.2827217417     7.4767764085     5.6115613224
H       12.8248803823     3.3080937325     3.1033983662
H       13.9465709794     2.8603442627     1.0383466541
H       18.4378090213     3.3225900308     1.3579187728
H       13.7103734530     1.1013520200     2.7055610219
H       18.5398665219     1.0966594790     2.3039814184
H       16.4552990698     0.9011172011     7.7899523418
H       14.2811173033     0.9804138629     6.7029161151
H       20.3337387722     2.6855738567     2.7485870121
H       16.2026180363     0.0668176885     5.5338762628
32
# Point -2 Energy = 0.0
C       20.6683842603     3.6554769069     7.5020499761
H       18.9229043511     3.6120096110     6.2009277376
C       19.4701003936     2.9457583372     6.8819471591
H       18.6766637872     2.8041863871     7.6289103828
H       20.6120580625     1.8540445627     5.4602881423
C       19.8395173526     1.6373323707     6.2045810417
H       18.9668143684     1.0957714783     5.8177718641
H       20.1863455840     0.8687590887     6.9055916079
H       21.3584160566     3.8436982215     6.6765725424
H       21.0713678939     3.1239520136     8.3705395034
H       20.3954202210     4.5390780563     8.0909000937
Si       16.4371228021     3.4082977322     4.3932192274
O       16.3205901107     4.9978538829     4.7370057678
O       17.9428522657     3.0743518324     3.8409379325
O       15.3783572277     2.9968410764     3.2132536165
O       16.1121614288     2.5733295462     5.7579213730
Si       16.5081761189     6.5971928692     4.3992513750
Si       13.9585551105     2.5615562966     2.5024541781
Si       18.8385862729     2.5375206190     2.5632473201
Si       15.7557844321     1.1300857703     6.4716119694
H       17.8942570181     6.8581929655     3.9003557889
H       15.5519376060     6.9629515320     3.2984076340
H       16.2792175203     7.4766921038     5.6120034513
H       12.8246703468     3.3075815601     3.0999961209
H       13.9491949923     2.8593203672     1.0365974238
H       18.4400253902     3.3214665448     1.3622822501
H       13.7106245338     1.1007149369     2.7038819858
H       18.5406732923     1.0957420911     2.3089806033
H       16.4484865662     0.9014994905     7.7920886727
H       14.2758188541     0.9806499079     6.7020188135
H       20.3339953655     2.6846783382     2.7557225730
H       16.1989010139     0.0667155030     5.5358472319
32
# Point -1 Energy = 0.0
C       20.6582983055     3.6552789744     7.5142941706
H       18.9489424475     3.6149405269     6.1851596433
C       19.4586593592     2.9471546089     6.8917106866
H       18.6844751056     2.7799057617     7.6526075902
H       20.5977953050     1.8265411033     5.4529040330
C       19.8312473146     1.6353686932     6.2121855319
H       18.9600769240     1.1266517032     5.7805359137
H       20.2133194327     0.8937487203     6.9230167317
H       21.3836058404     3.8600054353     6.7208976832
H       21.0943050116     3.0767761067     8.3347315080
H       20.3731367798     4.5714435348     8.0429088361
Si       16.4349557855     3.4079835584     4.3947127328
O       16.3178845213     4.9976191127     4.7381917191
O       17.9412333211     3.0739178726     3.8447541681
O       15.3777452077     2.9963761663     3.2133559219
O       16.1077919319     2.5731880502     5.7592926344
Si       16.5060847101     6.5968818481     4.4004135251
Si       13.9590391224     2.5610614198     2.5005621259
Si       18.8389405044     2.5367592413     2.5685946361
Si       15.7503159494     1.1301954984     6.4725521975
H       17.8928980549     6.8577241621     3.9035181201
H       15.5514723189     6.9625074511     3.2981073911
H       16.2753756167     7.4765959050     5.6126847031
H       12.8242984209     3.3072388929     3.0963092889
H       13.9518261171     2.8585709453     1.0346385283
H       18.4422094374     3.3205457837     1.3668412367
H       13.7107194722     1.1002599713     2.7018688182
H       18.5413455971     1.0949740119     2.3140579198
H       16.4410859994     0.9017518468     7.7941102183
H       14.2700282214     0.9808372323     6.7008327149
H       20.3340934531     2.6838894155     2.7631724960
H       16.1947750112     0.0666084456     5.5376419356
32
# Point 0 Energy = 0
C       20.6477110000     3.6549790000     7.5266840000
H       18.9761800000     3.6157410000     6.1694560000
C       19.4467280000     2.9484220000     6.9016430000
H       18.6922510000     2.7558520000     7.6754250000
H       20.5840390000     1.7980300000     5.4478400000
C       19.8234060000     1.6330100000     6.2209870000
H       18.9571360000     1.1573250000     5.7446630000
H       20.2404540000     0.9200090000     6.9405780000
H       21.4074060000     3.8754920000     6.7676150000
H       21.1161610000     3.0334640000     8.2953550000
H       20.3536290000     4.6012450000     7.9917750000
Si       16.4325060000     3.4077350000     4.3962220000
O       16.3148940000     4.9974300000     4.7394840000
O       17.9393640000     3.0735620000     3.8486780000
O       15.3769370000     2.9960700000     3.2133680000
O       16.1030250000     2.5730330000     5.7606000000
Si       16.5037570000     6.5966350000     4.4017980000
Si       13.9593780000     2.5607940000     2.4984440000
Si       18.8391290000     2.5361430000     2.5740860000
Si       15.7443760000     1.1302530000     6.4733110000
H       17.8913405600     6.8573308000     3.9070238400
H       15.5508605600     6.9622108000     3.2979838400
H       16.2712205600     7.4764908000     5.6136238400
H       12.8237502400     3.3071035200     3.0923555200
H       13.9544302400     2.8581435200     1.0324755200
H       18.4443303200     3.3198514400     1.3715668800
H       13.7106302400     1.1000235200     2.6995155200
H       18.5418503200     1.0943714400     2.3191668800
H       16.4331100800     0.9018602400     7.7959848800
H       14.2637500800     0.9809802400     6.6993448800
H       20.3340103200     2.6832114400     2.7708868800
H       16.1902300800     0.0665002400     5.5392248800
32
# Point 1 Energy = 0.0
C       20.6366343657     3.6546530424     7.5391030484
H       19.0045718563     3.6141857033     6.1538922572
C       19.4343281536     2.9495560237     6.9116988390
H       18.7000175371     2.7320718934     7.6973872907
H       20.5708846499     1.7683975221     5.4451292870
C       19.8160632957     1.6302373649     6.2310108132
H       18.9581239070     1.1875957323     5.7103138879
H       20.2677451810     0.9476441795     6.9583426663
H       21.4297716105     3.8903215411     6.8167204689
H       21.1367685783     2.9941975177     8.2525055989
H       20.3368882802     4.6282077004     7.9374290802
Si       16.4297733998     3.4075628152     4.3977342364
O       16.3116246713     4.9972963866     4.7408763604
O       17.9372378474     3.0732937179     3.8526809961
O       15.3759207216     2.9959394735     3.2132862060
O       16.0978723654     2.5728711447     5.7618304857
Si       16.5011986370     6.5964629560     4.4034023950
Si       13.9595526560     2.5607762307     2.4961086362
Si       18.8391316708     2.5356838291     2.5796827980
Si       15.7379807919     1.1302633414     6.4738736428
H       17.8895853919     6.8570223388     3.9108581546
H       15.5500982588     6.9620779245     3.2980454233
H       16.2667713774     7.4763837988     5.6148233939
H       12.8230141775     3.3071979596     3.0881570561
H       13.9569745992     2.8580652587     1.0301187822
H       18.4463578548     3.3194003691     1.3764275020
H       13.7103372122     1.1000275814     2.6968281928
H       18.5421624402     1.0939477770     2.3242668218
H       16.4245871766     0.9018238111     7.7976900378
H       14.2570030469     0.9810862681     6.6975543297
H       20.3337275637     2.6826526087     2.7788130828
H       16.1852713242     0.0663981881     5.5405735887
32
# Point 2 Energy = 0.0
C       20.6250937192     3.6543751080     7.5514402063
H       19.0340696765     3.6100796421     6.1385722917
C       19.4214909668     2.9505590899     6.9218340367
H       18.7078198901     2.7086160840     7.7185247321
H       20.5584117491     1.7375407530     5.4448053345
C       19.8092803823     1.6270452617     6.2422716753
H       18.9631320366     1.2173123708     5.6776468866
H       20.2951786976     0.9767772194     6.9763474857
H       21.4506518544     3.9046859782     6.8682535544
H       21.1559356648     2.9590668888     8.2062149610
H       20.3228375811     4.6520075618     7.8797662027
Si       16.4267645742     3.4074779198     4.3992390075
O       16.3080881638     4.9972287284     4.7423623668
O       17.9348549879     3.0731230295     3.8567364457
O       15.3746905186     2.9959987780     3.2131107319
O       16.0923541841     2.5727114187     5.7629751752
Si       16.4984191126     6.5963765298     4.4052212917
Si       13.9595497908     2.5610252231     2.4935705183
Si       18.8389345368     2.5353927766     2.5853482726
Si       15.7311567565     1.1302346933     6.4742321754
H       17.8876367068     6.8568087433     3.9150017130
H       15.5491839598     6.9621226972     3.2982976663
H       16.2620510978     7.4762839248     5.6162816445
H       12.8220841451     3.3075396892     3.0837414578
H       13.9594308176     2.8583557742     1.0275838011
H       18.4482663200     3.3192061800     1.3813922372
H       13.7098279807     1.1002892236     2.6938212261
H       18.5422640976     1.0937148820     2.3293215673
H       16.4155571468     0.9016476058     7.7992097454
H       14.2498161972     0.9811649039     6.6954682878
H       20.3332329855     2.6822218094     2.7868989062
H       16.1799143012     0.0663115116     5.5416737554
32
# Point 3 Energy = 0.0
C       20.6131283364     3.6542346711     7.5635798530
H       19.0645964237     3.6032357074     6.1236276865
C       19.4082622492     2.9514368953     6.9320107828
H       18.7157376908     2.6855336129     7.7388848879
H       20.5466718051     1.7053632481     5.4468982661
C       19.8031101415     1.6234360403     6.2547803342
H       18.9722011720     1.2463690311     5.6468392391
H       20.3227416411     1.0075553583     6.9946039589
H       21.4699747067     3.9188253585     6.9222819657
H       21.1734074871     2.9280588403     8.1563959563
H       20.3112619565     4.6722635257     7.8185890612
Si       16.4234992383     3.4074917466     4.4007327847
O       16.3043090167     4.9972382473     4.7439412050
O       17.9322286090     3.0730602857     3.8608241594
O       15.3732531949     2.9962613956     3.2128494371
O       16.0865044973     2.5725643967     5.7640329868
Si       16.4954403325     6.5963870229     4.4072534242
Si       13.9593684734     2.5615564857     2.4908527482
Si       18.8385363185     2.5352803228     2.5910521885
Si       15.7239448132     1.1301774317     6.4743879051
H       17.8855108897     6.8567003093     3.9194384680
H       15.5481280101     6.9623583331     3.2987502949
H       16.2570954674     7.4762016751     5.6180004323
H       12.8209664356     3.3081448590     3.0791447858
H       13.9617821943     2.8590318030     1.0248943598
H       18.4500419764     3.3192807870     1.3864361843
H       13.7091029125     1.1008240593     2.6905189968
H       18.5421503282     1.0936837901     2.3343028101
H       16.4060749943     0.9013401541     7.8005372739
H       14.2422331346     0.9812278454     6.6931040157
H       20.3325272261     2.6819278244     2.7950979078
H       16.1741889269     0.0662509361     5.5425209999
32
# Point 4 Energy = 0.0
C       20.6008039863     3.6543224536     7.5754210578
H       19.0960883810     3.5935184244     6.1092190404
C       19.3947086706     2.9522119796     6.9421983337
H       18.7238798953     2.6628891228     7.7585218417
H       20.5356944476     1.6717853029     5.4514377315
C       19.7975938499     1.6194346287     6.2685360587
H       18.9853170933     1.2747488425     5.6180652419
H       20.3504005933     1.0401583511     7.0130903077
H       21.4876722628     3.9330139048     6.9789547346
H       21.1887892133     2.9009786434     8.1027921843
H       20.3017623463     4.6884800982     7.7535712945
Si       16.4200133223     3.4076180459     4.4022211480
O       16.3003248170     4.9973392456     4.7456164606
O       17.9293882870     3.0731198954     3.8649321266
O       15.3716311169     2.9967371168     3.2125218463
O       16.0803771830     2.5724464173     5.7650150301
Si       16.4922932070     6.5965081876     4.4094967449
Si       13.9590233030     2.5623764405     2.4879932046
Si       18.8379517894     2.5353591488     2.5967729010
Si       15.7164098631     1.1301090866     6.4743592682
H       17.8832322127     6.8567114083     3.9241489779
H       15.5469474506     6.9627949515     3.2994122848
H       16.2519487739     7.4761531714     5.6199784856
H       12.8196818537     3.3090197695     3.0744170796
H       13.9640250113     2.8600964870     1.0220880219
H       18.4516837922     3.3196337147     1.3915410544
H       13.7081814534     1.1016386894     2.6869654823
H       18.5418351374     1.0938663023     2.3391956308
H       16.3962219661     0.9009227568     7.8016829236
H       14.2343219616     0.9812912839     6.6904982771
H       20.3316270071     2.6817856247     2.8033698759
H       16.1681503518     0.0662325038     5.5431307090
32
# Point 5 Energy = 0.0
C       20.5882240216     3.6547420419     7.5868802148
H       19.1285064724     3.5808489671     6.0955353550
C       19.3809296633     2.9529326018     6.9523780422
H       18.7323965345     2.6407724270     7.7775003746
H       20.5254956834     1.6367499009     5.4584580732
C       19.7927727819     1.6150958668     6.2835324985
H       19.0024196617     1.3025487317     5.5915043945
H       20.3781125390     1.0748188276     7.0317626448
H       21.5036826161     3.9475725141     7.0385282439
H       21.2014080940     2.8773592705     8.0448696900
H       20.2936089819     4.6999677376     7.6841496871
Si       16.4163684903     3.4078765224     4.4037255218
O       16.2961947241     4.9975530289     4.7474011745
O       17.9263893840     3.0733246233     3.8690624555
O       15.3698711181     2.9974335020     3.2121671268
O       16.0740571843     2.5723844285     5.7659525666
Si       16.4890246535     6.5967599487     4.4119515365
Si       13.9585530696     2.5634819188     2.4850540760
Si       18.8372206372     2.5356478002     2.6025031751
Si       15.7086536994     1.1300596523     6.4741916972
H       17.8808392821     6.8568648319     3.9291121489
H       15.5456718536     6.9634412992     3.3002952675
H       16.2466710833     7.4761650120     5.6222137578
H       12.8182742178     3.3101600675     3.0696319422
H       13.9661758254     2.8615372703     1.0192252968
H       18.4532107432     3.3202741238     1.3967003840
H       13.7071120942     1.1027302004     2.6832356247
H       18.5413612964     1.0942781132     2.3440061516
H       16.3861196825     0.9004368131     7.8026836524
H       14.2261884466     0.9813802226     6.6877185155
H       20.3305740622     2.6818214987     2.8116853404
H       16.1618920025     0.0662822353     5.5435487298
32
# Point 6 Energy = 0.0
C       20.5755541949     3.6556339409     7.5978934252
H       19.1618596408     3.5652197936     6.0827959822
C       19.3670828195     2.9536920974     6.9625506597
H       18.7415061837     2.6193190222     7.7959042701
H       20.5160986268     1.6002378221     5.4680059129
C       19.7887138887     1.6105216581     6.2997664037
H       19.0234220985     1.3300196584     5.5673550484
H       20.4058484626     1.1118630559     7.0505714393
H       21.5179465579     3.9628846517     7.1013720201
H       21.2100296834     2.8562909412     7.9816433779
H       20.2854438766     4.7056682936     7.6093538882
Si       16.4126714111     3.4083006544     4.4052952939
O       16.2920167980     4.9979164068     4.7493261427
O       17.9233318118     3.0737146469     3.8732412272
O       15.3680619610     2.9983588771     3.2118593775
O       16.0676839862     2.5724266600     5.7669120266
Si       16.4857115686     6.5971764048     4.4146241991
Si       13.9580373954     2.5648588823     2.4821411425
Si       18.8364245326     2.5361781041     2.6082595020
Si       15.7008423404     1.1300834066     6.4739771121
H       17.8783976166     6.8572009699     3.9343054735
H       15.5443543567     6.9643083171     3.3014182819
H       16.2413532418     7.4762849299     5.6247054963
H       12.8168269321     3.3115489917     3.0649062730
H       13.9682845809     2.8633209239     1.0164080923
H       18.4546750673     3.3212145218     1.4019275877
H       13.7059918507     1.1040849370     2.6794588877
H       18.5408192709     1.0949450475     2.3487751516
H       16.3759606220     0.8999601683     7.8036218059
H       14.2180040075     0.9815382830     6.6848857858
H       20.3294524362     2.6820835702     2.8200314460
H       16.1555727788     0.0664463614     5.5438726270
32
# Point 7 Energy = 0.0
C       20.5630819567     3.6572276788     7.6084119093
H       19.1962580428     3.5467307544     6.0712516737
C       19.3534425578     2.9546721090     6.9727435306
H       18.7515619623     2.5987562128     7.8138485448
H       20.5075847326     1.5623041255     5.4801483141
C       19.7855693151     1.6059006628     6.3172484640
H       19.0482555006     1.3576383070     5.5458561422
H       20.4336481461     1.1517927793     7.0694834269
H       21.5303877413     3.9793886794     7.1678262452
H       21.2122317963     2.8361034319     7.9114481303
H       20.2746427151     4.7037698016     7.5275958144
Si       16.4091152802     3.4089550563     4.4070296991
O       16.2879658622     4.9985006661     4.7514531238
O       17.9203996505     3.0743673448     3.8775333148
O       15.3663701340     2.9995288315     3.2117381037
O       16.0615042847     2.5726666996     5.7680239982
Si       16.4824909463     6.5978235810     4.4175298020
Si       13.9576296462     2.5664794368     2.4794451857
Si       18.8357211604     2.5370108867     2.6140945728
Si       15.6932680923     1.1302857537     6.4738936855
H       17.8760260283     6.8577978739     3.9396976982
H       15.5430937485     6.9654168975     3.3028136989
H       16.2361510665     7.4766057706     5.6274531205
H       12.8154966426     3.3131536221     3.0604441020
H       13.9704576721     2.8653819973     1.0138191996
H       18.4561862280     3.3224780040     1.4072659808
H       13.7050055943     1.1056757148     2.6758708408
H       18.5403848629     1.0959161326     2.3536008286
H       16.3660790076     0.8996442474     7.8046623018
H       14.2100694945     0.9818503266     6.6822242658
H       20.3284233339     2.6826642567     2.8284146616
H       16.1494773974     0.0668143577     5.5442949804
32
# Point 8 Energy = 0.0
C       20.5513635354     3.6599461860     7.6183432924
H       19.2320355017     3.5256640830     6.0611506035
C       19.3405396846     2.9562305584     6.9829852688
H       18.7632135025     2.5794992569     7.8314703694
H       20.5002113396     1.5231540908     5.4949448566
C       19.7837129152     1.6015896349     6.3359850986
H       19.0769677372     1.3862343900     5.5272959952
H       20.4617494660     1.1954409105     7.0884753422
H       21.5408427187     3.9973839717     7.2372877216
H       21.2030643393     2.8139192720     7.8321061538
H       20.2560212890     4.6909386979     7.4369133184
Si       16.4060650362     3.4099705241     4.4091042007
O       16.2843753932     4.9994504033     4.7538826721
O       17.9179381767     3.0754352609     3.8820431698
O       15.3651038372     3.0009787322     3.2120605133
O       16.0559895344     2.5732941127     5.7695277629
Si       16.4796249442     6.5988352035     4.4206748758
Si       13.9576089750     2.5682955024     2.4773278153
Si       18.8353997272     2.5382633386     2.6200868395
Si       15.6864902630     1.1308806449     6.4742768297
H       17.8739507116     6.8588098872     3.9452004909
H       15.5420749477     6.9668128884     3.3045236158
H       16.2313687797     7.4773155680     5.6304324580
H       12.8145719022     3.3149187252     3.0566352720
H       13.9728789903     2.8675973409     1.0118037026
H       18.4579373995     3.3241073139     1.4127753049
H       13.7044912960     1.1074563622     2.6729233320
H       18.5403787146     1.0972855593     2.3586532185
H       16.3571194917     0.8997933454     7.8061135214
H       14.2029608122     0.9824929021     6.6801636339
H       20.3277841261     2.6837402171     2.8368188580
H       16.1441455118     0.0675671155     5.5451792525
32
# Point 9 Energy = 0.0
C       20.5414191884     3.6643448943     7.6271401351
H       19.2698546078     3.5024342356     6.0524026373
C       19.3293082120     2.9588542772     6.9929735602
H       18.7776093718     2.5621181399     7.8486331702
H       20.4944496827     1.4830816373     5.5120553583
C       19.7838328460     1.5980567132     6.3556227765
H       19.1097127366     1.4170363548     5.5117204751
H       20.4906682792     1.2440107227     7.1071690625
H       21.5487593981     4.0156882968     7.3038384981
H       21.1749695304     2.7871952317     7.7458729166
H       20.2221464335     4.6627989392     7.3401540491
Si       16.4040476644     3.4115223382     4.4116177463
O       16.2817707212     5.0009652147     4.7566010409
O       17.9164071564     3.0771018149     3.8866690513
O       15.3646225757     3.0027497316     3.2131156162
O       16.0519001125     2.5745841814     5.7716452196
Si       16.4775347442     6.6003901877     4.4238838243
Si       13.9582376917     2.5702396780     2.4763255747
Si       18.8357483760     2.5400463084     2.6260396370
Si       15.6814239308     1.1321886668     6.4755238118
H       17.8725132586     6.8604243732     3.9504061244
H       15.5415376648     6.9685513518     3.3064826851
H       16.2275802974     7.4786843981     5.6334336196
H       12.8143764628     3.3167856093     3.0541274574
H       13.9755795926     2.8697794293     1.0108701025
H       18.4600077357     3.3261010698     1.4182500488
H       13.7047899510     1.1093668542     2.6713119557
H       18.5410979189     1.0991325034     2.3638990312
H       16.3502063881     0.9008605549     7.8082915858
H       14.1976281406     0.9837529241     6.6793373370
H       20.3278517150     2.6854910549     2.8448103705
H       16.1403882152     0.0689643126     5.5469408812
32
# Point 10 Energy = 0.0
C       20.5330214008     3.6687680300     7.6328089235
H       19.3090475725     3.4758489558     6.0434720091
C       19.3192646012     2.9612009994     7.0008662501
H       18.7944677933     2.5452900447     7.8635928153
H       20.4889451354     1.4406500947     5.5292461227
C       19.7848795595     1.5939733723     6.3739469465
H       19.1446092379     1.4502429072     5.4974162912
H       20.5189354852     1.2970163155     7.1233607229
H       21.5522814543     4.0281331257     7.3513181249
H       21.1431430857     2.7693207850     7.6810785825
H       20.1887976771     4.6312620683     7.2661383414
Si       16.4021390733     3.4130363029     4.4133465709
O       16.2795540847     5.0024515433     4.7585897232
O       17.9147267776     3.0786072732     3.8898514605
O       15.3636989662     3.0045726146     3.2138361280
O       16.0484429300     2.5758649705     5.7731285361
Si       16.4758175528     6.6019011713     4.4262810359
Si       13.9580715096     2.5723546734     2.4755974634
Si       18.8353533450     2.5415945010     2.6301500319
Si       15.6771791707     1.1335177351     6.4762964747
H       17.8712617914     6.8618816508     3.9541937668
H       15.5409181951     6.9703239622     3.3080397399
H       16.2247631724     7.4800277602     5.6357314975
H       12.8136996507     3.3189167255     3.0523900998
H       13.9768758354     2.8721349997     1.0102061988
H       18.4608733820     3.3278924460     1.4220489526
H       13.7042576792     1.1114687350     2.6700797574
H       18.5408423657     1.1007692287     2.3674291005
H       16.3446749849     0.9018935761     7.8097022410
H       14.1931957021     0.9851557460     6.6786822429
H       20.3272807486     2.6868845618     2.8503097587
H       16.1369606796     0.0703451240     5.5480294494
32
# Point 11 Energy = 0.0
C       20.5237813738     3.6703980233     7.6353437598
H       19.3474857354     3.4439296413     6.0342389735
C       19.3079957892     2.9609516074     7.0061586396
H       18.8112413373     2.5265528834     7.8756356968
H       20.4809165555     1.3938214595     5.5457688318
C       19.7840628011     1.5871133693     6.3899883475
H       19.1780106681     1.4860275201     5.4839388450
H       20.5425789624     1.3535261964     7.1367065672
H       21.5519166208     4.0341608945     7.3854153703
H       21.1377318795     2.7730871426     7.6490807570
H       20.1841250718     4.6156998239     7.2248650167
Si       16.3985710087     3.4135516314     4.4132793418
O       16.2761989497     5.0028689331     4.7592898281
O       17.9111775589     3.0788469482     3.8908065541
O       15.3607430406     3.0060544753     3.2128611857
O       16.0433872483     2.5758373170     5.7726390554
Si       16.4733379489     6.6023882560     4.4278314481
Si       13.9555933117     2.5747498413     2.4733464461
Si       18.8326629603     2.5419986239     2.6316709450
Si       15.6710845325     1.1334314511     6.4747419821
H       17.8692167513     6.8620656247     3.9569091703
H       15.5393965813     6.9716734824     3.3090665145
H       16.2216938756     7.4800518566     5.6375021738
H       12.8110465489     3.3214759219     3.0496030751
H       13.9756288131     2.8752103548     1.0081077891
H       18.4594014411     3.3290100662     1.4235791165
H       13.7010437157     1.1138637315     2.6669349804
H       18.5378299734     1.1014244342     2.3679982857
H       16.3375186147     0.9009218856     7.8085691856
H       14.1869169664     0.9854999073     6.6759787874
H       20.3245021458     2.6866478106     2.8529378504
H       16.1311818183     0.0704608854     5.5463708397
32
# Point 12 Energy = 0.0
C       20.5144930086     3.6705389703     7.6365104287
H       19.3863297844     3.4078423302     6.0265788982
C       19.2964766241     2.9592437133     7.0104625676
H       18.8290922446     2.5070494486     7.8864176007
H       20.4714869451     1.3444388010     5.5633628112
C       19.7824328150     1.5786323875     6.4053678655
H       19.2092767880     1.5280465714     5.4742881050
H       20.5605529591     1.4172347649     7.1502390459
H       21.5501420574     4.0376981228     7.4150111769
H       21.1420990055     2.7834213065     7.6251513131
H       20.1899071256     4.6042444039     7.1910712378
Si       16.3945805587     3.4135023684     4.4126043523
O       16.2726164315     5.0026545037     4.7597568461
O       17.9071254933     3.0784824314     3.8909479963
O       15.3572234293     3.0073587108     3.2112713738
O       16.0379366339     2.5749735161     5.7713795447
Si       16.4707694887     6.6022978321     4.4294992538
Si       13.9524459684     2.5772873257     2.4704983448
Si       18.8293057009     2.5419894274     2.6321775078
Si       15.6645040507     1.1323893957     6.4721197053
H       17.8670689661     6.8616330700     3.9596826265
H       15.5377301900     6.9727994792     3.3103761557
H       16.2187301842     7.4792475842     5.6396120985
H       12.8078514983     3.3241663402     3.0464855947
H       13.9736236673     2.8787628687     1.0054812363
H       18.4572426119     3.3300295812     1.4243083334
H       13.6970224151     1.1163844483     2.6628769577
H       18.5339779908     1.1017584985     2.3672483450
H       16.3299647109     0.8986206275     7.8062572976
H       14.1801549198     0.9849991043     6.6723002864
H       20.3210896984     2.6857899499     2.8544570748
H       16.1247266348     0.0697841164     5.5433633778
32
# Point 13 Energy = 0.0
C       20.5059291404     3.6695820792     7.6364896387
H       19.4267650035     3.3681982852     6.0210969889
C       19.2854757655     2.9564880383     7.0139522078
H       18.8493071926     2.4873132927     7.8963495846
H       20.4616119313     1.2953189767     5.5817072374
C       19.7806528163     1.5689500452     6.4201466551
H       19.2357753548     1.5771829324     5.4711725149
H       20.5694961471     1.4891096049     7.1661782160
H       21.5480116305     4.0392074324     7.4403436234
H       21.1495981243     2.7953622369     7.6028453908
H       20.1993364558     4.5921615808     7.1584200688
Si       16.3907769297     3.4130127452     4.4116209064
O       16.2692951636     5.0019262600     4.7602720058
O       17.9031848731     3.0777599320     3.8905104965
O       15.3537292487     3.0085029952     3.2094203327
O       16.0328344328     2.5733878483     5.7696779067
Si       16.4684483451     6.6017590673     4.4315327901
Si       13.9492215633     2.5798536620     2.4674782818
Si       18.8258844974     2.5418735308     2.6318700950
Si       15.6583369396     1.1304851906     6.4687961469
H       17.8651109911     6.8608255976     3.9626942824
H       15.5361721431     6.9737343230     3.3122548605
H       16.2161882498     7.4777400625     5.6423078691
H       12.8046686541     3.3267846642     3.0435043515
H       13.9713596268     2.8826588546     1.0027465963
H       18.4548768959     3.3312073453     1.4244427487
H       13.6929201074     1.1188992764     2.6583643312
H       18.5300008711     1.1020496540     2.3654148090
H       16.3229936056     0.8951603963     7.8031054637
H       14.1738304522     0.9836228705     6.6680838815
H       20.3176442641     2.6847486343     2.8549967421
H       16.1185431836     0.0684345852     5.5393683357
32
# Point 14 Energy = 0.0
C       20.4981161812     3.6691677152     7.6353931338
H       19.4699671195     3.3269175353     6.0186046965
C       19.2751155081     2.9541884223     7.0167158685
H       18.8729286135     2.4694068355     7.9060944895
H       20.4528420577     1.2529140663     5.6000223307
C       19.7791206127     1.5595739850     6.4346284874
H       19.2565814423     1.6187431383     5.4752027662
H       20.5676073618     1.5555837702     7.1845245344
H       21.5457803974     4.0403358161     7.4614111218
H       21.1584821394     2.8093017498     7.5810240277
H       20.2105413784     4.5797338978     7.1254924930
Si       16.3872037927     3.4126813603     4.4103412575
O       16.2659581257     5.0013015022     4.7606469234
O       17.8994699974     3.0775161296     3.8895572120
O       15.3503919267     3.0097269575     3.2073657811
O       16.0282849812     2.5717778199     5.7676497443
Si       16.4657785094     6.6013873296     4.4335435509
Si       13.9461413673     2.5823136691     2.4643902367
Si       18.8226286246     2.5425148437     2.6308846827
Si       15.6530728058     1.1284296208     6.4650662465
H       17.8626978963     6.8604798269     3.9655309805
H       15.5340579676     6.9747656116     3.3142623700
H       16.2132893746     7.4762457482     5.6450890565
H       12.8015658565     3.3290381146     3.0406627950
H       13.9690055809     2.8865834856     0.9999702291
H       18.4523820074     3.3331809271     1.4240172324
H       13.6892499721     1.1212461754     2.6536834603
H       18.5264181066     1.1030695849     2.3628132327
H       16.3171346788     0.8915529739     7.7994416190
H       14.1684611179     0.9818092033     6.6636346012
H       20.3143655445     2.6847150882     2.8546831549
H       16.1133395542     0.0670990956     5.5348170440
32
# Point 15 Energy = 0.0
C       20.4898235489     3.6717948130     7.6340518282
H       19.5165345416     3.2875143413     6.0211491827
C       19.2643642484     2.9546256035     7.0194509995
H       18.8999872281     2.4574107831     7.9175255140
H       20.4456740074     1.2187967871     5.6198735538
C       19.7776383512     1.5527636051     6.4503279672
H       19.2794790651     1.6316360964     5.4796590697
H       20.5640453597     1.5969637248     7.2003576047
H       21.5424719391     4.0435401740     7.4791819702
H       21.1669700343     2.8272895217     7.5605703772
H       20.2217843318     4.5688168191     7.0923297745
Si       16.3832175888     3.4135115942     4.4088037881
O       16.2615607686     5.0018482825     4.7604878463
O       17.8955054650     3.0789400136     3.8884954894
O       15.3468767497     3.0115048565     3.2050562284
O       16.0235697329     2.5714199567     5.7654832696
Si       16.4614382066     6.6022090300     4.4347626085
Si       13.9430989178     2.5846533138     2.4610304906
Si       18.8194103998     2.5449736808     2.6299389108
Si       15.6481680935     1.1275991183     6.4614202232
H       17.8585406422     6.8617972389     3.9676179750
H       15.5301951144     6.9764346402     3.3153593532
H       16.2083012609     7.4760495923     5.6469141107
H       12.7981712234     3.3308189568     3.0373508957
H       13.9666633763     2.8901507117     0.9968741559
H       18.4496877230     3.3366218497     1.4234763415
H       13.6861790598     1.1234052251     2.6489593158
H       18.5234560351     1.1057467384     2.3604769642
H       16.3116462061     0.8896586651     7.7959412036
H       14.1634970219     0.9806715894     6.6592030864
H       20.3110544999     2.6871228110     2.8544760198
H       16.1089698588     0.0670118658     5.5305592414
