32
# Point -15 Energy = 0.0
C       20.6824666176     3.6779660652     7.3642074712
H       18.6744566048     3.4143784889     6.9166097129
C       19.4667080278     2.7439088177     7.2876998752
H       19.1072481445     2.2734325909     8.2125542273
H       20.2577949025     0.9686553223     6.3977347544
C       19.6434304732     1.8166533659     6.0733461778
H       20.2366505699     2.3988299300     5.3481006397
H       18.7496785503     1.4444095156     5.5683137764
H       21.5767508734     3.0415254454     7.4138791095
H       20.7317701895     4.4329636141     8.1509937890
H       20.7610599271     4.1900573750     6.3955074980
Si       16.4389987138     3.3809939788     4.4160043539
O       16.3141130157     4.9706197261     4.7480318887
O       17.9600819371     3.0749951305     3.8828735631
O       15.3529292647     2.9766717873     3.2665382667
O       16.1539794394     2.5193284238     5.7704168821
Si       16.4621549812     6.5780719635     4.4409006491
Si       13.9602289627     2.5103761836     2.5292569490
Si       18.8675065948     2.5802045606     2.5896620391
Si       15.8222633801     1.0768713241     6.4932568906
H       17.8398711137     6.8658071258     3.9447037391
H       15.4945321538     6.9298067589     3.3490373791
H       16.2178856572     7.4449583243     5.6635616799
H       12.8367233593     3.2366198028     3.1407249963
H       13.9622094911     2.8244788355     1.0705416582
H       18.4472058226     3.3590251380     1.3880692587
H       13.7559504400     1.0477938437     2.7227965863
H       18.5968589527     1.1306906424     2.3219956768
H       16.5182096535     0.8655575868     7.8097824548
H       14.3416781911     0.9065331606     6.7253332330
H       20.3569781221     2.7547853857     2.7743439406
H       16.2796064729     0.0363317864     5.5503862435
32
# Point -14 Energy = 0.0
C       20.6824191642     3.6806155917     7.3804523685
H       18.6870928685     3.4227460758     6.8540362230
C       19.4634144624     2.7560084953     7.2625443868
H       19.0715836803     2.3021377514     8.1825050753
H       20.3915852195     1.0309595042     6.4001051174
C       19.6702827098     1.7928868201     6.0821753154
H       20.1464924753     2.3922680953     5.2885120665
H       18.7901254639     1.3019372012     5.6612018963
H       21.5792457838     3.0469102374     7.3483136952
H       20.7511739930     4.3583320185     8.2335629389
H       20.7306841628     4.2825496061     6.4630826758
Si       16.4361679614     3.3832932371     4.4151951754
O       16.3130663597     4.9730387551     4.7479211333
O       17.9561048330     3.0739466231     3.8813194931
O       15.3520711894     2.9792123087     3.2632479137
O       16.1472314882     2.5236231279     5.7702589258
Si       16.4652039739     6.5798556733     4.4387136995
Si       13.9575504720     2.5156413798     2.5272647033
Si       18.8627444734     2.5753436569     2.5894780494
Si       15.8123146150     1.0814175624     6.4923542507
H       17.8439110437     6.8646436663     3.9428277378
H       15.4990217813     6.9332883543     3.3458828174
H       16.2222182973     7.4478581720     5.6605841044
H       12.8335436701     3.2440828825     3.1371377467
H       13.9596054657     2.8282523807     1.0679783474
H       18.4450532261     3.3548557613     1.3877270962
H       13.7493391693     1.0533165751     2.7216213005
H       18.5889356116     1.1265792291     2.3227068780
H       16.5073917517     0.8683220622     7.8093993188
H       14.3315292039     0.9138044783     6.7237878014
H       20.3527407728     2.7466443565     2.7751444261
H       16.2681352567     0.0389303602     5.5501226818
32
# Point -13 Energy = 0.0
C       20.6814519001     3.6833188407     7.3950445038
H       18.7000842426     3.4301452941     6.7942303376
C       19.4606761839     2.7679174156     7.2372211662
H       19.0380864198     2.3309246035     8.1516913297
H       20.5118000969     1.1032177881     6.3906996929
C       19.6951071243     1.7707424082     6.0916494491
H       20.0477309673     2.3670034094     5.2342238334
H       18.8436670941     1.1696261230     5.7643160348
H       21.5801296028     3.0621209355     7.2808078704
H       20.7706157422     4.2774706648     8.3067447922
H       20.6985955869     4.3703048812     6.5386539811
Si       16.4339301697     3.3854945558     4.4143232062
O       16.3125339996     4.9753266170     4.7478663654
O       17.9527148278     3.0729521821     3.8796214909
O       15.3517618164     2.9816945118     3.2599310286
O       16.1411869036     2.5277242421     5.7699869624
Si       16.4686663639     6.5815266580     4.4366962594
Si       13.9553977937     2.5208964744     2.5252760469
Si       18.8585460991     2.5707072635     2.5890804871
Si       15.8031924221     1.0857080100     6.4912559533
H       17.8483214075     6.8634763592     3.9410831501
H       15.5038626002     6.9366805832     3.3429655805
H       16.2269732601     7.4505395273     5.6578502322
H       12.8309108795     3.2514441041     3.1336917943
H       13.9574320639     2.8321680920     1.0654526593
H       18.4433619183     3.3509630311     1.3872466315
H       13.7433031270     1.0588143196     2.7203095582
H       18.5816782219     1.1226990159     2.3231039933
H       16.4974650703     0.8707905427     7.8087767860
H       14.3222323624     0.9207101571     6.7220983500
H       20.3490532437     2.7388266765     2.7756896078
H       16.2575110883     0.0413667121     5.5495762256
32
# Point -12 Energy = 0.0
C       20.6797914369     3.6859525829     7.4082226798
H       18.7134808279     3.4372569436     6.7371984667
C       19.4584294733     2.7797382213     7.2117522066
H       19.0065639321     2.3598115198     8.1201697486
H       20.6169572636     1.1826089392     6.3684641239
C       19.7177583460     1.7503177117     6.1014933740
H       19.9425888670     2.3236677427     5.1877729028
H       18.9097966944     1.0502054153     5.8756837221
H       21.5792506353     3.0868876042     7.2125242563
H       20.7907507834     4.1909758482     8.3700662647
H       20.6651937659     4.4520792922     6.6221485590
Si       16.4322304431     3.3875893789     4.4133785464
O       16.3124309415     4.9774790753     4.7478267295
O       17.9498666535     3.0720197947     3.8777848814
O       15.3519619205     2.9840696793     3.2565766636
O       16.1357968432     2.5316423309     5.7696058822
Si       16.4724307701     6.5830786852     4.4347776393
Si       13.9537458593     2.5260533486     2.5232785313
Si       18.8548844573     2.5662945992     2.5884893180
Si       15.7948686445     1.0897601517     6.4899918779
H       17.8529896780     6.8623140506     3.9394024110
H       15.5089437791     6.9399400460     3.3402020849
H       16.2320155118     7.4530152757     5.6552714535
H       12.8287814802     3.2586069741     3.1303526244
H       13.9556704385     2.8361106569     1.0629459271
H       18.4420987798     3.3473169207     1.3866303614
H       13.7378419953     1.0641982431     2.7188753421
H       18.5750868447     1.1190384385     2.3232328777
H       16.4883970915     0.8730170356     7.8079530362
H       14.3137603039     0.9272458216     6.7202886385
H       20.3458852359     2.7313611955     2.7760052578
H       16.2477309027     0.0436484767     5.5487989712
32
# Point -11 Energy = 0.0
C       20.6776495425     3.6883541637     7.4202635168
H       18.7274209625     3.4447577805     6.6828420660
C       19.4566116751     2.7915837597     7.1861504658
H       18.9767721566     2.3888616481     8.0879570402
H       20.7058524606     1.2661724188     6.3329293835
C       19.7381286892     1.7316844780     6.1114516353
H       19.8333886284     2.2635125607     5.1515747825
H       18.9877415814     0.9459879361     5.9928738315
H       21.5764405751     3.1208065097     7.1447403191
H       20.8120813800     4.0994803876     8.4231326092
H       20.6310310868     4.5266179136     6.7134087101
Si       16.4310073723     3.3895729645     4.4123495997
O       16.3126655693     4.9794965397     4.7477564133
O       17.9475075078     3.0711608569     3.8758102695
O       15.3526230037     2.9862896346     3.2531759610
O       16.1310098921     2.5353945096     5.7691213641
Si       16.4763774761     6.5845096423     4.4328782762
Si       13.9525584134     2.5310219403     2.5212662582
Si       18.8517221038     2.5621059779     2.5877188474
Si       15.7873153355     1.0935992293     6.4885967822
H       17.8577936793     6.8611695095     3.9377050802
H       15.5141429645     6.9430243863     3.3375014975
H       16.2372043288     7.4553050769     5.6527488793
H       12.8271018862     3.2654736026     3.1270934034
H       13.9542866133     2.8399594792     1.0604454764
H       18.4412165716     3.3438856450     1.3858744466
H       13.7329455719     1.0693776930     2.7173428920
H       18.5691512391     1.1155861485     2.3231376008
H       16.4801592103     0.8750667447     7.8069699204
H       14.3060864477     0.9334144230     6.7183913392
H       20.3431965693     2.7242793198     2.7761074792
H       16.2387901057     0.0457891199     5.5478492133
32
# Point -10 Energy = 0.0
C       20.6752151734     3.6903298949     7.4314603233
H       18.7421237458     3.4532790438     6.6309606639
C       19.4551604691     2.8035743461     7.1604241493
H       18.9484263124     2.4181820259     8.0550314618
H       20.7775958960     1.3509376249     6.2842573472
C       19.7561509715     1.7148864619     6.1213075384
H       19.7224967042     2.1883504963     5.1277816003
H       19.0764735448     0.8587651427     6.1131236140
H       21.5715506470     3.1633376352     7.0788192838
H       20.8349277890     4.0036743855     8.4656217041
H       20.5967666015     4.5926735052     6.8121442682
Si       16.4301951525     3.3914456561     4.4112255436
O       16.3131418853     4.9813850112     4.7476087063
O       17.9455795156     3.0703916232     3.8736969596
O       15.3536902625     2.9883095115     3.2497232569
O       16.1267728393     2.5390043428     5.7685412174
Si       16.4803813074     6.5858227594     4.4309156041
Si       13.9517914968     2.5357141646     2.5192393084
Si       18.8490145892     2.5581454207     2.5867813698
Si       15.7805045688     1.0972574538     6.4871098556
H       17.8626049398     6.8600608300     3.9359051663
H       15.5193301623     6.9458949228     3.3347711490
H       16.2423953598     7.4574353379     5.6501799359
H       12.8258115791     3.2719482568     3.1238942545
H       13.9532362519     2.8435941528     1.0579443743
H       18.4406585626     3.3406396610     1.3849728110
H       13.7285967397     1.0742639536     2.7157444288
H       18.5638541646     1.1123339926     2.3228623398
H       16.4727253846     0.8770137021     7.8058728909
H       14.2991845826     0.9392255793     6.7164461726
H       20.3409404824     2.7176170535     2.7760077846
H       16.2306829187     0.0478080522     5.5467902763
32
# Point -9 Energy = 0.0
C       20.6726458141     3.6916682380     7.4420976977
H       18.7578711898     3.4633555670     6.5812593396
C       19.4540130338     2.8158328965     7.1345808919
H       18.9212161776     2.4479184629     8.0213380738
H       20.8316431034     1.4340569021     6.2232430054
C       19.7718029752     1.6999357812     6.1309036550
H       19.6122611607     2.1004507982     5.1181624758
H       19.1747384937     0.7897316294     6.2335016190
H       21.5644809445     3.2138069774     7.0161661396
H       20.8594147789     3.9043296522     8.4972823601
H       20.5631056443     4.6490374169     6.9178808863
Si       16.4297259067     3.3932141251     4.4099986687
O       16.3137624286     4.9831568539     4.7473406879
O       17.9440223355     3.0697344152     3.8714461919
O       15.3551057595     2.9900914092     3.2462167868
O       16.1230312603     2.5425011695     5.7678761465
Si       16.4843157349     6.5870277506     4.4288113577
Si       13.9513970616     2.5400495108     2.5172024500
Si       18.8467139682     2.5544233539     2.5856904446
Si       15.7744075375     1.1007724340     6.4855729536
H       17.8672933916     6.8590125445     3.9339201201
H       15.5243730744     6.9485200295     3.3319234948
H       16.2474440843     7.4594385909     5.6474667958
H       12.8248465802     3.2779426647     3.1207410790
H       13.9524697931     2.8469023160     1.0554406031
H       18.4403636076     3.3375564505     1.3839212327
H       13.7247740808     1.0787756692     2.7141164189
H       18.5591743308     1.1092803060     2.3224521696
H       16.4660698718     0.8789367624     7.8047095443
H       14.2930276844     0.9446944958     6.7144965391
H       20.3390670340     2.7114165545     2.7757179851
H       16.2234017585     0.0497302722     5.5456875455
32
# Point -8 Energy = 0.0
C       20.6700583557     3.6921578925     7.4524226264
H       18.7749778511     3.4753686560     6.5333636065
C       19.4531053085     2.8284772993     7.1086317861
H       18.8948267031     2.4782446762     7.9867984900
H       20.8678122390     1.5129274385     6.1512678744
C       19.7851121236     1.6868084269     6.1401617404
H       19.5049457805     2.0023960042     5.1240227622
H       19.2811059724     0.7394526995     6.3510908115
H       21.5551975509     3.2714165979     6.9581660932
H       20.8854777843     3.8023249580     8.5179363232
H       20.5307285791     4.6945834145     7.0299111438
Si       16.4295324335     3.3948921647     4.4086664985
O       16.3144322585     4.9848309835     4.7469184374
O       17.9427760928     3.0692180069     3.8690641075
O       15.3568119708     2.9916086200     3.2426589116
O       16.1197300439     2.5459184911     5.7671398623
Si       16.4880587643     6.5881414394     4.4265001770
Si       13.9513268445     2.5439621461     2.5151630594
Si       18.8447725103     2.5509586967     2.5844637047
Si       15.7689929212     1.1041845084     6.4840274595
H       17.8717340037     6.8580558591     3.9316813564
H       15.5291444898     6.9508789225     3.3288844944
H       16.2522113243     7.4613518826     5.6445265074
H       12.8241434598     3.2833830261     3.1176238515
H       13.9519381088     2.8497896973     1.0529355872
H       18.4402718739     3.3346254107     1.3827213256
H       13.7214541068     1.0828457977     2.7124943297
H       18.5550889570     1.1064328548     2.3219526792
H       16.4601640082     0.8809135926     7.8035267168
H       14.2875859310     0.9498403199     6.7125845987
H       20.3375267354     2.7057263444     2.7752547856
H       16.2169355133     0.0515851720     5.5446036519
32
# Point -7 Energy = 0.0
C       20.6675210438     3.6916095976     7.4626152356
H       18.7937481139     3.4894914193     6.4868444257
C       19.4523715916     2.8416101063     7.0825951105
H       18.8689636388     2.5093447127     7.9513254211
H       20.8862789157     1.5852858383     6.0702053306
C       19.7961578430     1.6754403646     6.1490982803
H       19.4026658128     1.8969172629     5.1461744063
H       19.3940343169     0.7078833973     6.4631666582
H       21.5437328911     3.3352648842     6.9061077263
H       20.9128920063     3.6986666297     8.5274835944
H       20.5002175222     4.7283225794     7.1472597039
Si       16.4295514560     3.3965005018     4.4072335009
O       16.3150640942     4.9864320053     4.7463222598
O       17.9417846921     3.0688765513     3.8665642554
O       15.3587557383     2.9928496590     3.2390557905
O       16.1168139970     2.5492911590     5.7663485398
Si       16.4915006875     6.5891873405     4.4239386804
Si       13.9515365018     2.5474086080     2.5131283265
Si       18.8431466097     2.5477794450     2.5831250762
Si       15.7642246882     1.1075328668     6.4825100712
H       17.8758153987     6.8572273825     3.9291453619
H       15.5335317621     6.9529651036     3.3256025371
H       16.2565709376     7.4632138866     5.6413018279
H       12.8236439102     3.2882179435     3.1145343593
H       13.9515986243     2.8521911518     1.0504320778
H       18.4403311659     3.3318517199     1.3813841463
H       13.7186131178     1.0864292242     2.7109062486
H       18.5515759285     1.1038104819     2.3214085933
H       16.4549722473     0.8830128017     7.8023664524
H       14.2828240915     0.9546838561     6.7107451866
H       20.3362744157     2.7005993177     2.7746438764
H       16.2112668394     0.0534042015     5.5435922987
32
# Point -6 Energy = 0.0
C       20.6650491947     3.6898786130     7.4727649843
H       18.8144257771     3.5056505350     6.4412539057
C       19.4517447732     2.8553068169     7.0564993668
H       18.8433815361     2.5413893739     7.9148409814
H       20.8875417010     1.6492620367     5.9822879599
C       19.8050685653     1.6657263582     6.1578307440
H       19.3073323445     1.7867346358     5.1849598774
H       19.5119412769     0.6944379841     6.5673390564
H       21.5301680002     3.4043776861     6.8611006204
H       20.9413238052     3.5944968408     8.5259105650
H       20.4719954204     4.7494630639     7.2686761084
Si       16.4297271814     3.3980651610     4.4057120873
O       16.3155841623     4.9879879658     4.7455509618
O       17.9409993164     3.0687466411     3.8639693034
O       15.3608923604     2.9938209310     3.2354164913
O       16.1142286683     2.5526514162     5.7655197234
Si       16.4945529079     6.5901937666     4.4211133337
Si       13.9519897334     2.5503743475     2.5111020893
Si       18.8418006331     2.5449209692     2.5817061803
Si       15.7600598295     1.1108507442     6.4810482755
H       17.8794495584     6.8565659721     3.9263034376
H       15.5374473806     6.9547883878     3.3220561959
H       16.2604188907     7.4650607860     5.6377707450
H       12.8232995454     3.2924255778     3.1114635474
H       13.9514213905     2.8540803322     1.0479316055
H       18.4405032904     3.3292578110     1.3799329052
H       13.7162287157     1.0895093342     2.7093663598
H       18.5486155288     1.1014425002     2.3208618190
H       16.4504481607     0.8852851839     7.8012616243
H       14.2786988390     0.9592447441     6.7089995637
H       20.3352730572     2.6960881286     2.7739230561
H       16.2063690552     0.0552173549     5.5426918847
32
# Point -5 Energy = 0.0
C       20.6626074938     3.6868833179     7.4828591395
H       18.8371457372     3.5235194130     6.3961681736
C       19.4511574684     2.8696052324     7.0303850206
H       18.8179089421     2.5745098844     7.8772959895
H       20.8723578082     1.7033874421     5.8899574980
C       19.8120112020     1.6575236338     6.1665703502
H       19.2206128911     1.6744314346     5.2403184452
H       19.6332655180     0.6980963721     6.6616303984
H       21.5146007054     3.4777478238     6.8240041893
H       20.9703970128     3.4910825954     8.5132999817
H       20.4462935352     4.7574638293     7.3926655804
Si       16.4300146705     3.3996142670     4.4041225921
O       16.3159377184     4.9895267722     4.7446239967
O       17.9403816316     3.0688626621     3.8613115372
O       15.3631892220     2.9945468489     3.2317516573
O       16.1119214932     2.5560243124     5.7646709159
Si       16.4971561299     6.5911904083     4.4180449942
Si       13.9526618113     2.5528769974     2.5090819392
Si       18.8407101628     2.5424218062     2.5802466231
Si       15.7564468172     1.1141604571     6.4796566301
H       17.8825807100     6.8561078984     3.9231875385
H       15.5408385530     6.9563744832     3.3182586608
H       16.2636819239     7.4669214707     5.6339521264
H       12.8230761791     3.2960178165     3.1083989158
H       13.9513941017     2.8554750561     1.0454319692
H       18.4407693703     3.3268814169     1.3784041163
H       13.7142809815     1.0921014333     2.7078697912
H       18.5461916954     1.0993653433     2.3203494951
H       16.4465315562     0.8877558425     7.8002323317
H       14.2751568773     0.9635384273     6.7073504928
H       20.3344970487     2.6922384148     2.7731437197
H       16.2022036321     0.0570488866     5.5419205504
32
# Point -4 Energy = 0.0
C       20.6601200952     3.6826154418     7.4927881379
H       18.8619000511     3.5425509492     6.3512296679
C       19.4505441009     2.8844987323     7.0043044246
H       18.7924644630     2.6087741870     7.8386863207
H       20.8416581476     1.7465641535     5.7957246979
C       19.8171734668     1.6506612949     6.1756004416
H       19.1439140202     1.5623837476     5.3118712657
H       19.7565050236     0.7175231775     6.7444777619
H       21.4971088306     3.5543769264     6.7953857806
H       20.9997602692     3.3897834067     8.4898409681
H       20.4231577394     4.7520698369     7.5175579260
Si       16.4303823340     3.4011737356     4.4024921240
O       16.3160929316     4.9910718518     4.7435806639
O       17.9399060592     3.0692512949     3.8586319049
O       15.3656282077     2.9950668321     3.2280720187
O       16.1098432313     2.5594234139     5.7638181939
Si       16.4992858222     6.5922039047     4.4147885387
Si       13.9535417936     2.5549648396     2.5070573572
Si       18.8398639779     2.5403176160     2.5787930071
Si       15.7533255431     1.1174693516     6.4783349363
H       17.8851910947     6.8558812356     3.9198702271
H       15.5436933092     6.9577617174     3.3142572729
H       16.2663235777     7.4688130245     5.6299055438
H       12.8229566460     3.2990397014     3.1053226080
H       13.9515249072     2.8564361728     1.0429253861
H       18.4411328484     3.3247701416     1.3768467286
H       13.7127532878     1.0942514603     2.7063903153
H       18.5442927258     1.0976168827     2.3199025968
H       16.4431478531     0.8904191731     7.7992841354
H       14.2721347370     0.9675734267     6.7057800817
H       20.3339341893     2.6890812855     2.7723701911
H       16.1987193157     0.0589130845     5.5412741354
32
# Point -3 Energy = 0.0
C       20.6574868778     3.6771397482     7.5023671009
H       18.8885276974     3.5620449585     6.3061794798
C       19.4498436108     2.8999353093     6.9783198694
H       18.7670590430     2.6441713888     7.7990627443
H       20.7964593238     1.7780129294     5.7020643542
C       19.8207426420     1.6449542932     6.1852443203
H       19.0783874257     1.4527486222     5.3989973389
H       19.8802253658     0.7511719481     6.8146707493
H       21.4777192379     3.6333116492     6.7755186132
H       21.0291395172     3.2920034398     8.4558368535
H       20.4024919273     4.7333202262     7.6416011377
Si       16.4308129898     3.4027627941     4.4008525441
O       16.3160421427     4.9926380101     4.7424764716
O       17.9395606055     3.0699264685     3.8559777813
O       15.3682063337     2.9954297037     3.2243871283
O       16.1079494795     2.5628477807     5.7629752048
Si       16.5009534783     6.5932533794     4.4114275141
Si       13.9546329179     2.5567105308     2.5050094136
Si       18.8392643167     2.5386347433     2.5773968384
Si       15.7506289900     1.1207675825     6.4770688303
H       17.8873020352     6.8559008024     3.9164585506
H       15.5460414412     6.9589955101     3.3101281338
H       16.2683459550     7.4707375299     5.6257251391
H       12.8229414891     3.3015639021     3.1022107406
H       13.9518422962     2.8570598421     1.0403978201
H       18.4416193965     3.3229737805     1.3753193651
H       13.7116326692     1.0960299901     2.7048816063
H       18.5429113645     1.0962297356     2.3195454366
H       16.4402101532     0.8932379458     7.7984086306
H       14.2695605441     0.9713494419     6.7042510480
H       20.3335859749     2.6866269593     2.7716769479
H       16.1958533581     0.0608110544     5.5407276532
32
# Point -2 Energy = 0.0
C       20.6546017620     3.6705845527     7.5113671807
H       18.9167295930     3.5812330020     6.2608729910
C       19.4490021484     2.9158221810     6.9525003093
H       18.7417839129     2.6806075064     7.7585326117
H       20.7377922321     1.7972216784     5.6113588009
C       19.8228863563     1.6402188765     6.1958299705
H       19.0249553873     1.3474947826     5.5008788696
H       20.0030410697     0.7973546772     6.8712564699
H       21.4563904003     3.7136676080     6.7644166521
H       21.0583645807     3.1991397823     8.4117090955
H       20.3841245078     4.7015298728     7.7630575960
Si       16.4313032900     3.4043903791     4.3992381257
O       16.3158003343     4.9942284206     4.7413777698
O       17.9393461008     3.0708859280     3.8534000513
O       15.3709345117     2.9956869829     3.2207046401
O       16.1062018993     2.5662807882     5.7621527636
Si       16.5022035997     6.5943469763     4.4080654948
Si       13.9559511375     2.5582018945     2.5029120544
Si       18.8389254049     2.5373849611     2.5761118550
Si       15.7482861452     1.1240280625     6.4758324722
H       17.8889702942     6.8561648030     3.9130837604
H       15.5479503212     6.9601220453     3.3059675100
H       16.2697870484     7.4726808030     5.6215294867
H       12.8230474343     3.3036818675     3.0990341444
H       13.9523921845     2.8574655354     1.0378296341
H       18.4422738590     3.3215364079     1.3738864337
H       13.7109096453     1.0975232664     2.7032815455
H       18.5420442291     1.0952252494     2.3192960503
H       16.4376233843     0.8961463370     7.7975860247
H       14.2673572394     0.9748565950     6.7027108839
H       20.3334661481     2.6848610110     2.7711444629
H       16.1935344381     0.0627291658     5.5402396490
32
# Point -1 Energy = 0.0
C       20.6513685039     3.6631271925     7.5195479805
H       18.9461023132     3.5993591773     6.2152775486
C       19.4479750860     2.9320339852     6.9269176191
H       18.7167880156     2.7179120256     7.7172540885
H       20.6666612693     1.8039116683     5.5258868360
C       19.8237404013     1.6362859593     6.2076593488
H       18.9843474379     1.2484483091     5.6165082776
H       20.1235811862     0.8542714321     6.9134494014
H       21.4330102413     3.7946384206     6.7618918361
H       21.0873678133     3.1125385096     8.3579970590
H       20.3678785069     4.6572534376     7.8802824987
Si       16.4318617645     3.4060531089     4.3976834774
O       16.3154014983     4.9958332603     4.7403561824
O       17.9392741089     3.0721099411     3.8509502265
O       15.3738348332     2.9958868396     3.2170302342
O       16.1045688078     2.5696907675     5.7613590328
Si       16.5031076766     6.5954800333     4.4048167017
Si       13.9575222169     2.5595324554     2.5007344977
Si       18.8388706404     2.5365624182     2.5749913804
Si       15.7462251794     1.1272082402     6.4745923486
H       17.8902811962     6.8566536530     3.9098899019
H       15.5495172483     6.9611827636     3.3018826071
H       16.2707149067     7.4746130293     5.6174504846
H       12.8233041728     3.3054943229     3.0957602436
H       13.9532330578     2.8577833172     1.0351972880
H       18.4431551576     3.3204901133     1.3726141132
H       13.7105773942     1.0988239015     2.7015181534
H       18.5416905589     1.0946094483     2.3191671260
H       16.4352891618     0.8990555445     7.7967887425
H       14.2654461734     0.9780758293     6.7010975178
H       20.3335979027     2.6837436397     2.7708546881
H       16.1916861689     0.0646392559     5.5397579177
32
# Point 0 Energy = 0
C       20.6477110000     3.6549790000     7.5266840000
H       18.9761800000     3.6157410000     6.1694560000
C       19.4467280000     2.9484220000     6.9016430000
H       18.6922510000     2.7558520000     7.6754250000
H       20.5840390000     1.7980300000     5.4478400000
C       19.8234060000     1.6330100000     6.2209870000
H       18.9571360000     1.1573250000     5.7446630000
H       20.2404540000     0.9200090000     6.9405780000
H       21.4074060000     3.8754920000     6.7676150000
H       21.1161610000     3.0334640000     8.2953550000
H       20.3536290000     4.6012450000     7.9917750000
Si       16.4325060000     3.4077350000     4.3962220000
O       16.3148940000     4.9974300000     4.7394840000
O       17.9393640000     3.0735620000     3.8486780000
O       15.3769370000     2.9960700000     3.2133680000
O       16.1030250000     2.5730330000     5.7606000000
Si       16.5037570000     6.5966350000     4.4017980000
Si       13.9593780000     2.5607940000     2.4984440000
Si       18.8391290000     2.5361430000     2.5740860000
Si       15.7443760000     1.1302530000     6.4733110000
H       17.8913405600     6.8573308000     3.9070238400
H       15.5508605600     6.9622108000     3.2979838400
H       16.2712205600     7.4764908000     5.6136238400
H       12.8237502400     3.3071035200     3.0923555200
H       13.9544302400     2.8581435200     1.0324755200
H       18.4443303200     3.3198514400     1.3715668800
H       13.7106302400     1.1000235200     2.6995155200
H       18.5418503200     1.0943714400     2.3191668800
H       16.4331100800     0.9018602400     7.7959848800
H       14.2637500800     0.9809802400     6.6993448800
H       20.3340103200     2.6832114400     2.7708868800
H       16.1902300800     0.0665002400     5.5392248800
32
# Point 1 Energy = 0.0
C       20.6436091789     3.6462924054     7.5326478535
H       19.0065769895     3.6299259608     6.1235404644
C       19.4452414606     2.9648662293     6.8767298591
H       18.6683248202     2.7942084765     7.6332195492
H       20.4909131659     1.7798017211     5.3793555102
C       19.8219377633     1.6303187932     6.2359770271
H       18.9437524529     1.0758298611     5.8837775217
H       20.3521393400     0.9925348389     6.9520421747
H       21.3794443278     3.9554596367     6.7812777971
H       21.1447532480     2.9629302056     8.2245969288
H       20.3414193277     4.5343356818     8.0963003378
Si       16.4332530259     3.4094129969     4.3948775139
O       16.3143193151     4.9989910045     4.7388124013
O       17.9396338337     3.0752019238     3.8466195933
O       15.3802671486     2.9962561672     3.2097200694
O       16.1015547159     2.5762644721     5.7598797607
Si       16.5042268139     6.5977876533     4.3990923607
Si       13.9615458666     2.5620450465     2.4960152128
Si       18.8397250542     2.5360936528     2.5734329294
Si       15.7426880592     1.1331126726     6.4719614082
H       17.8922346548     6.8581560165     3.9045906809
H       15.5520761427     6.9632197332     3.2943490745
H       16.2713799941     7.4782720128     5.6101457871
H       12.8244187533     3.3085775446     3.0887930365
H       13.9560367745     2.8586323414     1.0296441603
H       18.4458530403     3.3196169514     1.3707916569
H       13.7110660409     1.1011809480     2.6972169965
H       18.5425250235     1.0944880407     2.3193022916
H       16.4310149358     0.9044737978     7.7951517156
H       14.2622130294     0.9835428938     6.6974047373
H       20.3347280230     2.6832007232     2.7712995055
H       16.1891082798     0.0682715966     5.5385994441
32
# Point 2 Energy = 0.0
C       20.6390605391     3.6372293764     7.5373368070
H       19.0369002268     3.6415453891     6.0776984862
C       19.4435039132     2.9812410044     6.8522270057
H       18.6451539528     2.8327412517     7.5908258250
H       20.3883228488     1.7497373874     5.3225184785
C       19.8193809805     1.6281644124     6.2527474766
H       18.9445024022     1.0055061961     6.0319981804
H       20.4570817714     1.0696762281     6.9474319675
H       21.3489786534     4.0338178614     6.8025063266
H       21.1731537874     2.9018470717     8.1466173152
H       20.3313664349     4.4574790687     8.1927684053
Si       16.4341228910     3.4110574942     4.3936719245
O       16.3137238379     5.0004824563     4.7383894393
O       17.9401036055     3.0769812525     3.8448076225
O       15.3838524763     2.9964586566     3.2060884291
O       16.1001463477     2.5793371371     5.7592015760
Si       16.5045983776     6.5989071611     4.3967781226
Si       13.9640529262     2.5633386108     2.4934249125
Si       18.8406828778     2.5363711305     2.5730649796
Si       15.7411145790     1.1357335668     6.4705173081
H       17.8930552565     6.8590807046     3.9026888964
H       15.5532648450     6.9642165925     3.2910525383
H       16.2712777298     7.4799091553     5.6071075221
H       12.8253441857     3.3099807014     3.0850488436
H       13.9581036747     2.8593294712     1.0266849186
H       18.4477756455     3.3197723787     1.3703308998
H       13.7118812734     1.1023500750     2.6945693960
H       18.5437140197     1.0949259703     2.3195775098
H       16.4289377598     0.9068059360     7.7942665088
H       14.2607830973     0.9857344590     6.6952316287
H       20.3357754025     2.6836362588     2.7721445795
H       16.1882642808     0.0699075839     5.5378415303
32
# Point 3 Energy = 0.0
C       20.6340492958     3.6280394058     7.5406178185
H       19.0666796561     3.6502155877     6.0321236418
C       19.4415073934     2.9973733544     6.8281901956
H       18.6228934142     2.8711385501     7.5484830854
H       20.2773569556     1.7085954697     5.2793552727
C       19.8157920405     1.6264756111     6.2713947512
H       18.9596052540     0.9476211417     6.1872435160
H       20.5537394382     1.1491292432     6.9265731688
H       21.3157725941     4.1099798953     6.8307755659
H       21.2013960883     2.8511695721     8.0623447914
H       20.3236009289     4.3718292861     8.2801490404
Si       16.4351434044     3.4126277459     4.3926321269
O       16.3131735395     5.0018582512     4.7382774970
O       17.9407990826     3.0788321824     3.8432794288
O       15.3877260466     2.9966951100     3.2024764174
O       16.0987881870     2.5821862906     5.7585682449
Si       16.5049852891     6.5999510060     4.3949578384
Si       13.9669296490     2.5647475434     2.4906470687
Si       18.8420293400     2.5369135000     2.5730174234
Si       15.7395967459     1.1380439244     6.4689427859
H       17.8939289634     6.8600367439     3.9014443944
H       15.5545640050     6.9652107868     3.2881938255
H       16.2710361201     7.4813375677     5.6046294616
H       12.8265696284     3.3114026097     3.0810993649
H       13.9606891811     2.8603435224     1.0235785148
H       18.4501606355     3.3202950177     1.3702338878
H       13.7130642036     1.1036055748     2.6915074186
H       18.5454086526     1.0956370979     2.3199901266
H       16.4267971914     0.9087349535     7.7932962071
H       14.2593949699     0.9875176923     6.6927677680
H       20.3371804362     2.6844112525     2.7734792076
H       16.1876222694     0.0713465099     5.5368955039
32
# Point 4 Energy = 0.0
C       20.6285767155     3.6189758179     7.5424016888
H       19.0954973700     3.6556663714     5.9870171924
C       19.4392527463     3.0130895383     6.8046639399
H       18.6016638264     2.9090858808     7.5064166251
H       20.1592327914     1.6574432322     5.2518088759
C       19.8112312521     1.6252019365     6.2919584760
H       18.9891625723     0.9032054046     6.3470936199
H       20.6405041398     1.2284879178     6.8895672658
H       21.2795945479     4.1833889016     6.8655336559
H       21.2294651266     2.8117320127     7.9727984992
H       20.3183523233     4.2786539805     8.3575862395
Si       16.4363414698     3.4140773155     4.3917812605
O       16.3127351477     5.0030672209     4.7385329268
O       17.9417432844     3.0806797814     3.8420645716
O       15.3919161230     2.9969761393     3.1988876043
O       16.0974716321     2.5847440883     5.7579811084
Si       16.5055015324     6.6008709825     4.3937249236
Si       13.9701994194     2.5663373488     2.4876610957
Si       18.8437841684     2.5376491295     2.5733158478
Si       15.7380804495     1.1399702865     6.4672037939
H       17.8949812567     6.8609487954     3.9009693157
H       15.5561081504     6.9662047264     3.2858658197
H       16.2707820839     7.4824890045     5.6028221388
H       12.8281333535     3.3129272725     3.0769287468
H       13.9638399535     2.8617735775     1.0203107434
H       18.4530599691     3.3211506249     1.3705402722
H       13.7145960219     1.1050154969     2.6879741307
H       18.5475917867     1.0965633178     2.3205313083
H       16.4245204746     0.9101392301     7.7922077596
H       14.2579887060     0.9888547626     6.6899619489
H       20.3389645320     2.6854087103     2.7753460206
H       16.1871076735     0.0725231939     5.5357079442
32
# Point 5 Energy = 0.0
C       20.6226556285     3.6102893462     7.5426419350
H       19.1230043321     3.6577265425     5.9425699262
C       19.4367493816     3.0282195659     6.7816780270
H       18.5815470932     2.9462786822     7.4648225225
H       20.0353477180     1.5976685287     5.2416883435
C       19.8057751303     1.6243102878     6.3144279800
H       19.0331326936     0.8729827460     6.5088043172
H       20.7157257493     1.3052938939     6.8368815570
H       21.2402346249     4.2535101962     6.9062087372
H       21.2572708100     2.7842328660     7.8790759432
H       20.3159324018     4.1793203133     8.4244000235
Si       16.4377412138     3.4153567797     4.3911376183
O       16.3124737419     5.0040558415     4.7392047584
O       17.9429543679     3.0824452864     3.8411826741
O       15.3964435856     2.9973072510     3.1953256024
O       16.0961907645     2.5869424115     5.7574393614
Si       16.5062579762     6.6016158758     4.3931619038
Si       13.9738756833     2.5681673014     2.4844528892
Si       18.8459571927     2.5385001510     2.5739734636
Si       15.7365171036     1.1414403557     6.4652680039
H       17.8963325076     6.8617375313     3.9013591724
H       15.5580244728     6.9671957905     3.2841536214
H       16.2706440472     7.4832944492     5.6017844241
H       12.8300660062     3.3146337518     3.0725306404
H       13.9675869787     2.8637099614     1.0168735323
H       18.4565110143     3.3222964155     1.3712775549
H       13.7164488837     1.1066423572     2.6839225041
H       18.5502356016     1.0976398358     2.3211836164
H       16.4220453939     0.9109007140     7.7909674590
H       14.2565107850     0.9897094533     6.6867705582
H       20.3411398760     2.6865056628     2.7777693021
H       16.1866478403     0.0733718546     5.5342273873
32
# Point 6 Energy = 0.0
C       20.6163053145     3.6022208704     7.5413319137
H       19.1489311979     3.6563078313     5.8989489184
C       19.4340154648     3.0426019121     6.7592442832
H       18.5625873189     2.9824328814     7.4238548569
H       19.9073185649     1.5309754410     5.2505947262
C       19.7995245880     1.6237825641     6.3387488057
H       19.0912884061     0.8573033341     6.6693529987
H       20.7777523117     1.3771077703     6.7694335856
H       21.1975203977     4.3198270184     6.9522122316
H       21.2846289801     2.7692159506     7.7823352397
H       20.3167125135     4.0752777584     8.4800898955
Si       16.4393628771     3.4164163154     4.3907135307
O       16.3124509322     5.0047707998     4.7403333612
O       17.9444443521     3.0840494316     3.8406413637
O       15.4013202530     2.9976905355     3.1917937588
O       16.0949426434     2.5887156029     5.7569393390
Si       16.5073593265     6.6021340019     4.3933386068
Si       13.9779601039     2.5702911688     2.4810156393
Si       18.8485466029     2.5393860339     2.5749885764
Si       15.7348652608     1.1423857133     6.4631046292
H       17.8980944570     6.8623228612     3.9026900318
H       15.5604288166     6.9681780374     3.2831333349
H       16.2707491419     7.4836867760     5.6016016711
H       12.8323886791     3.3165963315     3.0679096686
H       13.9719425941     2.8662345936     1.0132657641
H       18.4605335454     3.3236841114     1.3724586799
H       13.7185850809     1.1085438174     2.6793167385
H       18.5533005633     1.0987985462     2.3219189816
H       16.4193229081     0.9109083600     7.7895403172
H       14.2549159409     0.9900490707     6.6831584432
H       20.3437077655     2.6875776614     2.7807513941
H       16.1861736971     0.0738288979     5.5324040748
32
# Point 7 Energy = 0.0
C       20.6095471917     3.5949931172     7.5385007520
H       19.1730939578     3.6513897913     5.8562891795
C       19.4310782938     3.0560884367     6.7373541445
H       18.5447954609     3.0172934686     7.3836165598
H       19.7769997372     1.4593601411     5.2798317220
C       19.7926078972     1.6236146066     6.3648283323
H       19.1631657403     0.8560906665     6.8255178069
H       20.8249852736     1.4415979449     6.6886534125
H       21.1513312733     4.3818388132     7.0029422295
H       21.3112501330     2.7670507861     7.6837714208
H       20.3210974773     3.9680350054     8.5243376267
Si       16.4412224528     3.4172080238     4.3905144311
O       16.3127235454     5.0051612890     4.7419491725
O       17.9462187355     3.0854156633     3.8404346985
O       15.4065482316     2.9981258993     3.1882948361
O       16.0937281630     2.5900029789     5.7564739911
Si       16.5089014762     6.6023754705     4.3943103501
Si       13.9824419301     2.5727572562     2.4773503790
Si       18.8515384244     2.5402270864     2.5763427382
Si       15.7330928044     1.1427443211     6.4606844635
H       17.9003671663     6.8626270220     3.9050159401
H       15.5634222415     6.9691434512     3.2828706310
H       16.2712204589     7.4836031710     5.6023437695
H       12.8351119958     3.3188838867     3.0630823741
H       13.9768989825     2.8694205652     1.0094938018
H       18.4651281096     3.3252627898     1.3740801662
H       13.7209575403     1.1107726700     2.6741333783
H       18.5567358211     1.0999712947     2.3226973850
H       16.4163201290     0.9100615175     7.7878898182
H       14.2531695466     0.9898459699     6.6790997254
H       20.3466581073     2.6885033985     2.7842700596
H       16.1856223015     0.0738354974     5.5301900644
32
# Point 8 Energy = 0.0
C       20.6024015252     3.5888019021     7.5342081936
H       19.1953947213     3.6430066415     5.8146897696
C       19.4279745766     3.0685491900     6.7159775108
H       18.5281562737     3.0506410704     7.3441547317
H       19.6464756275     1.3850671766     5.3303111690
C       19.7851784692     1.6238161101     6.3925402213
H       19.2480120498     0.8688084642     6.9739857105
H       20.8559472248     1.4966390151     6.5965134169
H       21.1016112648     4.4390608983     7.0577882993
H       21.3367358027     2.7779154201     7.5845884006
H       20.3294979619     3.8591315307     8.5570063644
Si       16.4433319735     3.4176878647     4.3905383154
O       16.3133427619     5.0051809109     4.7440717177
O       17.9482769394     3.0864730645     3.8405424185
O       15.4121202752     2.9986117842     3.1848307962
O       16.0925532156     2.5907509734     5.7560327140
Si       16.5109693017     6.6022940527     4.3961163923
Si       13.9872985910     2.5756077926     2.4734662482
Si       18.8549072230     2.5409476930     2.5779999867
Si       15.7311793389     1.1424626551     6.4579802538
H       17.9032365432     6.8625773674     3.9083669801
H       15.5670883179     6.9700826732     3.2834192740
H       16.2721743470     7.4829871835     5.6040633671
H       12.8382362014     3.3215585158     3.0580775328
H       13.9824282914     2.8733309933     1.0055716920
H       18.4702759155     3.3269813932     1.3761211668
H       13.7235115805     1.1133761417     2.6683621494
H       18.5604809955     1.1010928509     2.3234666097
H       16.4130231400     0.9082730602     7.7859782264
H       14.2512501384     0.9890786014     6.6745785438
H       20.3499700852     2.6891691961     2.7882773481
H       16.1849399265     0.0733398131     5.5275398393
32
# Point 9 Energy = 0.0
C       20.5948851755     3.5838079121     7.5285384389
H       19.2158178146     3.6312361309     5.7742137023
C       19.4247503140     3.0798765664     6.6950631508
H       18.5126362085     3.0822963908     7.3054607148
H       19.5180262745     1.3105280493     5.4024641868
C       19.7774083950     1.6244108310     6.4217278763
H       19.3447426685     0.8944507917     7.1114818836
H       20.8693576776     1.5404114448     6.4955197016
H       21.0483797296     4.4910247984     7.1161375715
H       21.3605823128     2.8017845942     7.4859692817
H       20.3423028718     3.7501062953     8.5781338047
Si       16.4457002514     3.4178171072     4.3907757269
O       16.3143536437     5.0047890840     4.7467091359
O       17.9506133815     3.0871587838     3.8409302161
O       15.4180209821     2.9991454522     3.1814027383
O       16.0914298181     2.5909147552     5.7556015986
Si       16.5136350215     6.6018485661     4.3987789686
Si       13.9924973338     2.5788779112     2.4693804131
Si       18.8586178517     2.5414790831     2.5799073848
Si       15.7291182602     1.1414972965     6.4549673633
H       17.9067726088     6.8621086726     3.9127483786
H       15.5714913637     6.9709852941     3.2848199040
H       16.2737178987     7.4817902667     5.6067946239
H       12.8417521222     3.3246737622     3.0529357527
H       13.9884842957     2.8780175065     1.0015210028
H       18.4759401882     3.3287908095     1.3785436894
H       13.7261875907     1.1163947769     2.6620063584
H       18.5644690415     1.1021034199     2.3241631682
H       16.4094390506     0.9054719285     7.7837674300
H       14.2491515384     0.9877320279     6.6695895922
H       20.3536138097     2.6894730036     2.7927002664
H       16.1840851056     0.0722986873     5.5244113348
32
# Point 10 Energy = 0.0
C       20.5870102981     3.5801301059     7.5215932362
H       19.2344215436     3.6161900745     5.7348907892
C       19.4214600675     3.0899882400     6.6745406567
H       18.4981911448     3.1121223748     7.2674745862
H       19.3940687785     1.2382849829     5.4961680464
C       19.7694792459     1.6254363431     6.4522073798
H       19.4519147385     0.9315561820     7.2349106893
H       20.8642107220     1.5714948808     6.3886636911
H       20.9917395517     4.5372791011     7.1773811249
H       21.3821912933     2.8384249555     7.3890480578
H       20.3598530728     3.6424668715     8.5879187429
Si       16.4483338279     3.4175632375     4.3912102865
O       16.3157949859     5.0039518977     4.7498583417
O       17.9532188990     3.0874197847     3.8415510280
O       15.4242285442     2.9997229841     3.1780109834
O       16.0903768660     2.5904591936     5.7551640486
Si       16.5169572342     6.6010037308     4.4023031602
Si       13.9979975673     2.5825945856     2.4651175953
Si       18.8626278919     2.5417614340     2.5819968304
Si       15.7269180108     1.1398158326     6.4516245680
H       17.9110286507     6.8611647880     3.9181409385
H       15.5766757786     6.9718398512     3.2870993463
H       16.2759468422     7.4799726998     5.6105528045
H       12.8456427417     3.3282728746     3.0477083554
H       13.9950052946     2.8835188347     0.9973702697
H       18.4820687315     3.3306454658     1.3812940088
H       13.7289241327     1.1198612640     2.6550826921
H       18.5686296760     1.1029505456     2.3247142763
H       16.4055967638     0.9016047600     7.7812201487
H       14.2468840657     0.9857979141     6.6641382761
H       20.3575526177     2.6893275241     2.7974432453
H       16.1830310210     0.0706786855     5.5207671555
32
# Point 11 Energy = 0.0
C       20.5787838275     3.5778415769     7.5134847069
H       19.2513263479     3.5980061279     5.6967225000
C       19.4181655248     3.0988284755     6.6543237061
H       18.4847731182     3.1400240731     7.2300931856
H       19.2770801090     1.1709033925     5.6106969375
C       19.7615718105     1.6269427623     6.4837704318
H       19.5677243705     0.9782449127     7.3414975847
H       20.8398474884     1.5889486760     6.2793366274
H       20.9318823004     4.5773911697     7.2409195539
H       21.4008860115     2.8873976483     7.2948854134
H       20.3824176136     3.5376620449     8.5867019989
Si       16.4512378966     3.4169003178     4.3918196900
O       16.3176994171     5.0026424042     4.7535058372
O       17.9560822234     3.0872137939     3.8423471845
O       15.4307167141     3.0003391492     3.1746552592
O       16.0894202718     2.5893591178     5.7547016493
Si       16.5209806933     6.5997304949     4.4066776959
Si       14.0037535042     2.5867758560     2.4607092035
Si       18.8668903709     2.5417451694     2.5841879042
Si       15.7246021797     1.1373970031     6.4479347999
H       17.9160413138     6.8596995378     3.9245028495
H       15.5826665177     6.9726336897     3.2902706176
H       16.2789440408     7.4775038502     5.6153348658
H       12.8498850906     3.3323875250     3.0424556230
H       14.0019177924     2.8898599276     0.9931540651
H       18.4885972916     3.3325044064     1.3843051059
H       13.7316609337     1.1237995509     2.6476203361
H       18.5728928060     1.1035902992     2.3250405729
H       16.4015461603     0.8966363988     7.7783012687
H       14.2444744942     0.9832740534     6.6582403610
H       20.3617456217     2.6886621749     2.8023921079
H       16.1817667439     0.0684564200     5.5165757166
32
# Point 12 Energy = 0.0
C       20.5702075510     3.5769682838     7.5043285310
H       19.2667004475     3.5768404944     5.6596879652
C       19.4149334128     3.1063676904     6.6343142329
H       18.4723355247     3.1659463994     7.1931804451
H       19.1695089791     1.1108770372     5.7447020737
C       19.7538562623     1.6289901845     6.5161877077
H       19.6900297167     1.0322776032     7.4289214119
H       20.7960165888     1.5923744728     6.1712129975
H       20.8690900673     4.6109502484     7.3061669396
H       21.4159322449     2.9480674423     7.2044504040
H       20.4101733683     3.4370598749     8.5749439312
Si       16.4544170151     3.4158088445     4.3925770329
O       16.3200936676     5.0008404022     4.7576290772
O       17.9591912625     3.0865094296     3.8432531492
O       15.4374566913     3.0009872743     3.1713349283
O       16.0885923820     2.5875989115     5.7541951472
Si       16.5257367847     6.5980058866     4.4118766150
Si       14.0097167292     2.5914305630     2.4561921229
Si       18.8713563718     2.5413914095     2.5863914084
Si       15.7222083350     1.1342301353     6.4438856891
H       17.9218315655     6.8576768535     3.9317727013
H       15.5894705968     6.9733528151     3.2943336500
H       16.2827787127     7.4743618233     5.6211210025
H       12.8544521639     3.3370372544     3.0372445706
H       14.0091404776     2.8970518496     0.9889117593
H       18.4954532753     3.3343318560     1.3874998442
H       13.7343413490     1.1282244764     2.6396594475
H       18.5771914837     1.1039877278     2.3250592304
H       16.3973556826     0.8905492640     7.7749790855
H       14.2419646617     0.9801635490     6.6519210777
H       20.3661501447     2.6874237519     2.8074190747
H       16.1802970840     0.0656181914     5.5118121064
32
# Point 13 Energy = 0.0
C       20.5612786071     3.5774905764     7.4942380815
H       19.2807443098     3.5528614793     5.6237503732
C       19.4118329496     3.1126004689     6.6144070411
H       18.4608366251     3.1898702244     7.1565787008
H       19.0736857097     1.0605306131     5.8962232806
C       19.7464838544     1.6316449537     6.5492128357
H       19.8163980734     1.0911324141     7.4954271680
H       20.7329168426     1.5819567532     6.0681120853
H       20.8037339926     4.6375723754     7.3725529603
H       21.4265622466     3.0196168287     7.1186086592
H       20.4431887796     3.3419318846     8.5532011635
Si       16.4578755095     3.4142752071     4.3934523119
O       16.3229989254     4.9985318224     4.7621982227
O       17.9625340326     3.0852856061     3.8441985473
O       15.4444187126     3.0016591760     3.1680492346
O       16.0879307349     2.5851715761     5.7536254328
Si       16.5312445689     6.5958124945     4.4178615802
Si       14.0158384155     2.5965586328     2.4516072974
Si       18.8759772475     2.5406716411     2.5885132146
Si       15.7197857429     1.1303140162     6.4394698526
H       17.9284063340     6.8550702391     3.9398733405
H       15.5970793731     6.9739818114     3.2992766230
H       16.2875063483     7.4705326282     5.6278769416
H       12.8593146435     3.3422297045     3.0321464867
H       14.0165880656     2.9050924672     0.9846861135
H       18.5025593982     3.3360973060     1.3907945368
H       13.7369140565     1.1331419686     2.6312491659
H       18.5814640957     1.1041166223     2.3246871334
H       16.3931086135     0.8833417579     7.7712263294
H       14.2394089112     0.9764737985     6.6452137924
H       20.3707237669     2.6855758771     2.8123882623
H       16.1786411130     0.0621590751     5.5064585909
32
# Point 14 Energy = 0.0
C       20.5519900285     3.5793469857     7.4833203308
H       19.2936751716     3.5262439777     5.5888634851
C       19.4089329108     3.1175424411     6.5944947147
H       18.4502412116     3.2118073946     7.1201200075
H       18.9917359957     1.0219233586     6.0627371674
C       19.7395805221     1.6349751239     6.5825872825
H       19.9441783145     1.1521003381     7.5399099680
H       20.6512145931     1.5584773043     5.9738416935
H       20.7362693597     4.6569069526     7.4395241600
H       21.4320000284     3.1010638603     7.0381169525
H       20.4814121614     3.2534423956     8.5221047694
Si       16.4616175934     3.4122908871     4.3944139662
O       16.3264312130     4.9957078631     4.7671780780
O       17.9660992794     3.0835304016     3.8451113557
O       15.4515733952     3.0023451943     3.1647974598
O       16.0874762310     2.5820774555     5.7529744116
Si       16.5375122355     6.5931377137     4.4245845796
Si       14.0220712688     2.6021518559     2.4469980230
Si       18.8807064998     2.5395667773     2.5904583174
Si       15.7173921272     1.1256554155     6.4346848691
H       17.9357606476     6.8518617451     3.9487162961
H       15.6054714319     6.9745038652     3.3050776389
H       16.2931691287     7.4660090430     5.6355566871
H       12.8644424734     3.3479615493     3.0272341302
H       14.0241750678     2.9139677980     0.9805216203
H       18.5098372814     3.3377752174     1.3941027796
H       13.7393341489     1.1385497586     2.6224451327
H       18.5856559255     1.1039587509     2.3238440800
H       16.3888982144     0.8750260212     7.7670209085
H       14.2368705347     0.9722154352     6.6381581896
H       20.3754260319     2.6830974751     2.8171615583
H       16.1768295731     0.0580816443     5.5005047472
32
# Point 15 Energy = 0.0
C       20.5423319187     3.5824395813     7.4716724620
H       19.3057127699     3.4971651288     5.5549770038
C       19.4062989395     3.1212266061     6.5744715941
H       18.4405211992     3.2317953716     7.0836359886
H       18.9255041048     0.9967599842     6.2412130844
C       19.7332429068     1.6390456572     6.6160450096
H       20.0705717653     1.2123846760     7.5619819394
H       20.5520592536     1.5233114577     5.8920503611
H       20.6672289555     4.6686460463     7.5065424004
H       21.4314879988     3.1912794208     6.9636215994
H       20.5246637395     3.1726421784     8.4823427550
Si       16.4656470136     3.4098515597     4.3954303088
O       16.3304016153     4.9923640554     4.7725299927
O       17.9698764160     3.0812396121     3.8459205667
O       15.4588922149     3.0030343114     3.1615792523
O       16.0872710991     2.5783228780     5.7522258223
Si       16.5445385439     6.5899729175     4.4319905899
Si       14.0283703525     2.6081949838     2.4424087909
Si       18.8855005262     2.5380657873     2.5921341083
Si       15.7150902177     1.1202675513     6.4295332518
H       17.9438796522     6.8480406684     3.9582058018
H       15.6146152073     6.9749008930     3.3117066374
H       16.2997968020     7.4607894205     5.6441053071
H       12.8698055943     3.3542199202     3.0225797999
H       14.0318180679     2.9236537248     0.9764634091
H       18.5172096932     3.3393443893     1.3973386440
H       13.7415629519     1.1444384341     2.6133075803
H       18.5897193058     1.1035027005     2.3224552451
H       16.3848229850     0.8656254891     7.7623464452
H       14.2344180523     0.9674014338     6.6307988490
H       20.3802190887     2.6799805837     2.8216033138
H       16.1749016488     0.0533945778     5.4939474457
