32
# Point -15 Energy = 0.0
C       20.2407170800     3.6525625743     7.1799810081
H       19.5358909620     3.8920965806     5.2895884880
C       19.0557362881     3.5510571507     6.2195483586
H       18.1266521176     4.1144742307     6.3792111228
H       19.2083819134     1.3950073731     6.0297700659
C       18.4208419743     2.1650128428     6.0789113480
H       17.8615886284     2.0635656169     5.1444981502
H       17.7626337704     1.9312415312     6.9267019841
H       21.1243133447     3.1447553682     6.7726324154
H       19.9734642052     3.1868079587     8.1373384590
H       20.5332072210     4.6882835497     7.3804791405
Si       16.8354468737     3.2375936812     4.5745084185
O       16.7212809298     4.7810069389     5.0848793814
O       18.2872682864     3.0242464267     3.8601334035
O       15.6871242798     2.8725506167     3.4705257196
O       16.5999646817     2.2439909309     5.8494443289
Si       16.9069612217     6.3954134091     4.8384125208
Si       14.2286288513     2.4195409636     2.8736767640
Si       19.1703735559     2.5310139849     2.5628317435
Si       16.3487279352     0.7367130204     6.4715766643
H       18.2621868785     6.7080817935     4.2781078357
H       15.8871135229     6.8283893501     3.8256858725
H       16.7470638095     7.1687676541     6.1256777566
H       13.1530648640     3.0959160675     3.6257386076
H       14.0870405545     2.8080587491     1.4422538487
H       18.7110857446     3.3972840817     1.4602505318
H       14.0438941582     0.9427974569     3.0071072739
H       18.8886575290     1.1017854637     2.2091880965
H       17.1354351657     0.4006246172     7.7220303333
H       14.8951834739     0.5416100862     6.7854561033
H       20.6794583946     2.6786348074     2.7029557443
H       16.7485923840     -0.2255828768     5.4180638707
32
# Point -14 Energy = 0.0
C       20.2810131357     3.6275897123     7.2144795191
H       19.5337442903     3.9349588169     5.3309333385
C       19.0913265840     3.5403189378     6.2583575799
H       18.1588196314     4.0797859906     6.4724741348
H       19.3106623016     1.4021730900     5.9569001337
C       18.5001315373     2.1402395601     6.0736156130
H       17.9045717896     2.0648274402     5.1589691734
H       17.8853537375     1.8420698156     6.9338324962
H       21.1706051602     3.1512455229     6.7827111433
H       20.0311114360     3.1219718999     8.1560943646
H       20.5549818728     4.6609696862     7.4503999770
Si       16.8070806957     3.2467599972     4.5646882518
O       16.6871714228     4.7945421290     5.0605155298
O       18.2639255017     3.0291433873     3.8610317984
O       15.6678024167     2.8756790252     3.4530026555
O       16.5673553779     2.2665063118     5.8491022553
Si       16.8678039492     6.4081292280     4.8043592028
Si       14.2137571937     2.4207796438     2.8456206668
Si       19.1492795351     2.5326555287     2.5660738635
Si       16.3132013408     0.7643077296     6.4820423678
H       18.2245098098     6.7202858072     4.2479642650
H       15.8512113841     6.8312311972     3.7839839294
H       16.6999619278     7.1911359916     6.0851792184
H       13.1307696109     3.1005629331     3.5847138731
H       14.0834590412     2.8019772188     1.4107487169
H       18.6908330337     3.3894585987     1.4546009260
H       14.0275310269     0.9446584697     2.9846225037
H       18.8712293524     1.1005589005     2.2227011404
H       17.0935655074     0.4412535922     7.7393706158
H       14.8580047574     0.5689746729     6.7898024061
H       20.6570595231     2.6854721838     2.7090080050
H       16.7201467151     -0.2069210187     5.4392656949
32
# Point -13 Energy = 0.0
C       20.3204029068     3.6014871833     7.2496763002
H       19.5299772482     3.9749754767     5.3762607737
C       19.1264349162     3.5280426993     6.2976198323
H       18.1917016867     4.0397299095     6.5644555294
H       19.4109289023     1.4156372003     5.8850206820
C       18.5799621436     2.1166742591     6.0670875629
H       17.9490217150     2.0630869651     5.1744667442
H       18.0109896488     1.7550626324     6.9345732560
H       21.2156377958     3.1577844662     6.7952069387
H       20.0879337821     3.0568671179     8.1737649504
H       20.5757606139     4.6309209929     7.5212891522
Si       16.7788207688     3.2566511499     4.5546393856
O       16.6532923996     4.8087031554     5.0357269466
O       18.2405733858     3.0345904795     3.8617419361
O       15.6483814333     2.8788464626     3.4358482772
O       16.5350548786     2.2898625832     5.8484353088
Si       16.8288855547     6.4213622263     4.7696791079
Si       14.1987915747     2.4214530174     2.8185855956
Si       19.1281102794     2.5346896112     2.5691596823
Si       16.2780735836     0.7928346012     6.4921966634
H       18.1869823962     6.7329837857     4.2169935442
H       15.8154721205     6.8344505605     3.7418360435
H       16.6532718042     7.2140723982     6.0438909364
H       13.1085654988     3.1045780347     3.5447273907
H       14.0792762938     2.7947834032     1.3802986319
H       18.6705712619     3.3818720489     1.4488023350
H       14.0114156226     0.9459879591     2.9637130048
H       18.8536334258     1.0997931995     2.2362212207
H       17.0522799680     0.4829077549     7.7561053586
H       14.8213197732     0.5971929530     6.7941116686
H       20.6345753623     2.6926557374     2.7148088652
H       16.6918818546     -0.1872380244     5.4602217346
32
# Point -12 Energy = 0.0
C       20.3587989701     3.5742716335     7.2856398554
H       19.5246211008     4.0118409375     5.4254481468
C       19.1610084114     3.5141949209     6.3373363912
H       18.2252286176     3.9943757851     6.6548349922
H       19.5091669573     1.4352794370     5.8147452557
C       18.6603372705     2.0944234758     6.0595037292
H       17.9952012960     2.0582510668     5.1907183287
H       18.1393895782     1.6708109528     6.9292072223
H       21.2593663153     3.1643493512     6.8102867932
H       20.1438418751     2.9915947322     8.1904756441
H       20.5953885469     4.5981464675     7.5931204566
Si       16.7507058450     3.2672397116     4.5443168931
O       16.6196955452     4.8234570017     5.0104796146
O       18.2172370325     3.0405664360     3.8621903116
O       15.6288439043     2.8820587516     3.4190584200
O       16.5031262156     2.3140197076     5.8473943153
Si       16.7902585175     6.4350764918     4.7343441569
Si       14.1836720317     2.4215958142     2.7926207290
Si       19.1068661199     2.5371043423     2.5719960528
Si       16.2434178021     0.8222485449     6.5019812080
H       18.1496499934     6.7461348892     4.1851425003
H       15.7799278548     6.8380200853     3.6992367753
H       16.6070726121     7.2375345622     6.0017922042
H       13.0864217958     3.1079933098     3.5058835036
H       14.0743833087     2.7865323309     1.3509589584
H       18.6502790075     3.3745203744     1.4427801280
H       13.9954688372     0.9468286153     2.9444217873
H       18.8358623342     1.0994819102     2.2496484485
H       17.0116773595     0.5255242049     7.7721609118
H       14.7852029376     0.6262244851     6.7983523945
H       20.6120102424     2.7001709500     2.7202372575
H       16.6638523637     -0.1665692792     5.4808519739
32
# Point -11 Energy = 0.0
C       20.3961181050     3.5459579191     7.3224326242
H       19.5177034130     4.0452530153     5.4783347637
C       19.1949961445     3.4987441401     6.3775022050
H       18.2593300855     3.9438225062     6.7433009511
H       19.6053712824     1.4609452590     5.7466765150
C       18.7412625929     2.0735958300     6.0510565991
H       18.0433678516     2.0502729709     5.2074485304
H       18.2704032261     1.5899061961     6.9180907549
H       21.3017438522     3.1709101753     6.8281068988
H       20.1987598395     2.9262541805     8.2063543920
H       20.6137135830     4.5626552289     7.6658579560
Si       16.7227737443     3.2784938476     4.5336769084
O       16.5864323777     4.8387663390     4.9847423355
O       18.1939403394     3.0470467353     3.8623013141
O       15.6091708113     2.8853222725     3.4026277631
O       16.4716330429     2.3389316906     5.8459311148
Si       16.7519753154     6.4492320782     4.6983304411
Si       14.1683359157     2.4212481239     2.7677720942
Si       19.0855444012     2.5398865325     2.5744853740
Si       16.2093082630     0.8524976074     6.5113376926
H       18.1125577167     6.7596933104     4.1523606290
H       15.7446091060     6.8419101243     3.6561860407
H       16.5614453761     7.2614756112     5.9588679505
H       13.0643042186     3.1108472694     3.4682859115
H       14.0686688146     2.7772874675     1.3227819218
H       18.6299289055     3.3673997915     1.4364566970
H       13.9796080226     0.9472289351     2.9267845481
H       18.8179065600     1.0996172724     2.2628766989
H       16.9718592720     0.5690310765     7.7874633927
H       14.7497297224     0.6560229890     6.8024945077
H       20.5893658844     2.7080023097     2.7251656582
H       16.6361128147     -0.1449568056     5.5010741757
32
# Point -10 Energy = 0.0
C       20.4322819254     3.5165584188     7.3601096343
H       19.5092497776     4.0749157180     5.5347215163
C       19.2283500785     3.4816611519     6.4181050791
H       18.2939385198     3.8881976273     6.8295528085
H       19.6995424012     1.4924454517     5.6814006689
C       18.8227446234     2.0543006165     6.0419538651
H       18.0937725246     2.0391541248     5.2243847468
H       18.4038803044     1.5129338595     6.9016523014
H       21.3427211856     3.1774287695     6.8488107383
H       20.2526252457     2.8609420498     8.2215301494
H       20.6305884899     4.5244559268     7.7394549014
Si       16.6950610971     3.2903778673     4.5226769461
O       16.5535537046     4.8545901703     4.9584869604
O       18.1707059462     3.0540041220     3.8619977027
O       15.5893416864     2.8886440003     3.3865499751
O       16.4406394057     2.3645472188     5.8439990104
Si       16.7140876846     6.4637857124     4.6616184025
Si       14.1527184367     2.4204549828     2.7440824666
Si       19.0641396438     2.5430221002     2.5765262113
Si       16.1758202648     0.8835236086     6.5202084543
H       18.0757497128     6.7736090527     4.1186004327
H       15.7095440983     6.8460893165     3.6126891094
H       16.5164719885     7.2858449294     5.9151088896
H       13.0421752922     3.1131846930     3.4320371414
H       14.0620198947     2.7671200020     1.2958164703
H       18.6094878414     3.3605070687     1.4297518238
H       13.9637480127     0.9472425996     2.9108297653
H       18.7997549189     1.1001904898     2.2757943714
H       16.9329298955     0.6133483875     7.8019394681
H       14.7149765744     0.6865368904     6.8065098204
H       20.5666415132     2.7161338488     2.7294609097
H       16.6087179113     -0.1224487759     5.5208046190
32
# Point -9 Energy = 0.0
C       20.4672174329     3.4860824996     7.3987172188
H       19.4992859067     4.1005422540     5.5943710192
C       19.2610259783     3.4629192558     6.4591249661
H       18.3289923469     3.8276566272     6.9133030759
H       19.7916829343     1.5295560820     5.6194820345
C       18.9047892165     2.0366462082     6.0324175237
H       18.1466597095     2.0249454143     5.2412631032
H       18.5396681951     1.4404666207     6.8803901168
H       21.3822464178     3.1838580248     6.8725272519
H       20.3053888122     2.7957510346     8.2361314122
H       20.6458728245     4.4835563346     7.8138526832
Si       16.6676031262     3.3028528270     4.5112761849
O       16.5211090842     4.8708845186     4.9316885496
O       18.1475552173     3.0614091785     3.8612010960
O       15.5693348041     2.8920315252     3.3708178797
O       16.4102095313     2.3908103667     5.8415531691
Si       16.6766458620     6.4786915408     4.6241929191
Si       14.1367532779     2.4192658651     2.7215913456
Si       19.0426437778     2.5464965126     2.5780139758
Si       16.1430300690     0.9152628575     6.5285370494
H       18.0392684021     6.7878287775     4.0838176859
H       15.6747580803     6.8505251684     3.5687564977
H       16.4722341679     7.3105890151     5.8705115442
H       13.0199948084     3.1150561805     3.3972380697
H       14.0543226586     2.7561080169     1.2701082269
H       18.5889172631     3.3538398048     1.4225830922
H       13.9478022310     0.9469277503     2.8965789332
H       18.7813950674     1.1011920372     2.2882852401
H       16.8949958353     0.6583890050     7.8155170882
H       14.6810208758     0.7177099101     6.8103724415
H       20.5438340230     2.7245497225     2.7329851263
H       16.5817226626     -0.0990989361     5.5399588396
32
# Point -8 Energy = 0.0
C       20.5008574722     3.4545349618     7.4382919776
H       19.4878398981     4.1218590469     5.6570087477
C       19.2929841962     3.4424950843     6.5005335174
H       18.3644389574     3.7623823227     6.9942798863
H       19.8817936162     1.5720200524     5.5614568422
C       18.9873995467     2.0207390535     6.0226824449
H       18.2022653811     2.0077484465     5.2578350341
H       18.6776091142     1.3730573774     6.8548681500
H       21.4202644290     3.1901398032     6.8993689490
H       20.3570134431     2.7307673466     8.2502845533
H       20.6594354758     4.4399615106     7.8889807361
Si       16.6404335748     3.3158772935     4.4994356635
O       16.4891462394     4.8876033036     4.9043252363
O       18.1245084061     3.0692311422     3.8598324632
O       15.5491275178     2.8954929238     3.3554236806
O       16.3804078345     2.4176615938     5.8385510190
Si       16.6396975975     6.4939020371     4.5860428960
Si       14.1203733845     2.4177337353     2.7003351557
Si       19.0210466460     2.5502954064     2.5788417095
Si       16.1110151985     0.9476472121     6.5362689840
H       18.0031534574     6.8022969119     4.0479712017
H       15.6402724103     6.8551845460     3.5244033089
H       16.4288120615     7.3356526252     5.8250776471
H       12.9977204281     3.1165171891     3.3639876146
H       14.0454629787     2.7443350058     1.2456996350
H       18.5681737276     3.3473966855     1.4148663054
H       13.9316841463     0.9463458285     2.8840472732
H       18.7628144369     1.1026120935     2.3002295917
H       16.8581662828     0.7040601977     7.8281264058
H       14.6479413014     0.7494818483     6.8140593337
H       20.5209383764     2.7332351504     2.7355967247
H       16.5551830636     -0.0749657358     5.5584526717
32
# Point -7 Energy = 0.0
C       20.5434135094     3.4815308185     7.4502616706
H       19.4249991542     4.0918983192     5.7162628730
C       19.3123780068     3.3903197090     6.5521673286
H       18.3931874842     3.6511624118     7.0907630837
H       19.9853352838     1.5937986316     5.5366845024
C       19.0875399683     1.9652206086     6.0478857895
H       18.2704181229     1.9112942577     5.3215306965
H       18.8656224911     1.2803963800     6.8729948594
H       21.4576534864     3.2789387393     6.8809114362
H       20.4764960255     2.7517446201     8.2630941097
H       20.6494349974     4.4734887270     7.8990676727
Si       16.6095746104     3.3259126013     4.4868520259
O       16.4605776678     4.8998838429     4.8839735797
O       18.0982439680     3.0695377052     3.8611644528
O       15.5261292243     2.9070483798     3.3345395142
O       16.3383515333     2.4357161312     5.8289955342
Si       16.6155132649     6.5054954601     4.5637794586
Si       14.1006364938     2.4346396215     2.6676095509
Si       18.9975600585     2.5486919561     2.5824654718
Si       16.0570650463     0.9689526931     6.5285706694
H       17.9829611523     6.8088637936     4.0337629929
H       15.6236975098     6.8669498586     3.4949176715
H       16.3988644073     7.3516808267     5.7992017020
H       12.9740512912     3.1386953434     3.3197826946
H       14.0386143118     2.7585256012     1.2114145558
H       18.5534267427     3.3439975611     1.4128330822
H       13.9043492368     0.9642968555     2.8521996238
H       18.7356534503     1.1015205239     2.3064727953
H       16.7943120082     0.7278602532     7.8260227733
H       14.5911770499     0.7762188610     6.7969271492
H       20.4965566189     2.7278832927     2.7466832662
H       16.5041864236     -0.0588623847     5.5573727734
32
# Point -6 Energy = 0.0
C       20.5903210952     3.4990179286     7.4533143430
H       19.3552008132     4.0635471960     5.7832200248
C       19.3281493435     3.3417680717     6.6088602013
H       18.4239945590     3.5433689427     7.1962702635
H       20.0731244704     1.6231170736     5.5108890470
C       19.1789348227     1.9171514348     6.0755318023
H       18.3288375532     1.8222087689     5.3919640812
H       19.0489178776     1.1978063023     6.8907557916
H       21.4888244075     3.3543867345     6.8427626208
H       20.6042423669     2.7612429921     8.2613666370
H       20.6564109080     4.4932253714     7.9057056988
Si       16.5791207866     3.3368250987     4.4750746832
O       16.4302466235     4.9131076227     4.8632337307
O       18.0733750583     3.0719057919     3.8654955127
O       15.5054204506     2.9173730215     3.3135564508
O       16.2959906980     2.4551373072     5.8203354091
Si       16.5882453055     6.5179942453     4.5403183421
Si       14.0846013344     2.4481584198     2.6334770366
Si       18.9777436341     2.5493538777     2.5906298590
Si       16.0035383132     0.9917318725     6.5221892082
H       17.9599915468     6.8175023153     4.0199515938
H       15.6050631401     6.8778503068     3.4627729111
H       16.3633477666     7.3691547392     5.7712621727
H       12.9525907847     3.1566393793     3.2722970086
H       14.0368069848     2.7681901555     1.1755032679
H       18.5430850402     3.3416467107     1.4143047933
H       13.8821927400     0.9787738117     2.8197404977
H       18.7140960226     1.1022470502     2.3177809249
H       16.7294880269     0.7547145968     7.8262319913
H       14.5347682507     0.8029490390     6.7793582821
H       20.4753908568     2.7265458384     2.7642067586
H       16.4559190185     -0.0413400168     5.5588044144
32
# Point -5 Energy = 0.0
C       20.6251168684     3.5237432926     7.4607913352
H       19.2861089873     4.0197619799     5.8492062093
C       19.3455112100     3.2860739404     6.6625081436
H       18.4584614268     3.4250814646     7.2928414924
H       20.1645133945     1.6513554160     5.4903624221
C       19.2786186503     1.8657791213     6.1017940742
H       18.4041732154     1.7200479221     5.4585019304
H       19.2421720806     1.1219629649     6.9046354376
H       21.5078121857     3.4404706866     6.8165300793
H       20.7198095160     2.7867896264     8.2640603675
H       20.6406957135     4.5192279192     7.9150662000
Si       16.5501485582     3.3477727612     4.4626464970
O       16.4037564008     4.9263070763     4.8427937930
O       18.0486541532     3.0728858052     3.8670479691
O       15.4837758583     2.9290741922     3.2937748486
O       16.2562430784     2.4741381206     5.8108191550
Si       16.5661068112     6.5304337033     4.5176853480
Si       14.0660822951     2.4645916006     2.6029491192
Si       18.9557836902     2.5483248187     2.5945297649
Si       15.9521410551     1.0140357106     6.5144230483
H       17.9416534898     6.8248368684     4.0051408766
H       15.5904242339     6.8902260579     3.4331071975
H       16.3357265763     7.3862493867     5.7448190872
H       12.9305864001     3.1783908146     3.2305918489
H       14.0302290969     2.7812027676     1.1434804865
H       18.5298799398     3.3386282911     1.4125655999
H       13.8564585032     0.9963349050     2.7907471182
H       18.6884703498     1.1017239897     2.3244150104
H       16.6684921753     0.7796011421     7.8237362510
H       14.4807578047     0.8305873764     6.7624798257
H       20.4524562249     2.7218511142     2.7755210950
H       16.4071606563     -0.0241888360     5.5575937283
32
# Point -4 Energy = 0.0
C       20.6502543277     3.5503643060     7.4699068173
H       19.2174214502     3.9633655858     5.9159137956
C       19.3635153680     3.2259063796     6.7146663795
H       18.4969054664     3.3001372974     7.3834630772
H       20.2535405589     1.6806945928     5.4737520889
C       19.3820830019     1.8150689407     6.1271463153
H       18.4912728906     1.6116487874     5.5225241741
H       19.4402092755     1.0567391026     6.9151156786
H       21.5139331744     3.5292295403     6.7954231383
H       20.8252693486     2.8214123734     8.2668774674
H       20.6108312483     4.5441931203     7.9264923680
Si       16.5227974989     3.3590245414     4.4499451415
O       16.3801130891     4.9397967486     4.8224089040
O       18.0246944363     3.0734224476     3.8670116576
O       15.4621429729     2.9414315962     3.2751381286
O       16.2191114613     2.4932911281     5.8010161612
Si       16.5473161899     6.5431047499     4.4951500281
Si       14.0466123776     2.4821890891     2.5753873520
Si       18.9332370253     2.5466514346     2.5959730867
Si       15.9033951132     1.0365172089     6.5062263205
H       17.9262590180     6.8317765907     3.9891674071
H       15.5783066513     6.9034122440     3.4045607481
H       16.3131060138     7.4035561453     5.7187508441
H       12.9088141596     3.2017607515     3.1932380014
H       14.0209641018     2.7953098679     1.1145453633
H       18.5154606126     3.3353201727     1.4089199615
H       13.8294284981     1.0151814170     2.7649687206
H       18.6613396509     1.1007506160     2.3285543297
H       16.6113494256     0.8040538130     7.8199588727
H       14.4296346454     0.8590190682     6.7465856999
H       20.4291285183     2.7157982103     2.7831127251
H       16.3595330293     -0.0068258670     5.5552646061
32
# Point -3 Energy = 0.0
C       20.6652619750     3.5778971608     7.4809164349
H       19.1506108408     3.8942970707     5.9823386744
C       19.3824186944     3.1615883152     6.7649664712
H       18.5394743339     3.1695597313     7.4674651301
H       20.3400244848     1.7105772985     5.4611475955
C       19.4888846132     1.7657724161     6.1515938449
H       18.5903913624     1.4990211068     5.5834237226
H       19.6411373378     1.0033219920     6.9229691416
H       21.5068384731     3.6189309368     6.7798176469
H       20.9190124593     2.8644783923     8.2706390132
H       20.5667834977     4.5665046594     7.9400484994
Si       16.4972342441     3.3706033068     4.4369676728
O       16.3594035563     4.9536067414     4.8019983312
O       18.0016515521     3.0736096266     3.8652571345
O       15.4405817124     2.9543789596     3.2577266167
O       16.1849391957     2.5126683784     5.7910197067
Si       16.5318350074     6.5560241950     4.4725230742
Si       14.0261817725     2.5007965690     2.5510015782
Si       18.9101936843     2.5444305919     2.5947757494
Si       15.8577966500     1.0592733029     6.4978166219
H       17.9137234841     6.8383847769     3.9717042997
H       15.5685461842     6.9173077868     3.3769848825
H       16.2954937339     7.4211463343     5.6928565964
H       12.8872547980     3.2265626381     3.1605332471
H       14.0088497276     2.8103018705     1.0888616727
H       18.4997483700     3.3317267311     1.4031594758
H       13.8011845650     1.0351634055     2.7427062246
H       18.6328824801     1.0993970574     2.3301159984
H       16.5586880497     0.8282761524     7.8151001256
H       14.3819083786     0.8882701758     6.7320262411
H       20.4055117819     2.7085964314     2.7866675274
H       16.3135335994     0.0108278885     5.5520364084
32
# Point -2 Energy = 0.0
C       20.6698507100     3.6052630220     7.4940101207
H       19.0871856238     3.8128505993     6.0474251935
C       19.4024624016     3.0935448561     6.8130695811
H       18.5862419787     3.0344943915     7.5443231955
H       20.4238942890     1.7404424336     5.4526062432
C       19.5984738713     1.7185974728     6.1752323451
H       18.7014365789     1.3843192462     5.6407989301
H       19.8428960259     0.9625305938     6.9291191293
H       21.4864833304     3.7077543763     6.7699668007
H       20.9995468234     2.9150405341     8.2761647621
H       20.5088021717     4.5845067287     7.9556502689
Si       16.4736005092     3.3825461232     4.4237017992
O       16.3416611608     4.9677789583     4.7814573939
O       17.9796697280     3.0735792863     3.8616696403
O       15.4191536718     2.9678465503     3.2416035097
O       16.1540384193     2.5323548978     5.7809112219
Si       16.5195523304     6.5692217402     4.4495832588
Si       14.0048032156     2.5202333306     2.5299696231
Si       18.8867539061     2.5418064503     2.5907864172
Si       15.8158211688     1.0824099484     6.4894047155
H       17.9038901385     6.8447572680     3.9524099093
H       15.5609164796     6.9318074337     3.3501864715
H       16.2827966814     7.4391028226     5.6668912658
H       12.8658945402     3.2525662526     3.1327200921
H       13.9937619395     2.8259409009     1.0665648159
H       18.4826789071     3.3278899085     1.3950995953
H       13.7718522134     1.0561009620     2.7242342160
H       18.6033127471     1.0977754759     2.3290574019
H       16.5110995921     0.8524941499     7.8093607117
H       14.3380693343     0.9183536456     6.7191262332
H       20.3817139569     2.7005260079     2.7859223263
H       16.2696661551     0.0288656324     5.5481381710
32
# Point -1 Energy = 0.0
C       20.6639530017     3.6313313401     7.5092720398
H       19.0285976921     3.7196765176     6.1101290276
C       19.4238471662     3.0222948948     6.8586985796
H       18.6371986838     2.8961722010     7.6136973559
H       20.5051805380     1.7697543115     5.4481636187
C       19.7102082825     1.6741718782     6.1982639801
H       18.8239453206     1.2697251489     5.6945069125
H       20.0433574456     0.9347678643     6.9346136422
H       21.4531452324     3.7938594074     6.7659347775
H       21.0656016075     2.9718580352     8.2841915896
H       20.4374664759     4.5965859917     7.9730359004
Si       16.4520026215     3.3949033616     4.4101284278
O       16.3268550141     4.9823663956     4.7606638315
O       17.9588743879     3.0734993948     3.8561627957
O       15.3979206487     2.9817647773     3.2268104057
O       16.1266683048     2.5524442893     5.7707561388
Si       16.5102782749     6.5827406485     4.4260904634
Si       13.9825163110     2.5402997962     2.5124223092
Si       18.8630289114     2.5389696896     2.5839061072
Si       15.7778947590     1.1060352247     6.4811821186
H       17.8965269652     6.8510223541     3.9309525429
H       15.5551314985     6.9468071815     3.3239362751
H       16.2748069998     7.4575182624     5.6405782070
H       12.8447272205     3.2795060107     3.1099638255
H       13.9756303923     2.8419720366     1.0477499854
H       18.4642132435     3.3238928063     1.3846000763
H       13.7416017329     1.0777908596     2.7097793801
H       18.5728802943     1.0960394757     2.3253890417
H       16.4690999099     0.8769445177     7.8029322244
H       14.2985586822     0.9492641189     6.7081607843
H       20.3578459544     2.6919343333     2.7806959108
H       16.2284170270     0.0473888750     5.5437970850
32
# Point 0 Energy = 0
C       20.6477110000     3.6549790000     7.5266840000
H       18.9761800000     3.6157410000     6.1694560000
C       19.4467280000     2.9484220000     6.9016430000
H       18.6922510000     2.7558520000     7.6754250000
H       20.5840390000     1.7980300000     5.4478400000
C       19.8234060000     1.6330100000     6.2209870000
H       18.9571360000     1.1573250000     5.7446630000
H       20.2404540000     0.9200090000     6.9405780000
H       21.4074060000     3.8754920000     6.7676150000
H       21.1161610000     3.0334640000     8.2953550000
H       20.3536290000     4.6012450000     7.9917750000
Si       16.4325060000     3.4077350000     4.3962220000
O       16.3148940000     4.9974300000     4.7394840000
O       17.9393640000     3.0735620000     3.8486780000
O       15.3769370000     2.9960700000     3.2133680000
O       16.1030250000     2.5730330000     5.7606000000
Si       16.5037570000     6.5966350000     4.4017980000
Si       13.9593780000     2.5607940000     2.4984440000
Si       18.8391290000     2.5361430000     2.5740860000
Si       15.7443760000     1.1302530000     6.4733110000
H       17.8913405600     6.8573308000     3.9070238400
H       15.5508605600     6.9622108000     3.2979838400
H       16.2712205600     7.4764908000     5.6136238400
H       12.8237502400     3.3071035200     3.0923555200
H       13.9544302400     2.8581435200     1.0324755200
H       18.4443303200     3.3198514400     1.3715668800
H       13.7106302400     1.1000235200     2.6995155200
H       18.5418503200     1.0943714400     2.3191668800
H       16.4331100800     0.9018602400     7.7959848800
H       14.2637500800     0.9809802400     6.6993448800
H       20.3340103200     2.6832114400     2.7708868800
H       16.1902300800     0.0665002400     5.5392248800
32
# Point 1 Energy = 0.0
C       20.6214308510     3.6751689774     7.5460546391
H       18.9310178463     3.5021759707     6.2245008103
C       19.4711860751     2.8725096816     6.9417699332
H       18.7512547638     2.6147290994     7.7295623654
H       20.6608108331     1.8248432782     5.4517110484
C       19.9374658153     1.5954590972     6.2438528459
H       19.1000922476     1.0488843859     5.7917236632
H       20.4324096092     0.9178661401     6.9482694718
H       21.3500487858     3.9510889108     6.7746334488
H       21.1505091355     3.0983123615     8.3100891154
H       20.2583229467     4.5971990325     8.0111891654
Si       16.4151215533     3.4211123145     4.3819516620
O       16.3056289678     5.0130395433     4.7177884664
O       17.9211942786     3.0739714069     3.8391887300
O       15.3562374490     3.0107229661     3.2012711503
O       16.0832155333     2.5942143821     5.7504602302
Si       16.4996867024     6.6109716293     4.3764837775
Si       13.9354498575     2.5815478000     2.4880596494
Si       18.8151468704     2.5335685532     2.5613306502
Si       15.7155132266     1.1551545660     6.4659006816
H       17.8880002666     6.8638465424     3.8803773623
H       15.5477562163     6.9779511222     3.2720894761
H       16.2716620139     7.4961192454     5.5857555426
H       12.8029571335     3.3351119333     3.0798995108
H       13.9301782763     2.8742511096     1.0207531618
H       18.4230240205     3.3159163605     1.3559617262
H       13.6791345046     1.1226201585     2.6935389777
H       18.5104715704     1.0929749282     2.3104810805
H       16.4034076311     0.9274441581     7.7886430316
H       14.2339051697     1.0134703722     6.6928043494
H       20.3102851484     2.6747586753     2.7564838360
H       16.1554553005     0.0862972978     5.5345858008
32
# Point 2 Energy = 0.0
C       20.5855864039     3.6909399341     7.5670835082
H       18.8940231778     3.3803116510     6.2745004873
C       19.4972530928     2.7951564683     6.9790251534
H       18.8139984992     2.4739502436     7.7763135976
H       20.7359038507     1.8498617328     5.4598434135
C       20.0517872147     1.5617554708     6.2673690702
H       19.2516858827     0.9459640896     5.8363557939
H       20.6176155081     0.9276298493     6.9589047860
H       21.2820688891     4.0192712187     6.7864574341
H       21.1682014480     3.1647514201     8.3286444463
H       20.1527748317     4.5833593624     8.0304663967
Si       16.3998232610     3.4351062713     4.3672884941
O       16.2988666475     5.0292637076     4.6954543924
O       17.9043935727     3.0749348550     3.8277008000
O       15.3358492756     3.0256914652     3.1905029001
O       16.0672831773     2.6160730466     5.7403377168
Si       16.4977263825     6.6258192626     4.3499460876
Si       13.9108076253     2.6024048043     2.4812576820
Si       18.7911689194     2.5314959240     2.5456951851
Si       15.6914773376     1.1808155445     6.4590254322
H       17.8861417159     6.8707376202     3.8508170732
H       15.5454549412     6.9939707184     3.2460233526
H       16.2756939216     7.5164977424     5.5567153043
H       12.7823491940     3.3632940788     3.0725414277
H       13.9029340711     2.8901111428     1.0125707614
H       18.4003054954     3.3122535279     1.3377990554
H       13.6473244468     1.1454108715     2.6918949784
H       18.4789918723     1.0920602484     2.2994592304
H       16.3801651886     0.9538745942     7.7810009464
H       14.2092079144     1.0466865821     6.6886000679
H       20.2867356717     2.6669828536     2.7375540972
H       16.1243811696     0.1068656980     5.5300162879
32
# Point 3 Energy = 0.0
C       20.5408389430     3.7014121877     7.5894369218
H       18.8659728256     3.2517069935     6.3188758985
C       19.5249297073     2.7169911115     7.0134340139
H       18.8801797251     2.3346211502     7.8159808742
H       20.8096910880     1.8728870997     5.4722395426
C       20.1657091792     1.5320581724     6.2920106902
H       19.4104938172     0.8499737984     5.8793130750
H       20.7945705676     0.9482827747     6.9735030588
H       21.2046967517     4.0788694464     6.8025166608
H       21.1690764805     3.2310090027     8.3511342606
H       20.0384301518     4.5588359213     8.0487794894
Si       16.3865588694     3.4497775568     4.3522082254
O       16.2943779912     5.0461617108     4.6723629888
O       17.8889728500     3.0766531773     3.8142513729
O       15.3157996330     3.0409359332     3.1810409626
O       16.0552221751     2.6386815852     5.7302237676
Si       16.4974999247     6.6412387810     4.3219945505
Si       13.8855465145     2.6232029586     2.4780016069
Si       18.7672833400     2.5301687722     2.5272830459
Si       15.6723806542     1.2072957992     6.4527376149
H       17.8853694384     6.8781664327     3.8181835175
H       15.5435774978     7.0102048435     3.2195575574
H       16.2828218892     7.5377117817     5.5262482562
H       12.7619418629     3.3914064856     3.0701823157
H       13.8728008720     2.9055382744     1.0079030755
H       18.3762057827     3.3090242530     1.3171422194
H       13.6154299628     1.1682177895     2.6945924277
H       18.4476691734     1.0918292918     2.2862697177
H       16.3634725404     0.9813133399     7.7731356833
H       14.1897838937     1.0805634380     6.6867447725
H       20.2634227731     2.6602873511     2.7142362546
H       16.0972537246     0.1282747861     5.5256409413
32
# Point 4 Energy = 0.0
C       20.4879827937     3.7058453329     7.6126989294
H       18.8474176715     3.1180069542     6.3572368487
C       19.5541671548     2.6386162247     7.0450979587
H       18.9494479583     2.1977368795     7.8489905251
H       20.8825672658     1.8938331664     5.4889160926
C       20.2786132662     1.5064103200     6.3182705086
H       19.5749828775     0.7620052625     5.9214735921
H       20.9620469955     0.9785863136     6.9929594565
H       21.1192901947     4.1289863075     6.8221381873
H       21.1532655443     3.2953299894     8.3774697760
H       19.9168590309     4.5229982923     8.0652341828
Si       16.3752408358     3.4651792321     4.3366909002
O       16.2919031013     5.0637847332     4.6484115754
O       17.8749140577     3.0793121994     3.7989072058
O       15.2961046236     3.0564246931     3.1728530389
O       16.0469613876     2.6620976865     5.7200943794
Si       16.4986153964     6.6572848529     4.2924741464
Si       13.8597674832     2.6438034443     2.4782208150
Si       18.7435657246     2.5298156435     2.5062404863
Si       15.6582482969     1.2346355291     6.4470511196
H       17.8852793306     6.8862820219     3.7823803024
H       15.5417520678     7.0265983448     3.1924919135
H       16.2925205680     7.5598343052     5.4941338869
H       12.7417555178     3.4192347143     3.0726724299
H       13.8399164828     2.9203798744     1.0067031340
H       18.3507704236     3.3063867965     1.2941028641
H       13.5836754540     1.1908853701     2.7015865749
H       18.4167437947     1.0924710599     2.2711050214
H       16.3533063684     1.0098876133     7.7650893794
H       14.1756699582     1.1150255625     6.6871857525
H       20.2403900454     2.6550474914     2.6867373179
H       16.0742389282     0.1505757887     5.5215470584
32
# Point 5 Energy = 0.0
C       20.4279109186     3.7036534344     7.6363917263
H       18.8386885862     2.9808646937     6.3893871798
C       19.5848749379     2.5605885022     7.0741828947
H       19.0214206101     2.0641609917     7.8758647630
H       20.9549146659     1.9127218685     5.5099100444
C       20.3899379970     1.4847547393     6.3466384080
H       19.7435769350     0.6828182382     5.9637901443
H       21.1191088869     1.0171687189     7.0180185976
H       21.0272707469     4.1690069732     6.8445863149
H       21.1211686354     3.3560383556     8.4073718678
H       19.7897076163     4.4754774982     8.0789041090
Si       16.3657519665     3.4813534264     4.3207217703
O       16.2911629498     5.0821724906     4.6235171649
O       17.8621727849     3.0830746871     3.7817590632
O       15.2767691345     3.0721338685     3.1658997425
O       16.0423719637     2.6863619034     5.7099126939
Si       16.5006805488     6.6740015792     4.2612696848
Si       13.8335726705     2.6640950156     2.4818173615
Si       18.7200764760     2.5306398888     2.4827463004
Si       15.6490239298     1.2628547073     6.4419439682
H       17.8854738303     6.8952115611     3.7433736020
H       15.5396269722     7.0431042160     3.1646614417
H       16.3042556763     7.5829216222     5.4601932985
H       12.7218147520     3.4466010705     3.0798233772
H       13.8044449006     2.9345201814     1.0089078343
H       18.3240553328     3.3044874213     1.2688321756
H       13.5522710275     1.2132859889     2.7127852807
H       18.3864304840     1.0941531904     2.2541705817
H       16.3495400565     1.0396874246     7.7568702644
H       14.1668197930     1.1499915963     6.6898127207
H       20.2176626102     2.6515958215     2.6553173457
H       16.0554222037     0.1738003254     5.5177836382
32
# Point 6 Energy = 0.0
C       20.3615904593     3.6944044085     7.6599990123
H       18.8399092907     2.8419084943     6.4153465934
C       19.6169285946     2.4834091617     7.1009106466
H       19.0957049374     1.9346178470     7.8972026503
H       21.0270573398     1.9296775988     5.5352670759
C       20.4991679844     1.4669577313     6.3775707994
H       19.9146882311     0.6128723309     6.0072278545
H       21.2650832141     1.0625949410     7.0492371937
H       20.9300759251     4.1985892268     6.8690991629
H       21.0734317753     3.4115681630     8.4403787651
H       19.6586690709     4.4161504602     8.0888820326
Si       16.3579532162     3.4983280572     4.3042926190
O       16.2918697784     5.1013499873     4.5976178279
O       17.8506843815     3.0880749375     3.7629185030
O       15.2577906077     3.0880435204     3.1601372590
O       16.0412774852     2.7114964643     5.6996331234
Si       16.5033142153     6.6914182688     4.2283056259
Si       13.8070660805     2.6839905199     2.4886715669
Si       18.6968640513     2.5328125451     2.4570055481
Si       15.6445801193     1.2919537284     6.4373646851
H       17.8855730914     6.9050543598     3.7011878998
H       15.5368795729     7.0596787801     3.1359374329
H       16.3174989860     7.6070104861     5.4242903804
H       12.7021506424     3.4733626995     3.0914168441
H       13.7665740050     2.9478748194     1.0144415105
H       18.2961281076     3.3034519652     1.2415142365
H       13.5214116280     1.2353174153     2.7280562745
H       18.3569193870     1.0970155177     2.2356797257
H       16.3519573210     1.0707673298     7.7484587005
H       14.1631140254     1.1853764211     6.6944682396
H       20.1952513899     2.6502138422     2.6202793845
H       16.0408156852     0.1979599714     5.5143661859
32
# Point 7 Energy = 0.0
C       20.2870623440     3.6791675171     7.6798014246
H       18.8579734204     2.6938150388     6.4220894398
C       19.6503896572     2.4061540349     7.1238259336
H       19.1686301918     1.8095058518     7.9103909192
H       21.1090109657     1.9405507691     5.5730762960
C       20.6118438100     1.4505470943     6.4181311288
H       20.0964391804     0.5477181495     6.0590089715
H       21.4025351805     1.1149721487     7.0992893815
H       20.8295017434     4.2159056790     6.8922831883
H       21.0045264209     3.4655340886     8.4771346929
H       19.5201206126     4.3479206444     8.0849732842
Si       16.3510149462     3.5165303599     4.2873584728
O       16.2934872464     5.1216357232     4.5713031224
O       17.8394053906     3.0947541488     3.7417344701
O       15.2379739191     3.1052211903     3.1557126513
O       16.0431645338     2.7374251246     5.6889726001
Si       16.5060775398     6.7099654230     4.1947347180
Si       13.7788295555     2.7050590881     2.4992133670
Si       18.6723982011     2.5371662776     2.4279127717
Si       15.6444320382     1.3216183846     6.4325908463
H       17.8849903803     6.9162432563     3.6566486840
H       15.5327984392     7.0773240257     3.1079296627
H       16.3322974333     7.6320882500     5.3879669742
H       12.6816522852     3.5010153036     3.1085102849
H       13.7244907579     2.9626208238     1.0238968111
H       18.2651877015     3.3046460475     1.2114871828
H       13.4895556786     1.2584949905     2.7473256123
H       18.3264362534     1.1020212566     2.2140707695
H       16.3604274792     1.1021917585     7.7388121758
H       14.1641470587     1.2209819440     6.7008319902
H       20.1716762077     2.6514646275     2.5801049522
H       16.0295040271     0.2230429797     5.5100425805
32
# Point 8 Energy = 0.0
C       20.2297081909     3.6511224848     7.7191435381
H       18.8604621588     2.6008623273     6.4744105685
C       19.6827575154     2.3378335088     7.1524389418
H       19.2473442544     1.6910740080     7.9295765095
H       21.1548114154     1.9698538696     5.5841680742
C       20.6965111641     1.4456873995     6.4321517977
H       20.2339822608     0.5102243484     6.0781045506
H       21.5157545522     1.1573642482     7.1035874553
H       20.7396461418     4.2292393886     6.9373399281
H       20.9583110667     3.4840972928     8.5188505380
H       19.4136484301     4.2640366771     8.1236578827
Si       16.3462420299     3.5333894794     4.2694648841
O       16.2944872710     5.1410562572     4.5404797087
O       17.8315520270     3.1012646973     3.7222843432
O       15.2221241952     3.1170884378     3.1501637366
O       16.0468431406     2.7643752666     5.6785177795
Si       16.5062524184     6.7271481931     4.1535066022
Si       13.7559003529     2.7173120903     2.5080623478
Si       18.6537892431     2.5399569974     2.4027926706
Si       15.6473952040     1.3532244381     6.4304509433
H       17.8820711380     6.9269652858     3.6056367707
H       15.5268608873     7.0898469887     3.0703842965
H       16.3417462586     7.6580673961     5.3417443131
H       12.6647146142     3.5194741162     3.1211217033
H       13.6887656260     2.9654293536     1.0311654411
H       18.2403340076     3.3010949188     1.1833729574
H       13.4649814519     1.2729630081     2.7676416835
H       18.3044050030     1.1044828735     2.1990333373
H       16.3708097900     1.1392786114     7.7330348580
H       14.1681933930     1.2568352674     6.7083078967
H       20.1535396262     2.6538533966     2.5454802229
H       16.0240357717     0.2487993735     5.5110890794
32
# Point 9 Energy = 0.0
C       20.1693103895     3.6146664800     7.7578450801
H       18.8680711762     2.5077967795     6.5229702822
C       19.7155362045     2.2712735381     7.1793575398
H       19.3280447872     1.5798557453     7.9435103341
H       21.1986078099     1.9974089028     5.6014026635
C       20.7774310363     1.4446748727     6.4503692034
H       20.3712198025     0.4816952822     6.0999205541
H       21.6170091320     1.2060000210     7.1162914716
H       20.6471929440     4.2293606075     6.9836290121
H       20.9003384863     3.4939781098     8.5635606616
H       19.3096458034     4.1687703328     8.1569927830
Si       16.3429670400     3.5511356401     4.2506650204
O       16.2964256526     5.1612676417     4.5080454332
O       17.8248883159     3.1093991646     3.7008276233
O       15.2064580311     3.1292261608     3.1457002631
O       16.0540043498     2.7922086508     5.6673188316
Si       16.5062136409     6.7449623996     4.1098533135
Si       13.7325853709     2.7291940216     2.5203613043
Si       18.6355332132     2.5446018695     2.3752386342
Si       15.6553879240     1.3856525701     6.4280860704
H       17.8781821364     6.9385795254     3.5508265277
H       15.5194899266     7.1022091479     3.0313668883
H       16.3517682402     7.6850155182     5.2926926904
H       12.6480176467     3.5372715674     3.1384491623
H       13.6503104213     2.9674696640     1.0422075881
H       18.2141854628     3.2987715253     1.1531122859
H       13.4411956553     1.2871209013     2.7922258575
H       18.2837003641     1.1085855184     2.1822501403
H       16.3876344805     1.1776016139     7.7261896782
H       14.1777107462     1.2928830591     6.7170407631
H       20.1357034644     2.6591331474     2.5071000185
H       16.0232109454     0.2755320213     5.5117576804
32
# Point 10 Energy = 0.0
C       20.1061681924     3.5734669108     7.7939787190
H       18.8792749296     2.4112978415     6.5673736723
C       19.7486022444     2.2056184187     7.2052283659
H       19.4101505215     1.4735376282     7.9548670332
H       21.2423573906     2.0225644156     5.6233800902
C       20.8568140235     1.4454785315     6.4729447600
H       20.5095710174     0.4578549139     6.1266044300
H       21.7112121090     1.2587986164     7.1367653692
H       20.5524157292     4.2211780698     7.0277392735
H       20.8336864160     3.4999066845     8.6084147396
H       19.2060444787     4.0670153396     8.1834455651
Si       16.3406190040     3.5694976448     4.2314500784
O       16.2989814228     5.1819898764     4.4749387747
O       17.8189390473     3.1186514861     3.6781783401
O       15.1908732064     3.1418525141     3.1421215004
O       16.0633536995     2.8204768842     5.6556672319
Si       16.5061020301     6.7632116456     4.0652161797
Si       13.7090051190     2.7413729020     2.5350745100
Si       18.6174086279     2.5506552479     2.3461562708
Si       15.6665135805     1.4183908876     6.4253994586
H       17.8737090820     6.9507786512     3.4941675986
H       15.5112793767     7.1146911465     2.9920704416
H       16.3622724631     7.7124717592     5.2424847674
H       12.6315526160     3.5551694170     3.1591401003
H       13.6100611994     2.9697881621     1.0559839517
H       18.1871157241     3.2976240032     1.1216466297
H       13.4178467193     1.3016006842     2.8195206758
H       18.2637393550     1.1139993461     2.1641874194
H       16.4084851764     1.2162787385     7.7184150240
H       14.1906703581     1.3288831924     6.7264040124
H       20.1179431279     2.6664224059     2.4663337278
H       16.0252126121     0.3027780344     5.5118666488
32
# Point 11 Energy = 0.0
C       20.0407251450     3.5275638917     7.8270545723
H       18.8943339667     2.3119152215     6.6074423787
C       19.7818800201     2.1410181763     7.2302240360
H       19.4933515193     1.3723885745     7.9642009892
H       21.2863962310     2.0453073685     5.6500554969
C       20.9345625988     1.4479611743     6.5001175453
H       20.6485695423     0.4387888684     6.1588149020
H       21.7981118579     1.3150783991     7.1651904186
H       20.4561094795     4.2048003440     7.0689289306
H       20.7586716443     3.5014020634     8.6527197086
H       19.1034909881     3.9591750621     8.2024546233
Si       16.3390892244     3.5884457934     4.2118692137
O       16.3020008468     5.2031879966     4.4412150158
O       17.8136292920     3.1290190134     3.6544465512
O       15.1753573860     3.1549684648     3.1394498423
O       16.0747259981     2.8491359271     5.6435677416
Si       16.5057544278     6.7818597982     4.0196815478
Si       13.6852250524     2.7538743150     2.5521676694
Si       18.5993970001     2.5581306842     2.3157005183
Si       15.6805879481     1.4513833335     6.4223558296
H       17.8684922815     6.9635298156     3.4358156536
H       15.5021232991     7.1272613807     2.9525621026
H       16.3730266488     7.7403916749     5.1911865898
H       12.6153771691     3.5731922945     3.1831097676
H       13.5681590091     2.9724386720     1.0725098568
H       18.1591505679     3.2976665082     1.0891406451
H       13.3950083195     1.3164239835     2.8494408865
H       18.2445515181     1.1207336000     2.1449660696
H       16.4331060466     1.2552443854     7.7096879693
H       14.2068958118     1.3647730654     6.7362933230
H       20.1002125939     2.6757552533     2.4233983243
H       16.0299071659     0.3304868964     5.5113966403
32
# Point 12 Energy = 0.0
C       19.9734798299     3.4770331150     7.8566270666
H       18.9134865493     2.2102720462     6.6430832872
C       19.8152928719     2.0776090984     7.2545200249
H       19.5773294621     1.2766111969     7.9720508103
H       21.3310106482     2.0656897120     5.6813965896
C       21.0105409982     1.4519876603     6.5320825966
H       20.7876507843     0.4245501563     6.1971508159
H       21.8774573194     1.3741340009     7.2016241482
H       20.3591218011     4.1804286967     7.1065463743
H       20.6757114306     3.4979999818     8.6957578917
H       19.0026885450     3.8456919344     8.2135591512
Si       16.3382662663     3.6079424282     4.1919691736
O       16.3053306132     5.2248193553     4.4069284160
O       17.8088807220     3.1404877950     3.6297411371
O       15.1598977986     3.1685655890     3.1377022413
O       16.0879487507     2.8781361741     5.6310232607
Si       16.5050118772     6.8008625182     3.9733354990
Si       13.6613115918     2.7667141517     2.5715974100
Si       18.5814775911     2.5670275334     2.2840249377
Si       15.6974149811     1.4845698726     6.4189175611
H       17.8623779451     6.9767901648     3.3759280274
H       15.4919225628     7.1398802695     2.9129070271
H       16.3838022392     7.7687236173     5.1388647812
H       12.5995512702     3.5913572173     3.2102612182
H       13.5247506091     2.9754628918     1.0917909258
H       18.1303183609     3.2988979205     1.0557566312
H       13.3727506694     1.3316029350     2.8818919034
H       18.2261601311     1.1287842938     2.1247038672
H       16.4612272148     1.2944300584     7.6999849657
H       14.2261980114     1.4004881009     6.7465999855
H       20.0824635287     2.6871490718     2.3785116592
H       16.0371476253     0.3586024427     5.5103259750
32
# Point 13 Energy = 0.0
C       19.9049829174     3.4219906368     7.8823010888
H       18.9369397237     2.1070432885     6.6742901539
C       19.8487632141     2.0155118960     7.2782911157
H       19.6617614274     1.1863429163     7.9789309422
H       21.3764321099     2.0838204034     5.7173902094
C       21.0845793016     1.4574209490     6.5689922911
H       20.9261603098     0.4151448361     6.2421431492
H       21.9490113805     1.4352446784     7.2460081205
H       20.2623420323     4.1483581695     7.1400416799
H       20.5853292231     3.4892678783     8.7367992680
H       18.9043906065     3.7270509500     8.2164018836
Si       16.3380363268     3.6279424847     4.1717930212
O       16.3088188338     5.2468340421     4.3721314947
O       17.8046117877     3.1530330030     3.6041677474
O       15.1444804460     3.1826272982     3.1368885705
O       16.1028428775     2.9074225573     5.6180339413
Si       16.5037210222     6.8201677962     3.9262633871
Si       13.6373302051     2.7799003631     2.5933096174
Si       18.5636270419     2.5773317521     2.2512789103
Si       15.7167874206     1.5178864577     6.4150438555
H       17.8552198255     6.9905073611     3.3146626822
H       15.4805856543     7.1525014065     2.8731679901
H       16.3943765165     7.7974087944     5.0855867951
H       12.5841351855     3.6096752319     3.2404843947
H       13.4799860434     2.9788927681     1.1138207122
H       18.1006493328     3.3013032092     1.0216516729
H       13.3511380870     1.3471419364     2.9167680630
H       18.2085811778     1.1381353013     2.1035124642
H       16.4925660654     1.3337636959     7.6892811191
H       14.2483754454     1.4359619116     6.7572106078
H       20.0646453216     2.7006048749     2.3318892181
H       16.0467737370     0.3870631519     5.5086291930
32
# Point 14 Energy = 0.0
C       19.8358333010     3.3625966877     7.9037395058
H       18.9648588686     2.0029371770     6.7011477581
C       19.8822126281     1.9548304371     7.3017085916
H       19.7463250264     1.1016587171     7.9853255228
H       21.4228287420     2.0998564150     5.7580434031
C       21.1564762602     1.4641186359     6.6109544383
H       21.0633628722     0.4105203113     6.2942429255
H       22.0125626347     1.4976827744     7.2981723977
H       20.1666871234     4.1089766041     7.1689772980
H       20.4881602014     3.4748187113     8.7751149198
H       18.8093942684     3.6037821939     8.2107360316
Si       16.3382840128     3.6483939958     4.1513790683
O       16.3123162409     5.2691753092     4.3368742797
O       17.8007384089     3.1666194113     3.5778272392
O       15.1290899286     3.1971297765     3.1370101389
O       16.1192237595     2.9369347031     5.6045965446
Si       16.5017355746     6.8397164967     3.8785491565
Si       13.6133442614     2.7934341934     2.6172378182
Si       18.5458197425     2.5890167012     2.2176055523
Si       15.7384878007     1.5512650690     6.4106902744
H       17.8468809419     7.0046202056     3.2521771086
H       15.4680296645     7.1650725022     2.8334046131
H       16.4045345502     7.8263814635     5.0314207761
H       12.5691880717     3.6281524835     3.2736550134
H       13.4340171262     2.9827521993     1.1385783661
H       18.0701756492     3.3048546471     0.9869753540
H       13.3302275027     1.3630388578     2.9539510886
H       18.1918232620     1.1487593564     2.0814952738
H       16.5268287871     1.3731692882     7.6775499233
H       14.2732148525     1.4711264069     6.7680070008
H       20.0467058100     2.7161078271     2.2837417822
H       16.0586127256     0.4158024413     5.5062761957
32
# Point 15 Energy = 0.0
C       19.7666727182     3.2990595281     7.9206722340
H       18.9973549660     1.8986767885     6.7238383623
C       19.9155618717     1.8956502408     7.3249379304
H       19.8307038165     1.0225746987     7.9916840209
H       21.4702945324     2.1139922257     5.8033791348
C       21.2260021837     1.4719297839     6.6580273177
H       21.1984545653     0.4105555732     6.3538051396
H       22.0679369874     1.5607233850     7.3578375659
H       20.0730840375     4.0627617791     7.1930376189
H       20.3849568590     3.4543263466     8.8099927876
H       18.7185312856     3.4764639542     8.1964364641
Si       16.3388935001     3.6692384435     4.1307599683
O       16.3156777682     5.2917798651     4.3012036980
O       17.7971750889     3.1812017282     3.5508144199
O       15.1137097250     3.2120427891     3.1380582978
O       16.1369025503     2.9666068922     5.5907039209
Si       16.4989182074     6.8594427978     3.8302748149
Si       13.5894143811     2.8073112946     2.6433015621
Si       18.5280287365     2.6020438336     2.1831400208
Si       15.7622896581     1.5846335258     6.4058083499
H       17.8372357665     7.0190591681     3.1886274898
H       15.4541817883     7.1775362507     2.7936726708
H       16.4140714997     7.8555690080     4.9764355555
H       12.5547670021     3.6467911575     3.3096333791
H       13.3869965142     2.9870586623     1.1660262894
H       18.0389321098     3.3095129587     0.9518678267
H       13.3100674643     1.3792861148     2.9933085325
H       18.1758880780     1.1606189120     2.0587457443
H       16.5637120069     1.4125662318     7.6647631163
H       14.3004920723     1.5059116651     6.7788660206
H       20.0285925362     2.7336276545     2.2342736067
H       16.0724803226     0.4447487429     5.5032314993
