32
# Point -15 Energy = 0.0
C       20.6263014838     3.5506315751     7.6380219045
H       18.9000283758     3.5974971341     6.2985202269
C       19.4200814181     2.8967122546     6.9610203514
H       18.7113284368     2.6373676042     7.7574381639
H       18.9301673235     1.4497186699     5.4693699027
C       19.8042936029     1.7221581561     6.0737650192
H       20.1167594027     0.8239731174     6.6096046022
H       20.5923030112     1.9778634199     5.3540354285
H       20.9119678123     3.0319593017     8.5627137117
H       20.4657904174     4.6138329946     7.8266049647
H       21.5014408552     3.4582493236     6.9804365900
Si       16.4524539345     3.4158602086     4.4287760573
O       16.2812474773     4.9925164492     4.8174360484
O       17.9856414343     3.1307375915     3.9094549379
O       15.4545678196     2.9985277599     3.1854587569
O       16.0686224561     2.5540203241     5.7622397178
Si       16.4819889810     6.5939523637     4.4827893795
Si       14.0152184430     2.5981663529     2.4735312293
Si       18.8528387839     2.5994904547     2.6037003838
Si       15.7455574507     1.0803041551     6.4274358269
H       17.8745232140     6.8749676017     3.9986723671
H       15.5377761314     6.9787952947     3.3756333128
H       16.2385386824     7.4444624917     5.7075152589
H       12.8421030164     3.3196003852     3.0667195837
H       13.9918942348     2.9283896394     1.0062265307
H       18.4709592782     3.3963554334     1.3896054998
H       13.7400790662     1.1269815782     2.6248492353
H       18.5754496158     1.1532550281     2.2917571091
H       16.4365246499     0.8303779365     7.7456021631
H       14.2732615314     0.9143093808     6.6374668614
H       20.3541597346     2.7432104896     2.7898115544
H       16.2141125250     0.0390575297     5.4709526802
32
# Point -14 Energy = 0.0
C       20.6272016301     3.5562313336     7.6322074340
H       18.9048684408     3.5984945097     6.2909430981
C       19.4212309070     2.8992986228     6.9581114885
H       18.7090060580     2.6445869619     7.7529753270
H       18.9817518700     1.5200288934     5.3850061016
C       19.8049341615     1.7143759825     6.0837259013
H       19.9909861538     0.7864348482     6.6283443005
H       20.6826252963     1.9209659059     5.4583856967
H       21.0114958337     2.9533031902     8.4654106724
H       20.4077442859     4.5724435081     7.9656729943
H       21.4564296666     3.6135990880     6.9143379128
Si       16.4511455652     3.4151970282     4.4269668473
O       16.2837767253     4.9928142111     4.8127514291
O       17.9826663703     3.1265699011     3.9059239600
O       15.4494100346     2.9983698286     3.1874671451
O       16.0705337604     2.5551398372     5.7624676395
Si       16.4839570020     6.5940851563     4.4779486738
Si       14.0115621626     2.5954735471     2.4752874445
Si       18.8521578300     2.5949939830     2.6022463636
Si       15.7446178707     1.0833551007     6.4305182828
H       17.8762774454     6.8735952259     3.9933343805
H       15.5393837485     6.9777629116     3.3708575047
H       16.2411376811     7.4465682598     5.7018124187
H       12.8408503818     3.3186021307     3.0683832866
H       13.9895152686     2.9232306470     1.0079810435
H       18.4696592059     3.3912175764     1.3889936457
H       13.7382556731     1.1249288728     2.6301805703
H       18.5733361327     1.1490552220     2.2938481030
H       16.4350995725     0.8344642826     7.7490975031
H       14.2716788295     0.9187279487     6.6412785544
H       20.3530456549     2.7387283672     2.7892856818
H       16.2116393809     0.0406591181     5.4754139547
32
# Point -13 Energy = 0.0
C       20.6282821902     3.5619885484     7.6259821835
H       18.9098028461     3.5995043133     6.2830910516
C       19.4225433160     2.9019830562     6.9549078270
H       18.7069332985     2.6518865072     7.7482449738
H       19.0494565583     1.5869199938     5.3077965073
C       19.8056866452     1.7068192471     6.0935096975
H       19.8636299370     0.7590725435     6.6334377698
H       20.7586760764     1.8564769874     5.5708223751
H       21.1098697006     2.8937074553     8.3516934130
H       20.3647216234     4.5093323073     8.1007947998
H       21.3969412501     3.7709846181     6.8702336320
Si       16.4498271608     3.4145619190     4.4250587100
O       16.2862871337     4.9931265008     4.8079575502
O       17.9796479572     3.1224514694     3.9022189048
O       15.4441968836     2.9982362930     3.1894383679
O       16.0725287541     2.5562895745     5.7626112286
Si       16.4858770121     6.5942342064     4.4729905723
Si       14.0078173132     2.5928500890     2.4770596564
Si       18.8513676907     2.5905296208     2.6005885386
Si       15.7438370828     1.0864565017     6.4335677060
H       17.8779534490     6.8722493640     3.9878032347
H       15.5408787187     6.9767422841     3.3660192552
H       16.2437515902     7.4486859968     5.6960036008
H       12.8395481220     3.3176764440     3.0701232096
H       13.9869960539     2.9181861284     1.0097673356
H       18.4681826400     3.3860854259     1.3881825580
H       13.7363249574     1.1229563691     2.6354942484
H       18.5711039995     1.1448904534     2.2957765056
H       16.4339221147     0.8386478947     7.7525210148
H       14.2702728145     0.9231748397     6.6451530904
H       20.3518303198     2.7342931767     2.7884762879
H       16.2092853903     0.0423018711     5.4798395541
32
# Point -12 Energy = 0.0
C       20.6295226237     3.5679426695     7.6193734002
H       18.9148185389     3.6005514671     6.2749815304
C       19.4240070904     2.9047957400     6.9514319705
H       18.7050948710     2.6592937919     7.7432670847
H       19.1320523944     1.6491932034     5.2393658320
C       19.8065557887     1.6995202643     6.1031442260
H       19.7369229089     0.7419851287     6.6248585471
H       20.8190620952     1.7856485152     5.6897217963
H       21.2045439368     2.8547735631     8.2240834087
H       20.3379430213     4.4263813677     8.2282733690
H       21.3246508421     3.9265895803     6.8491355112
Si       16.4484993742     3.4139585507     4.4230556596
O       16.2887667659     4.9934573673     4.8030516889
O       17.9765916598     3.1183936176     3.8983541649
O       15.4389395501     2.9981203425     3.1913723549
O       16.0746056872     2.5574754158     5.7626744703
Si       16.4877292329     6.5944036549     4.4679082986
Si       14.0040014780     2.5902780489     2.4788405501
Si       18.8504850657     2.5861099887     2.5987478580
Si       15.7432190949     1.0896143241     6.4365911903
H       17.8795325797     6.8709410710     3.9820795548
H       15.5422455603     6.9757280613     3.3611049537
H       16.2463479178     7.4508224486     5.6900776299
H       12.8382061224     3.3168002729     3.0719226827
H       13.9843605607     2.9132329316     1.0115765049
H       18.4665486644     3.3809652994     1.3871884626
H       13.7343128712     1.1210446675     2.6407862652
H       18.5687811943     1.1407707985     2.2975665435
H       16.4329901857     0.8429432727     7.7558845739
H       14.2690473565     0.9276474567     6.6490895420
H       20.3505285575     2.7299274762     2.7874127486
H       16.2070670093     0.0439916422     5.4842429863
32
# Point -11 Energy = 0.0
C       20.6308985552     3.5741227994     7.6124169989
H       18.9199005786     3.6016539492     6.2666386805
C       19.4256069195     2.9077586388     6.9477130918
H       18.7034703630     2.6668281967     7.7380669218
H       19.2280518647     1.7057726133     5.1812066585
C       19.8075421385     1.6925035890     6.1126633027
H       19.6130841616     0.7350851876     6.6028153474
H       20.8626819513     1.7098117668     5.8133265238
H       21.2930574882     2.8375941853     8.0854455268
H       20.3281847970     4.3259860609     8.3445948054
H       21.2415837248     4.0766553269     6.8514653954
Si       16.4471629947     3.4133882229     4.4209649893
O       16.2912052815     4.9938083821     4.7980357481
O       17.9735035062     3.1144038846     3.8943490750
O       15.4336503122     2.9980151008     3.1932705534
O       16.0767601320     2.5587001910     5.7626634126
Si       16.4894978323     6.5945952178     4.4627014227
Si       14.0001338116     2.5877418368     2.4806222144
Si       18.8495281814     2.5817441532     2.5967508953
Si       15.7427625153     1.0928312366     6.4395960062
H       17.8810011239     6.8696777418     3.9761723429
H       15.5434746268     6.9747146120     3.3561065045
H       16.2488975764     7.4529811068     5.6840301477
H       12.8368359299     3.3159538129     3.0737636692
H       13.9816366289     2.9083516431     1.0133993924
H       18.4647803704     3.3758615291     1.3860334591
H       13.7322448647     1.1191769732     2.6460503685
H       18.5663957835     1.1367034075     2.2992463362
H       16.4322942841     0.8473595711     7.7592008374
H       14.2680004273     0.9321414764     6.6530851115
H       20.3491566245     2.7256482962     2.7861320822
H       16.2049952503     0.0457312903     5.4886375384
32
# Point -10 Energy = 0.0
C       20.6323829876     3.5805470729     7.6051560138
H       18.9250329201     3.6028224268     6.2580923272
C       19.4273246144     2.9108850450     6.9437857212
H       18.7020353626     2.6745005825     7.7326740388
H       19.3357376670     1.7557214630     5.1346528310
C       19.8086423556     1.6857854831     6.1221053168
H       19.4942817031     0.7381062431     6.5677503121
H       20.8887446880     1.6303472971     5.9397742978
H       21.3730982296     2.8427269539     7.9389197379
H       20.3357556200     4.2109915817     8.4465202524
H       21.1500611491     4.2175784119     6.8770429729
Si       16.4458190818     3.4128498975     4.4187969488
O       16.2935944224     4.9941786684     4.7929160576
O       17.9703900124     3.1104858884     3.8902270826
O       15.4283422205     2.9979138374     3.1951358802
O       16.0789854125     2.5599636929     5.7625859646
Si       16.4911715214     6.5948082025     4.4573756444
Si       13.9962344260     2.5852286203     2.4823965162
Si       18.8485162341     2.5774373869     2.5946287406
Si       15.7424609833     1.0961066541     6.4425894545
H       17.8823507820     6.8684629584     3.9700983331
H       15.5445624034     6.9736962015     3.3510214008
H       16.2513759855     7.4551622189     5.6778635147
H       12.8354504251     3.3151210480     3.0756275446
H       13.9788549284     2.9035270454     1.0152269650
H       18.4629040266     3.3707763106     1.3847445455
H       13.7301451127     1.1173395159     2.6512784815
H       18.5639750572     1.1326923058     2.3008468228
H       16.4318183056     0.8519005127     7.7624828842
H       14.2671245731     0.9366510860     6.6571354363
H       20.3477317248     2.7214666921     2.7846773828
H       16.2030756642     0.0475206955     5.4930359374
32
# Point -9 Energy = 0.0
C       20.6339475562     3.5872224276     7.5976388572
H       18.9301991959     3.6040601469     6.2493767839
C       19.4291400437     2.9141794357     6.9396883951
H       18.7007626704     2.6823132508     7.7271211842
H       19.4531948822     1.7982547553     5.1008552424
C       19.8098496279     1.6793736730     6.1315117102
H       19.3825957782     0.7506137838     6.5203337946
H       20.8967826756     1.5486549114     6.0671287403
H       21.4425640292     2.8701815882     7.7878457361
H       20.3604860814     4.0846174845     8.5311710801
H       21.0526378146     4.3460037856     6.9250890759
Si       16.4444690767     3.4123403070     4.4165643303
O       16.2959284091     4.9945650132     4.7877030136
O       17.9672580806     3.1066393139     3.8860148084
O       15.4230287519     2.9978101632     3.1969726296
O       16.0812730833     2.5612628006     5.7624516413
Si       16.4927439842     6.5950396024     4.4519423461
Si       13.9923237547     2.5827286316     2.4841554760
Si       18.8474688049     2.5731910408     2.5924157829
Si       15.7423037358     1.0994369047     6.4455787390
H       17.8835789587     6.8672964603     3.9638810727
H       15.5455115955     6.9726671629     3.3458525738
H       16.2537639964     7.4573629164     5.6715864495
H       12.8340634550     3.3142901505     3.0774958686
H       13.9760478509     2.8987484035     1.0170506844
H       18.4609481595     3.3657095967     1.3833525083
H       13.7280357938     1.1155218525     2.6564611899
H       18.5615447008     1.1287382818     2.3024006464
H       16.4315405291     0.8565645084     7.7657438731
H       14.2664075384     0.9411692839     6.6612349541
H       20.3462715009     2.7173874834     2.7830961063
H       16.2013084846     0.0493568796     5.4974500658
32
# Point -8 Energy = 0.0
C       20.6355637721     3.5941447632     7.5899174469
H       18.9353834650     3.6053630820     6.2405295373
C       19.4310320855     2.9176376348     6.9354622098
H       18.6996235445     2.6902602072     7.7214431316
H       19.5783459595     1.8327480461     5.0807602785
C       19.8111541717     1.6732673983     6.1409254131
H       19.2799840253     0.7720195853     6.4614557601
H       20.8866587403     1.4661245780     6.1934115048
H       21.4996186796     2.9194207166     7.6356823042
H       20.4017316118     3.9503723773     8.5961050336
H       20.9520326149     4.4589111660     6.9942445055
Si       16.4431148825     3.4118541356     4.4142819741
O       16.2982042323     4.9949620588     4.7824105697
O       17.9641148701     3.1028600238     3.8817410290
O       15.4177234485     2.9976982065     3.1987863360
O       16.0836134349     2.5625917076     5.7622712588
Si       16.4942141249     6.5952842694     4.4464179334
Si       13.9884219122     2.5802353607     2.4858916273
Si       18.8464052611     2.5690025299     2.5901484214
Si       15.7422762830     1.1028155110     6.4485708564
H       17.8846888520     6.8661742383     3.9575497692
H       15.5463310066     6.9716220580     3.3406080244
H       16.2560486062     7.4595774536     5.6652134208
H       12.8326894350     3.3134537352     3.0793511173
H       13.9732483679     2.8940095793     1.0188628481
H       18.4589425731     3.3606590430     1.3818907174
H       13.7259364436     1.1137170514     2.6615882705
H       18.5591280236     1.1248388645     2.3039410326
H       16.4314347362     0.8613449738     7.7689967208
H       14.2658330086     0.9456882346     6.6653773056
H       20.3447935074     2.7134091833     2.7814382670
H       16.1996889204     0.0512342273     5.5018907351
32
# Point -7 Energy = 0.0
C       20.6372042074     3.6012994694     7.5820452636
H       18.9405708994     3.6067203189     6.2315898514
C       19.4329795589     2.9212472665     6.9311493278
H       18.6985889326     2.6983277069     7.7156754735
H       19.7089878986     1.8587423995     5.0750911904
C       19.8125437979     1.6674577435     6.1503892840
H       19.1882489034     0.8015987837     6.3922138543
H       20.8585675685     1.3841090161     6.3166355529
H       21.5427411299     2.9893743452     7.4859234080
H       20.4583887559     3.8119610983     8.6393812687
H       20.8510545711     4.5536922798     7.0826039433
Si       16.4417589075     3.4113842665     4.4119662115
O       16.3004218280     4.9953625659     4.7770556004
O       17.9609676410     3.0991402883     3.8774356157
O       15.4124395479     2.9975727670     3.2005835947
O       16.0859960045     2.5639422448     5.7620565868
Si       16.4955861249     6.5955351554     4.4408229927
Si       13.9845480682     2.5777456355     2.4875983446
Si       18.8453441609     2.5648654337     2.5878637520
Si       15.7423611605     1.1062335746     6.4515724986
H       17.8856893375     6.8650887459     3.9511379488
H       15.5470352099     6.9705558281     3.3353002605
H       16.2582234389     7.4617975491     5.6587638242
H       12.8313429317     3.3126089661     3.0811773502
H       13.9704888909     2.8893089809     1.0206568861
H       18.4569173392     3.3556200091     1.3803938676
H       13.7238633963     1.1119217580     2.6666492345
H       18.5567452663     1.1209883924     2.3055006944
H       16.4314714206     0.8662308259     7.7722538030
H       14.2653814403     0.9501996663     6.6695557538
H       20.3433146830     2.7095241201     2.7797546065
H       16.1982075785     0.0531447986     5.5063675154
32
# Point -6 Energy = 0.0
C       20.6388435783     3.6086622960     7.5740754030
H       18.9457483805     3.6081146698     6.2225973391
C       19.4349620991     2.9249884761     6.9267914852
H       18.6976306434     2.7064950581     7.7098534154
H       19.8428310347     1.8759456328     5.0843326834
C       19.8140045204     1.6619282359     6.1599446031
H       19.1090077746     0.8385091061     6.3138981909
H       20.8130314706     1.3038985889     6.4348392131
H       21.5707666366     3.0784675656     7.3420131016
H       20.5289244097     3.6731869046     8.6596124929
H       20.7525260394     4.6282169315     7.1877641007
Si       16.4404040665     3.4109220881     4.4096342628
O       16.3025841282     4.9957577411     4.7716571594
O       17.9578235738     3.0954691238     3.8731284641
O       15.4071896158     2.9974294461     3.2023718450
O       16.0884100690     2.5653042883     5.7618199672
Si       16.4968693078     6.5957836179     4.4351813013
Si       13.9807198524     2.5752595929     2.4892701265
Si       18.8443026784     2.5607697067     2.5855982682
Si       15.7425387287     1.1096802489     6.4545899660
H       17.8865946530     6.8640292211     3.9446819794
H       15.5476440271     6.9694639304     3.3299455632
H       16.2602889768     7.4640128158     5.6522609762
H       12.8300382356     3.3117575206     3.0829607875
H       13.9678001704     2.8846493565     1.0224276048
H       18.4549017883     3.3505856167     1.3788967102
H       13.7218293280     1.1101361475     2.6716338637
H       18.5544130039     1.1171781727     2.3071107960
H       16.4316190369     0.8712071393     7.7755266809
H       14.2650309438     0.9546952966     6.6737635974
H       20.3418508338     2.7057187426     2.7780947950
H       16.1968509945     0.0550787213     5.5108886167
32
# Point -5 Energy = 0.0
C       20.6404596881     3.6162005234     7.5660586851
H       18.9509049855     3.6095234807     6.2135905467
C       19.4369609430     2.9288348860     6.9224285449
H       18.6967224159     2.7147356445     7.7040106047
H       19.9775388511     1.8842300917     5.1087190335
C       19.8155211805     1.6566556838     6.1696296615
H       19.0436659898     0.8818116382     6.2279729082
H       20.7508906384     1.2266989972     6.5461206308
H       21.5829186728     3.1846607450     7.2072613646
H       20.6114172360     3.5378513314     8.6560027718
H       20.6592053616     4.6808861832     7.3068848650
Si       16.4390537378     3.4104578472     4.4073036085
O       16.3046969847     4.9961376141     4.7662356640
O       17.9546895665     3.0918327282     3.8688484479
O       15.4019851876     2.9972647530     3.2041591200
O       16.0908451017     2.5666662340     5.7615739102
Si       16.4980778163     6.5960197762     4.4295187287
Si       13.9769528062     2.5727805466     2.4909028228
Si       18.8432960628     2.5567019938     2.5833866178
Si       15.7427879870     1.1131432826     6.4576290855
H       17.8874238943     6.8629821069     3.9382195145
H       15.5481818310     6.9683424602     3.3245631177
H       16.2622525365     7.4662112623     5.6457309707
H       12.8287889366     3.3109054185     3.0846902803
H       13.9652102637     2.8800374504     1.0241713673
H       18.4529235323     3.3455468678     1.3774328137
H       13.7198429110     1.1083637724     2.6765327168
H       18.5521436597     1.1133967270     2.3088000032
H       16.4318452455     0.8762559338     7.7788258547
H       14.2647581848     0.9591672719     6.6779945595
H       20.3404161412     2.7019740987     2.7765057214
H       16.1956022503     0.0570246492     5.5154608181
32
# Point -4 Energy = 0.0
C       20.6420341988     3.6238743881     7.5580418787
H       18.9560323469     3.6109196049     6.2046055976
C       19.4389596021     2.9327547513     6.9180971410
H       18.6958408517     2.7230181293     7.6981780316
H       20.1107682618     1.8836272893     5.1482260500
C       19.8170780657     1.6516112232     6.1794784885
H       18.9933932965     0.9304925167     6.1360545784
H       20.6732880666     1.1536121309     6.6486721581
H       21.5788307003     3.3055011210     7.0847629758
H       20.7036101097     3.4096544314     8.6283699509
H       20.5737111524     4.7106712987     7.4367618474
Si       16.4377116754     3.4099810390     4.4049913559
O       16.3067689682     4.9964914551     4.7608120334
O       17.9515720165     3.0882149990     3.8646224295
O       15.3968364287     2.9970761849     3.2059537726
O       16.0932911755     2.5680155247     5.7613306786
Si       16.4992301128     6.5962329081     4.4238620744
Si       13.9732598949     2.5703147641     2.4924937969
Si       18.8423371481     2.5526460421     2.5812604531
Si       15.7430873740     1.1166096129     6.4606951347
H       17.8882003389     6.8619315541     3.9317879160
H       15.5486766943     6.9671882544     3.3191740442
H       16.2641279922     7.4683798473     5.6392014430
H       12.8276075100     3.3100627261     3.0863576590
H       13.9627436023     2.8754835386     1.0258862047
H       18.4510075464     3.3404928214     1.3760333946
H       13.7179085855     1.1066113153     2.6813375838
H       18.5499451414     1.1096301182     2.3105936440
H       16.4321181092     0.8813570631     7.7821605466
H       14.2645392728     0.9636086044     6.6822431340
H       20.3390227091     2.6982664711     2.7750299225
H       16.1944416514     0.0589702712     5.5200894405
32
# Point -3 Energy = 0.0
C       20.6435532091     3.6316387089     7.5500660981
H       18.9611248752     3.6122725052     6.1956749396
C       19.4409443980     2.9367122688     6.9138294553
H       18.6949661804     2.7313077928     7.6923830320
H       20.2402098105     1.8743198042     5.2025672033
C       19.8186595017     1.6467615365     6.1895197497
H       18.9591038747     0.9834849707     6.0398875981
H       20.5816493532     1.0856202925     6.7408141547
H       21.5585571898     3.4381844366     6.9773214506
H       20.8029721187     3.2920980735     8.5771520574
H       20.4984503635     4.7171375093     7.5739084278
Si       16.4363818786     3.4094808203     4.4027136211
O       16.3088110492     4.9968082140     4.7554068153
O       17.9484765914     3.0845981163     3.8604743574
O       15.3917518219     2.9968622820     3.2077641842
O       16.0957392997     2.5693392075     5.7611018746
Si       16.5003483199     6.5964118705     4.4182378852
Si       13.9696510937     2.5678711602     2.4940420201
Si       18.8414359266     2.5485831957     2.5792474061
Si       15.7434155275     1.1200659876     6.4637927692
H       17.8889506193     6.8608599910     3.9254227125
H       15.5491594128     6.9659989758     3.3138003698
H       16.2659352556     7.4705050643     5.6327002924
H       12.8265049279     3.3092431483     3.0879579525
H       13.9604201855     2.8710008660     1.0275718557
H       18.4491753393     3.3354108272     1.3747262520
H       13.7160264516     1.1048882587     2.6860418751
H       18.5478206095     1.1058623515     2.3125130018
H       16.4324072029     0.8864891699     7.7855385167
H       14.2643506061     0.9680135893     6.6865048775
H       20.3376801622     2.6945681522     2.7737041987
H       16.1933474441     0.0609028527     5.5247783554
32
# Point -2 Energy = 0.0
C       20.6450076216     3.6394446564     7.5421654180
H       18.9661798411     3.6135494474     6.1868262344
C       19.4429048492     2.9406689967     6.9096521629
H       18.6940828381     2.7395679567     7.6866484241
H       20.3636272350     1.8566308751     5.2711942064
C       19.8202503986     1.6420702005     6.1997758474
H       18.9414402907     1.0396911958     5.9413167623
H       20.4776576362     1.0235738692     6.8210276032
H       21.5225735814     3.5796250049     6.8873799423
H       20.9067683652     3.1883948793     8.5033974858
H       20.4355521480     4.7004520832     7.7146451405
Si       16.4350684233     3.4089464314     4.4004849468
O       16.3108361716     4.9970769674     4.7500393316
O       17.9454079983     3.0809631730     3.8564244775
O       15.3867378905     2.9966226547     3.2095984671
O       16.0981816792     2.5706245036     5.7608980418
Si       16.5014574219     6.5965455306     4.4126712969
Si       13.9661330588     2.5654609208     2.4955480936
Si       18.8405991997     2.5444929633     2.5773702202
Si       15.7437519808     1.1234995920     6.4669259540
H       17.8897037736     6.8597487393     3.9191561482
H       15.5496624324     6.9647731724     3.3084639805
H       16.2676995309     7.4725735355     5.6262544113
H       12.8254903020     3.3084635214     3.0894894748
H       13.9582549217     2.8666050075     1.0292297330
H       18.4474442343     3.3302868141     1.3735348398
H       13.7141922842     1.1032064847     2.6906409288
H       18.5457683826     1.1020758394     2.3145747552
H       16.4326846048     0.8916306736     7.7889659136
H       14.2641696489     0.9723781861     6.6907766364
H       20.3363953079     2.6908483335     2.7725584544
H       16.1922965474     0.0628097906     5.5295300274
32
# Point -1 Energy = 0.0
C       20.6463932954     3.6472416079     7.5343657513
H       18.9711973176     3.6147167449     6.1780814250
C       19.4448338989     2.9445853353     6.9055855770
H       18.6931798456     2.7477614445     7.6809918033
H       20.4788958355     1.8310121287     5.3533022900
C       19.8218367378     1.6374991221     6.2102622458
H       18.9407616459     1.0980036133     5.8422573102
H       20.3632239821     0.9681824160     6.8879848771
H       21.4717651764     3.7265323950     6.8169608249
H       21.0121355969     3.1013851978     8.4087392090
H       20.3868093699     4.6613766147     7.8551940520
Si       16.4337752618     3.4083676126     4.3983177758
O       16.3128587348     4.9972873571     4.7447268739
O       17.9423697594     3.0772908320     3.8524886814
O       15.3817989658     2.9963579836     3.2114641697
O       16.1006118936     2.5718593674     5.7607282970
Si       16.5025843537     6.5966231921     4.4071849421
Si       13.9627088927     2.5630970691     2.4970142007
Si       18.8398303162     2.5403536411     2.5756460604
Si       15.7440777764     1.1268986569     6.4700979016
H       17.8904902031     6.8585786577     3.9130158715
H       15.5502187146     6.9635103124     3.3031855945
H       16.2694503703     7.4745725911     5.6198884684
H       12.8245705721     3.3077432232     3.0909537809
H       13.9562571364     2.8623131741     1.0308628211
H       18.4458267845     3.3251056265     1.3724775015
H       13.7123976674     1.1015798151     2.6951322287
H       18.5437819841     1.0982519196     2.3167905794
H       16.4329257393     0.8967607510     7.7924471639
H       14.2639756178     0.9767003460     6.6950567015
H       20.3351718736     2.6870740878     2.7716147960
H       16.1912652804     0.0646791633     5.5343455842
32
# Point 0 Energy = 0
C       20.6477110000     3.6549790000     7.5266840000
H       18.9761800000     3.6157410000     6.1694560000
C       19.4467280000     2.9484220000     6.9016430000
H       18.6922510000     2.7558520000     7.6754250000
H       20.5840390000     1.7980300000     5.4478400000
C       19.8234060000     1.6330100000     6.2209870000
H       18.9571360000     1.1573250000     5.7446630000
H       20.2404540000     0.9200090000     6.9405780000
H       21.4074060000     3.8754920000     6.7676150000
H       21.1161610000     3.0334640000     8.2953550000
H       20.3536290000     4.6012450000     7.9917750000
Si       16.4325060000     3.4077350000     4.3962220000
O       16.3148940000     4.9974300000     4.7394840000
O       17.9393640000     3.0735620000     3.8486780000
O       15.3769370000     2.9960700000     3.2133680000
O       16.1030250000     2.5730330000     5.7606000000
Si       16.5037570000     6.5966350000     4.4017980000
Si       13.9593780000     2.5607940000     2.4984440000
Si       18.8391290000     2.5361430000     2.5740860000
Si       15.7443760000     1.1302530000     6.4733110000
H       17.8913405600     6.8573308000     3.9070238400
H       15.5508605600     6.9622108000     3.2979838400
H       16.2712205600     7.4764908000     5.6136238400
H       12.8237502400     3.3071035200     3.0923555200
H       13.9544302400     2.8581435200     1.0324755200
H       18.4443303200     3.3198514400     1.3715668800
H       13.7106302400     1.1000235200     2.6995155200
H       18.5418503200     1.0943714400     2.3191668800
H       16.4331100800     0.9018602400     7.7959848800
H       14.2637500800     0.9809802400     6.6993448800
H       20.3340103200     2.6832114400     2.7708868800
H       16.1902300800     0.0665002400     5.5392248800
32
# Point 1 Energy = 0.0
C       20.6489660458     3.6626083328     7.5191275549
H       18.9811328309     3.6165903096     6.1609585169
C       19.4485869739     2.9521415179     6.8978303991
H       18.6912947690     2.7638057283     7.6699537942
H       20.6772627582     1.7583504709     5.5535253390
C       19.8249475121     1.6285657837     6.2319507771
H       18.9903382583     1.2165878904     5.6504919564
H       20.1116091755     0.8794676661     6.9779436143
H       21.3311243205     4.0230515806     6.7403843253
H       21.2159647541     2.9865210229     8.1659079466
H       20.3369945260     4.5219221504     8.1207045753
Si       16.4312636645     3.4070404844     4.3942045811
O       16.3169574624     4.9974968675     4.7343218540
O       17.9363912754     3.0697584434     3.8449983008
O       15.3721514612     2.9957614117     3.2153155460
O       16.1054175182     2.5741363641     5.7605184851
Si       16.5050031920     6.5965723055     4.3965252521
Si       13.9561360831     2.5585669563     2.4998424153
Si       18.8384913163     2.5318388908     2.5726947930
Si       15.7446321371     1.1335545890     6.4765668051
H       17.8922846748     6.8559870160     3.9011953348
H       15.5516185214     6.9608759269     3.2928742557
H       16.2730449072     7.4783184871     5.6074775045
H       12.8230311986     3.3065668779     3.0937020816
H       13.9527716553     2.8541143619     1.0340733800
H       18.4429567261     3.3145080703     1.3708095681
H       13.7088740555     1.0985537783     2.7037928348
H       18.5399580087     1.0904152605     2.3217048232
H       16.4332215682     0.9069125921     7.7995798876
H       14.2634773561     0.9852205156     6.7036425181
H       20.3329077788     2.6792263553     2.7703796578
H       16.1891681150     0.0682639918     5.5441666821
32
# Point 2 Energy = 0.0
C       20.6501679215     3.6700848044     7.5116940927
H       18.9860626503     3.6172354673     6.1525903197
C       19.4504138311     2.9557096028     6.8941462102
H       18.6903141361     2.7715923696     7.6645777455
H       20.7569870887     1.7127241310     5.6688646427
C       19.8264526796     1.6241321278     6.2431467445
H       19.0398515785     1.2747718804     5.5616720472
H       19.9790671505     0.8468234623     6.9994841537
H       21.2448635059     4.1658039710     6.7357730688
H       21.3087791109     2.9618915979     8.0234823089
H       20.3374373098     4.4257561764     8.2384896108
Si       16.4300504640     3.4062775350     4.3922692868
O       16.3190641655     4.9974816105     4.7292476972
O       17.9334504153     3.0658634381     3.8414501112
O       15.3674392628     2.9954358202     3.2173110636
O       16.1077873924     2.5751625807     5.7604868501
Si       16.5063496104     6.5964279985     4.3913764454
Si       13.9529752043     2.5564314899     2.5012154357
Si       18.8379096988     2.5274199872     2.5714707582
Si       15.7448344199     1.1367979322     6.4798659936
H       17.8933503952     6.8545305878     3.8955383293
H       15.5525202377     6.9595078332     3.2878686019
H       16.2749588809     7.4800481388     5.6014612961
H       12.8224125850     3.3061561902     3.0950032619
H       13.9512728390     2.8502434667     1.0356628606
H       18.4417023044     3.3090594755     1.3702059029
H       13.7071100470     1.0971871097     2.7079684353
H       18.5380858271     1.0863648995     2.3244003810
H       16.4332489936     0.9119045912     7.8032312174
H       14.2631449096     0.9894263328     6.7079524396
H       20.3318580416     2.6750858959     2.7700892821
H       16.1880579428     0.0699634954     5.5491687652
32
# Point 3 Energy = 0.0
C       20.6513296846     3.6773687429     7.5043718760
H       18.9909777182     3.6176510244     6.1443456273
C       19.4522143936     2.9590963640     6.8905815217
H       18.6893161809     2.7791863771     7.6592903291
H       20.8218727117     1.6619701450     5.7921770419
C       19.8279150785     1.6196787195     6.2545608249
H       19.1048750229     1.3309194058     5.4800661914
H       19.8452788208     0.8221956317     7.0048830724
H       21.1508320242     4.3004679973     6.7537374630
H       21.3920232652     2.9603279044     7.8715040455
H       20.3550244880     4.3155134090     8.3419136003
Si       16.4288675646     3.4054414487     4.3904165805
O       16.3212280053     4.9973797978     4.7242646380
O       17.9305384326     3.0618623571     3.8380287101
O       15.3627948000     2.9950976076     3.2193573139
O       16.1101338507     2.5761072127     5.7605058429
Si       16.5078207106     6.5961967636     4.3863559269
Si       13.9498840145     2.5544029230     2.5025698373
Si       18.8373731428     2.5228665166     2.5704059871
Si       15.7449740070     1.1399803336     6.4832083310
H       17.8945624908     6.8529468033     3.8900532510
H       15.5535893833     6.9581094301     3.2829743783
H       16.2769971756     7.4816746895     5.5955814380
H       12.8218907497     3.3058939881     3.0962707849
H       13.9499195919     2.8465473934     1.0372510233
H       18.4405579010     3.3034902887     1.3697500770
H       13.7053166361     1.0959398047     2.7120486091
H       18.5362113386     1.0822031809     2.3272446242
H       16.4331860960     0.9168268890     7.8069361573
H       14.2627435490     0.9936052591     6.7122787730
H       20.3308516988     2.6707593556     2.7700034620
H       16.1868800725     0.0715942357     5.5542280204
32
# Point 4 Energy = 0.0
C       20.6524671533     3.6844272259     7.4971401378
H       18.9958871238     3.6178162271     6.1362117208
C       19.4539968139     2.9622774781     6.8871204278
H       18.6883115048     2.7865679720     7.6540792017
H       20.8708458155     1.6069600104     5.9216235735
C       19.8293305750     1.6151804795     6.2661723687
H       19.1843353566     1.3841503402     5.4074369714
H       19.7127226735     0.8055622374     6.9941168836
H       21.0514464145     4.4239705773     6.7936829480
H       21.4633778907     2.9819785827     7.7136519818
H       20.3893548517     4.1943049621     8.4281226361
Si       16.4277148867     3.4045295519     4.3886435327
O       16.3234610937     4.9971891239     4.7193713334
O       17.9276504698     3.0577431477     3.8347243042
O       15.3582100289     2.9947517785     3.2214553946
O       16.1124572133     2.5769685553     5.7605737888
Si       16.5094377696     6.5958752881     4.3814622045
Si       13.9468480356     2.5524957998     2.5039128625
Si       18.8368674664     2.5181608201     2.5694866868
Si       15.7450450425     1.1431021850     6.4865927114
H       17.8959417080     6.8512234224     3.8847327112
H       15.5548447911     6.9566842703     3.2781942202
H       16.2791923789     7.4831958037     5.5898379678
H       12.8214592885     3.3058017052     3.0975177277
H       13.9486924867     2.8430407914     1.0388451712
H       18.4395091537     3.2977861584     1.3694303541
H       13.7034703310     1.0948273621     2.7160414601
H       18.5343095379     1.0779147131     2.3302241882
H       16.4330314941     0.9216745978     7.8106904070
H       14.2622674950     0.9977672489     6.7166268060
H       20.3298763437     2.6662191817     2.7701019941
H       16.1856174116     0.0731544021     5.5593406825
32
# Point 5 Energy = 0.0
C       20.6535980218     3.6912352199     7.4899699176
H       19.0008001869     3.6177157529     6.1281694700
C       19.4557710058     2.9652350572     6.8837406688
H       18.6873135304     2.7937238442     7.6489267023
H       20.9031167845     1.5486013101     6.0552396118
C       19.8306973098     1.6106185536     6.2779549334
H       19.2769042768     1.4336743188     5.3454132624
H       19.5838590503     0.7967673714     6.9674602225
H       20.9492691739     4.5335196822     6.8544780905
H       21.5208490877     3.0263887381     7.5537634356
H       20.4395703616     4.0655044880     8.4946971893
Si       16.4265909373     3.4035413133     4.3869439112
O       16.3257731474     4.9969095042     4.7145619919
O       17.9247798135     3.0534967568     3.8315224329
O       15.3536746375     2.9944038026     3.2236046574
O       16.1147586566     2.5777477369     5.7606866164
Si       16.5112179791     6.5954623827     4.3766879447
Si       13.9438500722     2.5507233952     2.5052518800
Si       18.8363757016     2.5132879650     2.5686937567
Si       15.7450446218     1.1461670110     6.4900171599
H       17.8975038994     6.8493510934     3.8795617630
H       15.5562996810     6.9552364204     3.2735257126
H       16.2815736252     7.4846119761     5.5842246576
H       12.8211091685     3.3058989532     3.0987579251
H       13.9475675029     2.8397358729     1.0404524953
H       18.4385369413     3.2919342354     1.3692295553
H       13.7015464400     1.0938639702     2.7199565544
H       18.5323536366     1.0734864406     2.3333218406
H       16.4327884475     0.9264475278     7.8144882114
H       14.2617143408     1.0019243624     6.7210027124
H       20.3289168967     2.6614419320     2.7703576183
H       16.1842556637     0.0746450113     5.5645024585
32
# Point 6 Energy = 0.0
C       20.6547409031     3.6977764863     7.4828251714
H       19.0057258486     3.6173402851     6.1201940740
C       19.4575480087     2.9679583259     6.8804144846
H       18.6863376987     2.8006476605     7.6438105318
H       20.9181941688     1.4878215406     6.1909704854
C       19.8320156008     1.6059811171     6.2898772663
H       19.3810202821     1.4788013747     5.2954586029
H       19.4610840829     0.7955300309     6.9254851600
H       20.8469426341     4.6266708784     6.9344806581
H       21.5628242744     3.0925145192     7.3957354228
H       20.5043794099     3.9326599534     8.5397139751
Si       16.4254926877     3.4024783844     4.3853083728
O       16.3281709505     4.9965430987     4.7098265075
O       17.9219179736     3.0491174564     3.8284045240
O       15.3491762900     2.9940594297     3.2258026739
O       16.1170399455     2.5784487315     5.7608379621
Si       16.5131736667     6.5949590328     4.3720201362
Si       13.9408707158     2.5490972444     2.5065940316
Si       18.8358785824     2.5082362633     2.5680035455
Si       15.7449726541     1.1491814181     6.4934788691
H       17.8992593087     6.8473236756     3.8745183833
H       15.5579610665     6.9537703088     3.2689613376
H       16.2841653502     7.4859265431     5.5787291075
H       12.8208289399     3.3062028392     3.1000053321
H       13.9465168180     2.8366419381     1.0420797109
H       18.4376179951     3.2859235992     1.3691257229
H       13.6995198263     1.0930620101     2.7238045187
H       18.5303159138     1.0689081120     2.3365171884
H       16.4324644572     0.9311502865     7.8183225512
H       14.2610848936     1.0060904195     6.7254132521
H       20.3279560197     2.6564090965     2.7707371147
H       16.1827836324     0.0760699403     5.5697086858
32
# Point 7 Energy = 0.0
C       20.6559143334     3.7040441829     7.4756641383
H       19.0106720772     3.6166868818     6.1122560088
C       19.4593393133     2.9704440503     6.8771096650
H       18.6854005949     2.8073403192     7.6387045927
H       20.9158932003     1.4255521082     6.3267094240
C       19.8332877711     1.6012639404     6.3019044483
H       19.4949150196     1.5189506818     5.2588423153
H       19.3466844753     0.8014546265     6.8690543460
H       20.7471205924     4.7013850407     7.0315760251
H       21.5881176529     3.1787529093     7.2434241992
H       20.5820918750     3.7994016373     8.5617951861
Si       16.4244155047     3.4013445622     4.3837247629
O       16.3306579109     4.9960942517     4.7051507558
O       17.9190548291     3.0446030630     3.8253485937
O       15.3447009436     2.9937244917     3.2280452562
O       16.1193031461     2.5790782590     5.7610193515
Si       16.5153116667     6.5943683726     4.3674404729
Si       13.9378889319     2.5476267274     2.5079458749
Si       18.8353551229     2.5029977038     2.5673887664
Si       15.7448316354     1.1521549145     6.4969742514
H       17.9012120327     6.8451384614     3.8695742267
H       15.5598293595     6.9522905614     3.2644886225
H       16.2869861843     7.4871455851     5.5733330824
H       12.8206050309     3.3067273519     3.1012733761
H       13.9455097372     2.8337650066     1.0437327041
H       18.4367256624     3.2797456490     1.3690929544
H       13.6973656915     1.0924316138     2.7275965836
H       18.5281686169     1.0641726758     2.3397874859
H       16.4320707242     0.9357921824     7.8221853624
H       14.2603829114     1.0102805594     6.7298654330
H       20.3269746192     2.6511077829     2.7712026109
H       16.1811934331     0.0774358460     5.5749544836
32
# Point 8 Energy = 0.0
C       20.6571357797     3.7100411399     7.4684409218
H       19.0156453138     3.6157591271     6.1043221549
C       19.4611561751     2.9726967035     6.8737907631
H       18.6845190385     2.8138099398     7.6335799658
H       20.8963386014     1.3627126025     6.4603369717
C       19.8345179113     1.5964706945     6.3139991617
H       19.6166436838     1.5536573274     5.2366140975
H       19.2427940918     0.8140429712     6.7993080198
H       20.6523994411     4.7560759059     7.1432269940
H       21.5960039898     3.2829858382     7.1005456991
H       20.6706650182     3.6693487382     8.5601438876
Si       16.4233531434     3.4001456729     4.3821785173
O       16.3332337312     4.9955693533     4.7005170464
O       17.9161788429     3.0399550457     3.8223300666
O       15.3402332313     2.9934047007     3.2303265346
O       16.1215503355     2.5796455756     5.7612204526
Si       16.5176328704     6.5936955867     4.3629259473
Si       13.9348827144     2.5463187224     2.5093130380
Si       18.8347832704     2.4975682840     2.5668195423
Si       15.7446263414     1.1550996049     6.5004990035
H       17.9033596836     6.8427962946     3.8646956312
H       15.5618981903     6.9508018341     3.2600904860
H       16.2900480270     7.4882777254     5.5680130815
H       12.8204221219     3.3074828420     3.1025743205
H       13.9445137341     2.8311075703     1.0454161995
H       18.4358307980     3.2733944494     1.3691023819
H       13.6950603656     1.0919802893     2.7313440858
H       18.5258848851     1.0592765910     2.3431085152
H       16.4316214890     0.9403869362     7.8260677778
H       14.2596147497     1.0145107183     6.7343661458
H       20.3259524221     2.6455312412     2.7717130587
H       16.1794806083     0.0787519737     5.5802348904
32
# Point 9 Energy = 0.0
C       20.6584206877     3.7157797980     7.4611072337
H       19.0206499831     3.6145670574     6.0963570657
C       19.4630089451     2.9747283598     6.8704204307
H       18.6837091735     2.8200715886     7.6284059896
H       20.8599615532     1.3001954692     6.5897609427
C       19.8357115885     1.5916129811     6.3261230383
H       19.7441189220     1.5825770162     5.2295827145
H       19.1513533070     0.8327076192     6.7176451069
H       20.5652505526     4.7896463900     7.2665338547
H       21.5862397655     3.4026373613     6.9705793962
H       20.7677589897     3.5460169880     8.5345647149
Si       16.4222978063     3.3988893849     4.3806531496
O       16.3358942105     4.9949766264     4.6959047159
O       17.9132773405     3.0351785166     3.8193226904
O       15.3357569023     2.9931054495     3.2326390894
O       16.1237833219     2.5801621599     5.7614293932
Si       16.5201319756     6.5929477414     4.3584496383
Si       13.9318297902     2.5451773428     2.5106998948
Si       18.8341406164     2.4919482273     2.5662645453
Si       15.7443634581     1.1580297700     6.5040481823
H       17.9056932712     6.8403015782     3.8598448435
H       15.5641544572     6.9493086504     3.2557457754
H       16.2933553408     7.4893338318     5.5627411296
H       12.8202635896     3.3084756135     3.1039186641
H       13.9434955728     2.8286684772     1.0471334623
H       18.4349027618     3.2668670152     1.3691232630
H       13.6925820803     1.0917126294     2.7350579471
H       18.5234396680     1.0542200388     2.3464555114
H       16.4311332786     0.9449522062     7.8299603808
H       14.2587889299     1.0187970434     6.7389217833
H       20.3248686126     2.6396792088     2.7722258299
H       16.1776441473     0.0800298594     5.5855449826
32
# Point 10 Energy = 0.0
C       20.6597816111     3.7212818066     7.4536142432
H       19.0256880901     3.6131268625     6.0883243369
C       19.4649064448     2.9765583169     6.8669608331
H       18.6829855953     2.8261467452     7.6231514078
H       20.8074908446     1.2388512456     6.7129559714
C       19.8368755122     1.5867100801     6.3382380419
H       19.8751475943     1.6054885888     5.2382992979
H       19.0740720275     0.8567864208     6.6256988057
H       20.4879556580     4.8015128761     7.3983032722
H       21.5590710775     3.5347423296     6.8566780216
H       20.8708004600     3.4327296089     8.4854693755
Si       16.4212402715     3.3975849544     4.3791308139
O       16.3386311900     4.9943258472     4.6912908480
O       17.9103368495     3.0302821048     3.8162995137
O       15.3312553092     2.9928316238     3.2349741349
O       16.1260033880     2.5806413086     5.7616331330
Si       16.5227974523     6.5921335540     4.3539816682
Si       13.9287083530     2.5442037697     2.5121092773
Si       18.8334051440     2.4861420786     2.5656921928
Si       15.7440511605     1.1609613453     6.5076162890
H       17.9081973151     6.8376621729     3.8549814269
H       15.5665786104     6.9478152495     3.2514299798
H       16.2969046976     7.4903266334     5.5574857636
H       12.8201120103     3.3097076480     3.1053145985
H       13.9424224753     2.8264429548     1.0488860477
H       18.4339104902     3.2601635276     1.3691241488
H       13.6899117002     1.0916301159     2.7387481476
H       18.5208106116     1.0490070272     2.3498040981
H       16.4306240877     0.9495089444     7.8338534651
H       14.2579156498     1.0231552664     6.7435378577
H       20.3237025102     2.6335580577     2.7726983784
H       16.1756864082     0.0812829349     5.5908799699
32
# Point 11 Energy = 0.0
C       20.6612274571     3.7265772912     7.4459144686
H       19.0307589240     3.6114603702     6.0801880298
C       19.4668554120     2.9782124567     6.8633750953
H       18.6823605483     2.8320625278     7.6177855494
H       20.7399383650     1.1794745627     6.8280017287
C       19.8380171716     1.5817884180     6.3503078375
H       20.0074696425     1.6222942284     5.2630456274
H       19.0123972180     0.8855581450     6.5253072236
H       20.4225468880     4.7916169718     7.5351243914
H       21.5152280397     3.6760246966     6.7615854222
H       20.9770526728     3.3325338382     8.4138668261
Si       16.4201700897     3.3962429143     4.3775929213
O       16.3414326516     4.9936280104     4.6866510946
O       17.9073434906     3.0252777157     3.8132338954
O       15.3267119283     2.9925874345     3.2373217512
O       16.1282110717     2.5810976523     5.7618178794
Si       16.5256117336     6.5912631070     4.3494903029
Si       13.9254978029     2.5433961895     2.5135422356
Si       18.8325559894     2.4801586692     2.5650718594
Si       15.7436986602     1.1639113182     6.5111973622
H       17.9108501943     6.8348891868     3.8500638071
H       15.5691451697     6.9463254543     3.2471161002
H       16.3006846031     7.4912702658     5.5522131877
H       12.8199497079     3.3111764736     3.1067675459
H       13.9412632960     2.8244227740     1.0506736080
H       18.4328236090     3.2532874679     1.3690740897
H       13.6870333900     1.0917310302     2.7424232141
H       18.5179788795     1.0436453808     2.3531312027
H       16.4301125251     0.9540806044     7.8377372922
H       14.2570062518     1.0276000579     6.7482186338
H       20.3224342690     2.6271807358     2.7730899106
H       16.1736129479     0.0825260508     5.5962352659
32
# Point 12 Energy = 0.0
C       20.6627628829     3.7317038091     7.4379636478
H       19.0358588827     3.6095943265     6.0719141006
C       19.4688600428     2.9797223616     6.8596287296
H       18.6818432289     2.8378507007     7.6122794990
H       20.6585792646     1.1227911722     6.9331189273
C       19.8391444593     1.5768807692     6.3622991001
H       20.1387982613     1.6330172342     5.3038276131
H       18.9674856517     0.9182589777     6.4184797631
H       20.3707530439     4.7604245400     7.6734503878
H       21.4559057790     3.8229833842     6.6875646461
H       21.0836900450     3.2481250817     8.3213383632
Si       16.4190758471     3.3948747172     4.3760207947
O       16.3442829715     4.9928949499     4.6819605762
O       17.9042834100     3.0201801815     3.8101005113
O       15.3221108980     2.9923762760     3.2396711599
O       16.1304059929     2.5815466125     5.7619695357
Si       16.5285516355     6.5903475173     4.3449431580
Si       13.9221794686     2.5427498414     2.5149978576
Si       18.8315741927     2.4740109483     2.5643750622
Si       15.7433157358     1.1668970657     6.5147850777
H       17.9136247285     6.8319966620     3.8450509028
H       15.5718234668     6.9448425627     3.2427756493
H       16.3046756158     7.4921797612     5.5468885597
H       12.8197593326     3.3128751902     3.1082798005
H       13.9399896661     2.8225965526     1.0524937691
H       18.4316135514     3.2462456626     1.3689438352
H       13.6839351916     1.0920104773     2.7460897451
H       18.5149298822     1.0381466122     2.3564159185
H       16.4296169575     0.9586922306     7.8416023404
H       14.2560726713     1.0321443930     6.7529667917
H       20.3210455780     2.6205664954     2.7733630044
H       16.1714322639     0.0837749333     5.6016065322
32
# Point 13 Energy = 0.0
C       20.6643878710     3.7367050257     7.4297225208
H       19.0409814317     3.6075594948     6.0634717852
C       19.4709216496     2.9811242140     6.8556909967
H       18.6814392242     2.8435464980     7.6066072215
H       20.5649272375     1.0694462982     7.0267023288
C       19.8402652960     1.5720252113     6.3741827172
H       20.2668605285     1.6377972697     5.3603740446
H       18.9401824710     0.9540996482     6.3073600561
H       20.3339535192     4.7089121109     7.8096835593
H       21.3827324965     3.9719834562     6.6363380928
H       21.1878753057     3.1817805407     8.2099982286
Si       16.4179454891     3.3934923449     4.3743963396
O       16.3471633285     4.9921389282     4.6771948302
O       17.9011432407     3.0150068137     3.8068763228
O       15.3174375589     2.9922006184     3.2420110359
O       16.1325867386     2.5820038163     5.7620741692
Si       16.5315889992     6.5893985709     4.3403084712
Si       13.9187372880     2.5422571782     2.5164731611
Si       18.8304434131     2.4677156829     2.5635765780
Si       15.7429122667     1.1699356567     6.5183728570
H       17.9164889831     6.8290011639     3.8399037861
H       15.5745785959     6.9433692666     3.2383797493
H       16.3088507691     7.4930705008     5.5414773666
H       12.8195244504     3.3147926535     3.1098502889
H       13.9385770665     2.8209501877     1.0543420849
H       18.4302546443     3.2390482311     1.3687069890
H       13.6806094920     1.0924605255     2.7497519932
H       18.5116538871     1.0325256748     2.3596402843
H       16.4291546822     0.9633694607     7.8454395418
H       14.2551268836     1.0367989510     6.7577831389
H       20.3195203364     2.6137404117     2.7734851206
H       16.1691554557     0.0850455949     5.6069896997
32
# Point 14 Energy = 0.0
C       20.6660975059     3.7416291525     7.4211584615
H       19.0461172019     3.6053896007     6.0548348916
C       19.4730384539     2.9824575131     6.8515361516
H       18.6811501095     2.8491873019     7.6007466015
H       20.4607055172     1.0199946496     7.1073500790
C       19.8413872717     1.5672638677     6.3859348423
H       20.3894376468     1.6368830456     5.4321405277
H       18.9310059785     0.9922828697     6.1941863117
H       20.3131411115     4.6385410776     7.9402619716
H       21.2977254137     4.1193502379     6.6090412798
H       21.2868370882     3.1353039067     8.0824406783
Si       16.4167666971     3.3921078960     4.3727027104
O       16.3500522570     4.9913722081     4.6723307766
O       17.8979105787     3.0097768682     3.8035414766
O       15.3126789796     2.9920619368     3.2443298514
O       16.1347508116     2.5824844921     5.7621184859
Si       16.5346915422     6.5884283346     4.3355563987
Si       13.9151584239     2.5419081350     2.5179630672
Si       18.8291505818     2.4612930297     2.5626554526
Si       15.7424977873     1.1730431478     6.5219539863
H       17.9194072757     6.8259212850     3.8345873133
H       15.5773725466     6.9419076016     3.2339002905
H       16.3131762924     7.4939576480     5.5359468421
H       12.8192301277     3.3169138170     3.1114744686
H       13.9370057921     2.8194674051     1.0562120762
H       18.4287251229     3.2317084331     1.3683410749
H       13.6770533638     1.0930704610     2.7534115272
H       18.5081464841     1.0268006004     2.3627899540
H       16.4287411609     0.9681374792     7.8492405026
H       14.2541803728     1.0415715768     6.7626663892
H       20.3178452838     2.6067327001     2.7734299488
H       16.1667958193     0.0863537213     5.6123809703
32
# Point 15 Energy = 0.0
C       20.6678819662     3.7465271986     7.4122468990
H       19.0512542282     3.6031201571     6.0459829514
C       19.4752055251     2.9837636530     6.8471445304
H       18.6809732281     2.8548112232     7.5946803639
H       20.3478142661     0.9748924364     7.1738888323
C       19.8425173210     1.5626414756     6.3975377647
H       20.5044039791     1.6306224728     5.5183183948
H       18.9401389131     1.0320207053     6.0812499697
H       20.3088947499     4.5512203685     8.0617456179
H       21.2032357658     4.2614639664     6.6061914519
H       21.3779458648     3.1099824276     7.9416747948
Si       16.4155273070     3.3907331678     4.3709249525
O       16.3529263324     4.9906066217     4.6673476680
O       17.8945744576     3.0045109418     3.8000801023
O       15.3078244494     2.9919606797     3.2466162414
O       16.1368946491     2.5830028677     5.7620903003
Si       16.5378238969     6.5874487553     4.3306602876
Si       13.9114337932     2.5416904983     2.5194604613
Si       18.8276864716     2.4547659890     2.5615958665
Si       15.7420810801     1.1762338970     6.5255217467
H       17.9223413579     6.8227770755     3.8290716656
H       15.5801654878     6.9404589248     3.2293111100
H       16.3176126169     7.4948555818     5.5302673759
H       12.8188634912     3.3192202214     3.1131443720
H       13.9352617737     2.8181304034     1.0580953585
H       18.4270080401     3.2242424148     1.3678284769
H       13.6732687640     1.0938271498     2.7570669932
H       18.5044088891     1.0209920304     2.3658547340
H       16.4283893457     0.9730199615     7.8529977071
H       14.2532436425     1.0464668276     6.7676130225
H       20.3160105609     2.5995778497     2.7731785407
H       16.1643683853     0.0877140563     5.6177768061
