32
# Point -15 Energy = 0.0
C       20.8215692602     3.8976521108     7.7188051729
H       18.6308306856     3.8031376830     6.1982752310
C       19.0558065834     3.0970538944     6.9180430800
H       18.2952773312     2.9305162944     7.6922517082
H       20.6921129381     1.8015808001     5.6119208201
C       19.7971135154     1.3171962633     6.0338982405
H       19.6274846693     0.3995211294     5.4489052621
H       20.3671138912     0.9927384026     6.9194581350
H       21.4629370377     3.7749662378     6.8316688293
H       21.1826997218     3.0015625865     8.2416772065
H       21.2090803827     4.7683440309     8.2656934828
Si       16.3815800158     3.4208914566     4.3874779898
O       16.2638378513     5.0118142721     4.7249971848
O       17.9027553888     3.0828826689     3.8596742816
O       15.3410294121     3.0019893100     3.1929088805
O       16.0461992314     2.5883895101     5.7547824162
Si       16.4527507968     6.6055166616     4.3847932432
Si       13.9353736959     2.5662492610     2.4656283447
Si       18.8102419485     2.5394844146     2.5892134298
Si       15.6775397828     1.1473614073     6.4680005169
H       17.8451441023     6.8680150962     3.9021188099
H       15.5104352263     6.9684335956     3.2705966902
H       16.2082384280     7.4905519118     5.5913824646
H       12.7915763794     3.3134501779     3.0440718022
H       13.9453541224     2.8594363867     0.9981564608
H       18.4258154164     3.3211796227     1.3828565989
H       13.6832475003     1.1055695249     2.6668963058
H       18.5154792015     1.0989845746     2.3388853231
H       16.3555262052     0.9269833363     7.7982973442
H       14.1966378984     0.9997900195     6.6807554129
H       20.3024936504     2.6902909082     2.8021287742
H       16.1346983296     0.0817684505     5.5429459170
32
# Point -14 Energy = 0.0
C       20.8089384582     3.8844969809     7.7075373440
H       18.6538724225     3.7912653644     6.1973814671
C       19.0815556850     3.0876007554     6.9181733078
H       18.3215967315     2.9193695690     7.6925550550
H       20.6883669605     1.7998343933     5.5978931797
C       19.7948867443     1.3373126120     6.0460060053
H       19.5725987973     0.4335130744     5.4576051254
H       20.3602726282     0.9837288522     6.9227913666
H       21.4623544428     3.7834965559     6.8269150366
H       21.1812127564     3.0041581136     8.2483890020
H       21.1545701790     4.7719358230     8.2550191350
Si       16.3850955483     3.4201406299     4.3878956233
O       16.2673305100     5.0109806785     4.7257941502
O       17.9053279796     3.0824916571     3.8587101466
O       15.3434017026     3.0016088108     3.1942599521
O       16.0502012563     2.5873844746     5.7549632323
Si       16.4561850073     6.6050534659     4.3857429074
Si       13.9368784717     2.5657739279     2.4680101786
Si       18.8122928437     2.5395693331     2.5879333756
Si       15.6823081125     1.1461724125     6.4680673220
H       17.8482374293     6.8674647947     3.9022104441
H       15.5131121869     6.9681179417     3.2722664109
H       16.2124886249     7.4897439045     5.5926895148
H       12.7936467170     3.3128501319     3.0476267290
H       13.9456337342     2.8591938884     1.0006230705
H       18.4270848081     3.3213934017     1.3818544229
H       13.6851138269     1.1050757616     2.6693474831
H       18.5174473583     1.0989690302     2.3372865148
H       16.3610740997     0.9252024532     7.7978197580
H       14.2014361665     0.9984000914     6.6817525857
H       20.3047231554     2.6902161070     2.7997287414
H       16.1387352553     0.0807870095     5.5423167724
32
# Point -13 Energy = 0.0
C       20.7964970002     3.8709123459     7.6960298375
H       18.6769457501     3.7792767302     6.1963372926
C       19.1074016857     3.0780663025     6.9181285093
H       18.3479991690     2.9081328605     7.6926637215
H       20.6840914210     1.7981302913     5.5841692740
C       19.7932675067     1.3575646356     6.0581886287
H       19.5183974106     0.4700016531     5.4678305381
H       20.3532226570     0.9751387326     6.9257610222
H       21.4614251803     3.7918583071     6.8222425362
H       21.1794297254     3.0067959520     8.2546792302
H       21.0993380749     4.7736457303     8.2432906974
Si       16.3886286671     3.4193644126     4.3883462331
O       16.2708456179     5.0101207082     4.7266299750
O       17.9079140481     3.0820632367     3.8577799065
O       15.3458067446     3.0012201156     3.1956266514
O       16.0542148770     2.5863642751     5.7551815507
Si       16.4596465180     6.6045645699     4.3867374763
Si       13.9384239220     2.5653076820     2.4703842573
Si       18.8143523331     2.5396105322     2.5866868666
Si       15.6870785483     1.1449750527     6.4681796036
H       17.8513582925     6.8668866774     3.9023482843
H       15.5158181089     6.9677833661     3.2739828404
H       16.2167688497     7.4889063236     5.5940441019
H       12.7957566306     3.3122650416     3.0511612481
H       13.9459789044     2.8589706029     1.0030851429
H       18.4283690981     3.3215676627     1.3808870812
H       13.6870050166     1.1045919084     2.6717764671
H       18.5194118957     1.0989125606     2.3357199255
H       16.3666217474     0.9234173216     7.7973885949
H       14.2062361311     0.9970122112     6.6827954333
H       20.3069616540     2.6900853944     2.7973619077
H       16.1427674138     0.0797888032     5.5417405246
32
# Point -12 Energy = 0.0
C       20.7842362801     3.8568972961     7.6842864493
H       18.7000437495     3.7671752930     6.1951418460
C       19.1333348311     3.0684522710     6.9179067985
H       18.3744732226     2.8968082271     7.6925742448
H       20.6792881302     1.7965009857     5.5707804122
C       19.7922499358     1.3779498729     6.0704396679
H       19.4650517445     0.5089970408     5.4796180594
H       20.3459566041     0.9670030191     6.9283785561
H       21.4601263491     3.8000342053     6.8176511070
H       21.1773237136     3.0094562900     8.2605403195
H       21.0434522048     4.7734064762     8.2304937657
Si       16.3921724964     3.4185637767     4.3888275098
O       16.2743767833     5.0092355362     4.7275015451
O       17.9105069348     3.0815974658     3.8568824399
O       15.3482382034     3.0008244648     3.1970060351
O       16.0582319377     2.5853308298     5.7554353404
Si       16.4631298845     6.6040509078     4.3877732410
Si       13.9400038909     2.5648524376     2.4727467526
Si       18.8164143800     2.5396070494     2.5854736592
Si       15.6918418170     1.1437718160     6.4683359475
H       17.8545016915     6.8662808462     3.9025294388
H       15.5185484618     6.9674307188     3.2757414685
H       16.2210732368     7.4880407507     5.5954419472
H       12.7978999911     3.3116977566     3.0546704654
H       13.9463847218     2.8587679315     1.0055386968
H       18.4296634100     3.3217010358     1.3799536839
H       13.6889137934     1.1041201107     2.6741798020
H       18.5213663005     1.0988142135     2.3341858287
H       16.3721588859     0.9216308901     7.7970030352
H       14.2110283058     0.9956296706     6.6838816522
H       20.3092030306     2.6898972455     2.7950289562
H       16.1467856773     0.0787755685     5.5412166881
32
# Point -11 Energy = 0.0
C       20.7721472170     3.8424509490     7.6723112843
H       18.7231590472     3.7549655157     6.1937947663
C       19.1593444771     3.0587610680     6.9175068346
H       18.4010063737     2.8853984941     7.6922835310
H       20.6739605123     1.7949811896     5.5577582824
C       19.7918269969     1.3984665406     6.0827529548
H       19.4127396076     0.5504966923     5.4929973404
H       20.3384673266     0.9593586736     6.9306579339
H       21.4584345061     3.8080056031     6.8131398957
H       21.1748666907     3.0121175861     8.2659652099
H       20.9869866948     4.7711545739     8.2166162522
Si       16.3957196726     3.4177399639     4.3893371418
O       16.2779169610     5.0083266305     4.7284055796
O       17.9130996022     3.0810947316     3.8560168825
O       15.3506894641     3.0004231900     3.1983950357
O       16.0622436479     2.5842864266     5.7557225954
Si       16.4666289482     6.6035136894     4.3888462067
Si       13.9416120798     2.5644100399     2.4750935397
Si       18.8184728044     2.5395582002     2.5842939530
Si       15.6965880065     1.1425655980     6.4685350439
H       17.8576619697     6.8656477314     3.9027509183
H       15.5212981432     6.9670609585     3.2775373199
H       16.2253949579     7.4871491363     5.5968783713
H       12.8000703844     3.3111510335     3.0581489512
H       13.9468463331     2.8585870730     1.0079794259
H       18.4309628523     3.3217922926     1.3790536508
H       13.6908328094     1.1036624460     2.6765538335
H       18.5233040596     1.0986732701     2.3326850277
H       16.3776744288     0.9198466838     7.7966624903
H       14.2158025401     0.9942560841     6.6850088325
H       20.3114409864     2.6896505374     2.7927312286
H       16.1507804981     0.0777493973     5.5407450461
32
# Point -10 Energy = 0.0
C       20.7602203366     3.8275724968     7.6601087397
H       18.7462838634     3.7426528341     6.1922962321
C       19.1854191271     3.0489957873     6.9169278769
H       18.4275850384     2.8739072716     7.6917889068
H       20.6681137845     1.7936080573     5.5451349006
C       19.7919905223     1.4191135575     6.0951226554
H       19.3616437900     0.5944843952     5.5079901867
H       20.3307481562     0.9522447105     6.9326159241
H       21.4563258581     3.8157524436     6.8087072928
H       21.1720296451     3.0147564952     8.2709473564
H       20.9300214250     4.7668310924     8.2016485394
Si       16.3992623818     3.4168944802     4.3898728394
O       16.2814584771     5.0073957455     4.7293386597
O       17.9156846775     3.0805557575     3.8551826549
O       15.3531536757     3.0000177045     3.1997904817
O       16.0662406219     2.5832337122     5.7560413561
Si       16.4701368499     6.6029543955     4.3899521268
Si       13.9432420963     2.5639822469     2.4774202099
Si       18.8205213343     2.5394635957     2.5831484189
Si       15.7013066140     1.1413596866     6.4687757031
H       17.8608328281     6.8649880979     3.9030096736
H       15.5240614929     6.9666751449     3.2793649840
H       16.2297262247     7.4862337905     5.5983483296
H       12.8022611530     3.3106275078     3.0615907520
H       13.9473589944     2.8584290096     1.0104027111
H       18.4322625664     3.3218403634     1.3781867400
H       13.6927547044     1.1032209037     2.6788947162
H       18.5252187229     1.0984892609     2.3312188791
H       16.3831565120     0.9180687892     7.7963666219
H       14.2205480681     0.9928953623     6.6861744683
H       20.3136690893     2.6893445771     2.7904707588
H       16.1547419686     0.0767127267     5.5403256643
32
# Point -9 Energy = 0.0
C       20.7484458648     3.8122612502     7.6476834795
H       18.7694100680     3.7302436669     6.1906469960
C       19.2115464813     3.0391602147     6.9161698350
H       18.4541946141     2.8623389622     7.6910881690
H       20.6617551754     1.7924213896     5.5329425404
C       19.7927312599     1.4398905574     6.1075433274
H       19.3119502064     0.6409295370     5.5246097042
H       20.3227931923     0.9457022020     6.9342723785
H       21.4537764964     3.8232532293     6.8043508099
H       21.1687827630     3.0173478040     8.2754807294
H       20.8726416950     4.7603823959     8.1855836023
Si       16.4027924040     3.4160290865     4.3904323589
O       16.2849930611     5.0064449102     4.7302972593
O       17.9182545009     3.0799816047     3.8543794865
O       15.3556237989     2.9996094910     3.2011891166
O       16.0702129274     2.5821756734     5.7563897293
Si       16.4736460516     6.6023747693     4.3910865409
Si       13.9448875063     2.5635707107     2.4797220859
Si       18.8225536598     2.5393231554     2.5820382218
Si       15.7059866033     1.1401577378     6.4690568699
H       17.8640073462     6.8643030481     3.9033026378
H       15.5268323131     6.9662744277     3.2812186534
H       16.2340583030     7.4852973675     5.5998464557
H       12.8044654410     3.3101296656     3.0649894077
H       13.9479181229     2.8582944939     1.0128036364
H       18.4335577772     3.3218443532     1.3773530727
H       13.6946721677     1.1027973639     2.6811984229
H       18.5271039680     1.0982619778     2.3297893081
H       16.3885925508     0.9163018300     7.7961153558
H       14.2252535655     0.9915516777     6.6873759696
H       20.3158808273     2.6889791237     2.7882502987
H       16.1586598874     0.0756683223     5.5399589002
32
# Point -8 Energy = 0.0
C       20.7368138286     3.7965166781     7.6350404027
H       18.7925292431     3.7177454134     6.1888484130
C       19.2377134964     3.0292588220     6.9152333144
H       18.4808195384     2.8506987561     7.6901796289
H       20.6548941862     1.7914637968     5.5212136329
C       19.7940389337     1.4607978904     6.1200099750
H       19.2638458027     0.6897866391     5.5428595717
H       20.3145976414     0.9397741973     6.9356504794
H       21.4507626732     3.8304850161     6.8000669657
H       21.1650956533     3.0198643901     8.2795598158
H       20.8149377909     4.7517608403     8.1684170906
Si       16.4063011640     3.4151457832     4.3910135273
O       16.2885118869     5.0054764101     4.7312777795
O       17.9208011787     3.0793736695     3.8536074371
O       15.3580926589     2.9992000871     3.2025876203
O       16.0741501413     2.5811156123     5.7567659077
Si       16.4771483665     6.6017768012     4.3922448184
Si       13.9465418886     2.5631769581     2.4819942399
Si       18.8245634891     2.5391371173     2.5809650379
Si       15.7106164694     1.1389637449     6.4693776344
H       17.8671780119     6.8635940179     3.9036267707
H       15.5296038959     6.9658600333     3.2830921691
H       16.2383815370     7.4843428430     5.6013671105
H       12.8066762433     3.3096598143     3.0683379747
H       13.9485193498     2.8581840380     1.0151770084
H       18.4348438439     3.3218035561     1.3765531553
H       13.6965780022     1.1023935755     2.6834607535
H       18.5289536655     1.0979914834     2.3283988171
H       16.3939693080     0.9145509318     7.7959088927
H       14.2299072152     0.9902294230     6.6886106720
H       20.3180696651     2.6885544058     2.7860733369
H       16.1625238310     0.0746192544     5.5396454066
32
# Point -7 Energy = 0.0
C       20.7253141653     3.7803384454     7.6221846034
H       18.8156327512     3.7051664381     6.1869024629
C       19.2639064551     3.0192967518     6.9141196545
H       18.5074433591     2.8389926167     7.6890621528
H       20.6475428855     1.7907807828     5.5099806218
C       19.7959023166     1.4818366130     6.1325181028
H       19.2175162697     0.7409952027     5.5627334844
H       20.3061581932     0.9345055299     6.9367769257
H       21.4472611164     3.8374234422     6.7958511876
H       21.1609376192     3.0222772117     8.2831796229
H       20.7570044573     4.7409254085     8.1501473685
Si       16.4097797861     3.4142467907     4.3916142651
O       16.2920056189     5.0044927647     4.7322765839
O       17.9233166407     3.0787336744     3.8528669140
O       15.3605530000     2.9987910684     3.2039826304
O       16.0780414117     2.5800571141     5.7571681878
Si       16.4806349967     6.6011627104     4.3934222062
Si       13.9481988906     2.5628023714     2.4842315132
Si       18.8265446064     2.5389060438     2.5799310656
Si       15.7151843104     1.1377819991     6.4697372393
H       17.8703367565     6.8628627686     3.9039791058
H       15.5323690557     6.9654332485     3.2849790713
H       16.2426853841     7.4833734851     5.6029044379
H       12.8088864586     3.3092200529     3.0716290537
H       13.9491585710     2.8580979049     1.0175173772
H       18.4361163117     3.3217174678     1.3757878959
H       13.6984651885     1.1020111337     2.6856773434
H       18.5307619448     1.0976781172     2.3270504856
H       16.3992729683     0.9128216766     7.7957477132
H       14.2344967788     0.9889331627     6.6898758452
H       20.3202291020     2.6880711334     2.7839441084
H       16.1663232297     0.0735688687     5.5393861297
32
# Point -6 Energy = 0.0
C       20.7139368351     3.7637264497     7.6091213260
H       18.8387118064     3.6925160437     6.1848117655
C       19.2901110431     3.0092797935     6.9128309620
H       18.5340488147     2.8272272561     7.6877351976
H       20.6397162238     1.7904207154     5.4992757620
C       19.7983093148     1.5030084669     6.1450637667
H       19.1731436271     0.7944799086     5.5842148102
H       20.2974734144     0.9299424909     6.9376820291
H       21.4432493784     3.8440428011     6.7916977382
H       21.1562779725     3.0245553443     8.2863356881
H       20.6989402815     4.7278422683     8.1307755065
Si       16.4132191534     3.4133345254     4.3922326092
O       16.2954644651     5.0034967004     4.7332900359
O       17.9257926993     3.0780636559     3.8521586862
O       15.3629975428     2.9983840297     3.2053707629
O       16.0818755260     2.5790040098     5.7575949852
Si       16.4840965763     6.6005349212     4.3946138790
Si       13.9498522850     2.5624481689     2.4864285371
Si       18.8284909306     2.5386308244     2.5789390321
Si       15.7196779036     1.1366170446     6.4701350843
H       17.8734749965     6.8621113741     3.9043567987
H       15.5351201672     6.9649954029     3.2868726562
H       16.2469584578     7.4823928195     5.6044524246
H       12.8110889431     3.3088122427     3.0748548210
H       13.9498319980     2.8580361012     1.0198190595
H       18.4373709620     3.3215857974     1.3750586189
H       13.7003269495     1.1016514582     2.6878436732
H       18.5325232586     1.0973224992     2.3257479648
H       16.4044892212     0.9111200495     7.7956325784
H       14.2390096746     0.9876675792     6.6911687013
H       20.3223527312     2.6875305066     2.7818675980
H       16.1700474463     0.0725207507     5.5391823017
32
# Point -5 Energy = 0.0
C       20.7026719359     3.7466808586     7.5958559155
H       18.8617575469     3.6798044311     6.1825795891
C       19.3163124334     2.9992143515     6.9113701368
H       18.5606179236     2.8154101015     7.6861988414
H       20.6314323422     1.7904346480     5.4891308518
C       19.8012470619     1.5243158494     6.1576436252
H       19.1309037565     0.8501511933     5.6072764979
H       20.2885441353     0.9261323526     6.9383996884
H       21.4387062069     3.8503161643     6.7875996729
H       21.1510863838     3.0266660733     8.2890240937
H       20.6408470011     4.7124852384     8.1103052244
Si       16.4166099702     3.4124115729     4.3928667333
O       16.2988782340     5.0024911192     4.7343145361
O       17.9282211123     3.0773659478     3.8514838944
O       15.3654190424     2.9979805655     3.2067486334
O       16.0856409821     2.5779603341     5.7580448490
Si       16.4875232205     6.5998960368     4.3958149923
Si       13.9514960268     2.5621153860     2.4885797551
Si       18.8303965731     2.5383126758     2.5779921934
Si       15.7240847860     1.1354736284     6.4705707270
H       17.8765836796     6.8613422047     3.9047571768
H       15.5378492077     6.9645478490     3.2887660358
H       16.2511885781     7.4814045904     5.6060049633
H       12.8132765669     3.3084379777     3.0780070635
H       13.9505362067     2.8579983728     1.0220761641
H       18.4386038622     3.3214084772     1.3743670744
H       13.7021568141     1.1013157711     2.6899550762
H       18.5342324460     1.0969255307     2.3244954639
H       16.4096033486     0.9094523781     7.7955645262
H       14.2434330587     0.9864374150     6.6924863997
H       20.3244342994     2.6869342184     2.7798495361
H       16.1736858571     0.0714786866     5.5390354289
32
# Point -4 Energy = 0.0
C       20.6915098174     3.7292021493     7.5823937634
H       18.8847611083     3.6670426505     6.1802098526
C       19.3424953756     2.9891074080     6.9097408922
H       18.5871320801     2.8035492564     7.6844538086
H       20.6227128433     1.7908759666     5.4795768966
C       19.8047020225     1.5457617751     6.1702549878
H       19.0909639784     0.9079062074     5.6318812623
H       20.2793737981     0.9231227381     6.9389672157
H       21.4336119293     3.8562155612     6.7835488338
H       21.1453332610     3.0285750519     8.2912414896
H       20.5828287530     4.6948361498     8.0887427847
Si       16.4199428262     3.4114806580     4.3935149679
O       16.3022363950     5.0014790656     4.7353465599
O       17.9305936451     3.0766431627     3.8508440584
O       15.3678103469     2.9975822483     3.2081128770
O       16.0893260634     2.5769302803     5.7585164734
Si       16.4909045783     6.5992488095     4.3970207362
Si       13.9531243091     2.5618048563     2.4906794459
Si       18.8322558961     2.5379531396     2.5770943306
Si       15.7283923381     1.1343566460     6.4710438814
H       17.8796533344     6.8605579073     3.9051777879
H       15.5405478017     6.9640919416     3.2906522008
H       16.2553628286     7.4804127179     5.6075559184
H       12.8154422704     3.3080985565     3.0810772166
H       13.9512681839     2.8579842014     1.0242826170
H       18.4398114144     3.3211856722     1.3737154447
H       13.7039486801     1.1010050748     2.6920067467
H       18.5358847948     1.0964883939     2.3232977316
H       16.4146003172     0.9078252665     7.7955448632
H       14.2477539098     0.9852474104     6.6938260524
H       20.3264677657     2.6862844562     2.7778963881
H       16.1772279339     0.0704466209     5.5389472747
32
# Point -3 Energy = 0.0
C       20.6804411931     3.7112911517     7.5687402530
H       18.9077136949     3.6542425421     6.1777071208
C       19.3686442888     2.9789664810     6.9079477683
H       18.6135721576     2.7916534545     7.6825014903
H       20.6135829854     1.7917998528     5.4706437098
C       19.8086601040     1.5673498306     6.1828958635
H       19.0534807765     0.9676301373     5.6579820602
H       20.2699687316     0.9209608530     6.9394249969
H       21.4279488338     3.8617122142     6.7795358832
H       21.1389901423     3.0302465299     8.2929851191
H       20.5249912840     4.6748850911     8.0660968376
Si       16.4232082616     3.4105446142     4.3941758174
O       16.3055281417     5.0004636909     4.7363826938
O       17.9329021347     3.0758981703     3.8502410799
O       15.3701644561     2.9971906082     3.2094601682
O       16.0929189153     2.5759181520     5.7590087075
Si       16.4942298893     6.5985961102     4.3982263892
Si       13.9547316187     2.5615171947     2.4927217464
Si       18.8340635684     2.5375540775     2.5762497404
Si       15.7325878687     1.1332710855     6.4715544129
H       17.8826741234     6.8597613842     3.9056164478
H       15.5432072688     6.9636290170     3.2925240845
H       16.2594676178     7.4794212527     5.6090991914
H       12.8175791214     3.3077949547     3.0840564030
H       13.9520253723     2.8579928036     1.0264321888
H       18.4409904008     3.3209177874     1.3731063467
H       13.7056968749     1.1007201324     2.6939937483
H       18.5374760993     1.0960125492     2.3221600326
H       16.4194648727     0.9062455260     7.7955751537
H       14.2519591164     0.9841022412     6.6951847271
H       20.3284473595     2.6855838986     2.7760153376
H       16.1806633260     0.0694286112     5.5389198401
32
# Point -2 Energy = 0.0
C       20.6694572480     3.6929490939     7.5549007009
H       18.9306066483     3.6414166684     6.1750765927
C       19.3947433583     2.9687995789     6.9059961381
H       18.6399186158     2.7797320105     7.6803439588
H       20.6040717648     1.7932625704     5.4623594677
C       19.8131067741     1.5890841232     6.1955650065
H       19.0185977758     1.0291978435     5.6855228526
H       20.2603383181     0.9196926057     6.9398159800
H       21.4217015344     3.8667768286     6.7755503760
H       21.1320300916     3.0316436526     8.2942528468
H       20.4674411469     4.6526305322     8.0423782229
Si       16.4263968333     3.4096063512     4.3948479762
O       16.3087424569     4.9994482171     4.7374196713
O       17.9351385515     3.0751340743     3.8496772424
O       15.3724745789     2.9968071117     3.2107872387
O       16.0964076231     2.5749283151     5.7595205634
Si       16.4974880420     6.5979408965     4.3994273713
Si       13.9563127886     2.5612527811     2.4947006758
Si       18.8358146192     2.5371176657     2.5754632219
Si       15.7366587006     1.1322219696     6.4721023318
H       17.8856358979     6.8589557695     3.9060712862
H       15.5458186736     6.9631603714     3.2943746270
H       16.2634887460     7.4784343302     5.6106287866
H       12.8196803707     3.3075277998     3.0869354747
H       13.9528057105     2.8580231318     1.0285185220
H       18.4421380270     3.3206054756     1.3725428306
H       13.7073962128     1.1004614479     2.6959110216
H       18.5390027153     1.0954997313     2.3210881184
H       16.4241816368     0.9047201037     7.7956572042
H       14.2560355632     0.9830064555     6.6965594494
H       20.3303676357     2.6848357102     2.7742142634
H       16.1839819404     0.0684287828     5.5389553403
32
# Point -1 Energy = 0.0
C       20.6585497395     3.6741776491     7.5408802997
H       18.9534315124     3.6285782371     6.1723240830
C       19.4207766325     2.9586151515     6.9038922061
H       18.6661516118     2.7677947656     7.6779839752
H       20.5942118531     1.7953206069     5.4547502436
C       19.8180271834     1.6109692227     6.2082619587
H       18.9864440776     1.0924757475     5.7144396306
H       20.2504950253     0.9193616684     6.9401850057
H       21.4148573021     3.8713799248     6.7715808676
H       21.1244280781     3.0327288225     8.2950431806
H       20.4102849088     4.6280793206     8.0175997323
Si       16.4294991784     3.4086688228     4.3955303408
O       16.3118681786     4.9984359003     4.7384544050
O       17.9372950596     3.0743541878     3.8491552065
O       15.3747341869     2.9964331423     3.2120908952
O       16.0997802881     2.5739651486     5.7600512204
Si       16.5006676364     6.5972861802     4.4006192944
Si       13.9578630465     2.5610117473     2.4966101594
Si       18.8375044866     2.5366463852     2.5747400577
Si       15.7405922536     1.1312142990     6.4726877838
H       17.8885282554     6.8581444037     3.9065407880
H       15.5483728768     6.9626872411     3.2961968385
H       16.2674114771     7.4774561235     5.6121388743
H       12.8217395055     3.3072973504     3.0897050556
H       13.9536076686     2.8580738784     1.0305351592
H       18.4432519595     3.3202496411     1.3720283741
H       13.7090420469     1.1002292513     2.6977533923
H       18.5404616079     1.0949519432     2.3200881939
H       16.4287352020     0.9032560099     7.7957930453
H       14.2599702170     0.9819644122     6.6979472047
H       20.3322235258     2.6840435317     2.7725017098
H       16.1871740178     0.0674512832     5.5390561780
32
# Point 0 Energy = 0
C       20.6477110000     3.6549790000     7.5266840000
H       18.9761800000     3.6157410000     6.1694560000
C       19.4467280000     2.9484220000     6.9016430000
H       18.6922510000     2.7558520000     7.6754250000
H       20.5840390000     1.7980300000     5.4478400000
C       19.8234060000     1.6330100000     6.2209870000
H       18.9571360000     1.1573250000     5.7446630000
H       20.2404540000     0.9200090000     6.9405780000
H       21.4074060000     3.8754920000     6.7676150000
H       21.1161610000     3.0334640000     8.2953550000
H       20.3536290000     4.6012450000     7.9917750000
Si       16.4325060000     3.4077350000     4.3962220000
O       16.3148940000     4.9974300000     4.7394840000
O       17.9393640000     3.0735620000     3.8486780000
O       15.3769370000     2.9960700000     3.2133680000
O       16.1030250000     2.5730330000     5.7606000000
Si       16.5037570000     6.5966350000     4.4017980000
Si       13.9593780000     2.5607940000     2.4984440000
Si       18.8391290000     2.5361430000     2.5740860000
Si       15.7443760000     1.1302530000     6.4733110000
H       17.8913405600     6.8573308000     3.9070238400
H       15.5508605600     6.9622108000     3.2979838400
H       16.2712205600     7.4764908000     5.6136238400
H       12.8237502400     3.3071035200     3.0923555200
H       13.9544302400     2.8581435200     1.0324755200
H       18.4443303200     3.3198514400     1.3715668800
H       13.7106302400     1.1000235200     2.6995155200
H       18.5418503200     1.0943714400     2.3191668800
H       16.4331100800     0.9018602400     7.7959848800
H       14.2637500800     0.9809802400     6.6993448800
H       20.3340103200     2.6832114400     2.7708868800
H       16.1902300800     0.0665002400     5.5392248800
32
# Point 1 Energy = 0.0
C       20.6369336208     3.6353576331     7.5123159870
H       18.9988429753     3.6029175686     6.1664790872
C       19.4725816886     2.9382291645     6.8992565714
H       18.7181971321     2.7439140253     7.6726716109
H       20.5735909448     1.8014330992     5.4416452979
C       19.8292293703     1.6552114434     6.2337426217
H       18.9307656990     1.2236026410     5.7761188848
H       20.2302338686     0.9216619156     6.9410342167
H       21.3993430999     3.8790908015     6.7636430727
H       21.1072122848     3.0338195186     8.2951901786
H       20.2975729098     4.5721534181     7.9649187435
Si       16.4354084881     3.4068079733     4.3969224760
O       16.3178088761     4.9964338605     4.7405060836
O       17.9413383150     3.0727613076     3.8482492408
O       15.3790774402     2.9957190088     3.2146156787
O       16.1061302438     2.5721362019     5.7611665516
Si       16.5067445823     6.5959905232     4.4029599795
Si       13.9608541154     2.5605993029     2.5001960437
Si       18.8406848063     2.5356107589     2.5735074638
Si       15.7479978639     1.1293428974     6.4739723893
H       17.8940623381     6.8565187855     3.9075201693
H       15.5532726189     6.9617323157     3.2997292996
H       16.2749006119     7.4755425550     5.6150787552
H       12.8257069572     3.3069458973     3.0948771690
H       13.9552734331     2.8582304533     1.0343330768
H       18.4453721136     3.3194125485     1.3711629112
H       13.7121576929     1.0998440450     2.7011920058
H       18.5431673999     1.0937609455     2.3183313258
H       16.4372910879     0.9005396644     7.7962351698
H       14.2673625849     0.9800577950     6.7007493318
H       20.3357240959     2.6823441399     2.7693798406
H       16.1931413404     0.0655797916     5.5394641254
32
# Point 2 Energy = 0.0
C       20.6262109270     3.6153184798     7.4977800427
H       19.0214115668     3.5901208036     6.1634005698
C       19.4983219873     2.9280458259     6.8967416407
H       18.7439703621     2.7319913470     7.6697289924
H       20.5629061615     1.8055707503     5.4361810009
C       19.8354829800     1.6775785315     6.2465318015
H       18.9074155185     1.2911657579     5.8087321644
H       20.2198541507     0.9243451082     6.9415921695
H       21.3906659509     3.8821544978     6.7596547712
H       21.0975669287     3.0337660859     8.2945503286
H       20.2422155396     4.5408341177     7.9370450401
Si       16.4381980086     3.4058907656     4.3976314657
O       16.3206017779     4.9954507372     4.7415185080
O       17.9432112027     3.0719559804     3.8478728266
O       15.3811502326     2.9953813797     3.2158311281
O       16.1090846384     2.5712789394     5.7617506363
Si       16.5096187439     6.5953558569     4.4041020251
Si       13.9622882570     2.5604272143     2.5018600747
Si       18.8421689571     2.5350531068     2.5730111955
Si       15.7514459615     1.1284886139     6.4746723882
H       17.8966830506     6.8557122565     3.9080299276
H       15.5555999175     6.9612529584     3.3014271176
H       16.2784359882     7.4746154615     5.6164990113
H       12.8276043275     3.3068237530     3.0972601808
H       13.9561377451     2.8583329211     1.0361012513
H       18.4463767839     3.3189348503     1.3708213572
H       13.7136218109     1.0996903844     2.7027773122
H       18.5444119435     1.0931233630     2.3175889289
H       16.4412631494     0.8993009576     7.7965464540
H       14.2707953463     0.9792006017     6.7021573155
H       20.3373613142     2.6814466467     2.7679911221
H       16.1958993701     0.0646939462     5.5397766114
32
# Point 3 Energy = 0.0
C       20.6155379099     3.5948652190     7.4830804237
H       19.0438787761     3.5773655452     6.1602283528
C       19.5239335542     2.9178816589     6.8941074241
H       18.7695510088     2.7200952758     7.6666024884
H       20.5520275136     1.8104919044     5.4314616214
C       19.8421521771     1.7001170484     6.2593573745
H       18.8871483624     1.3598638899     5.8424182274
H       20.2093364069     0.9280864993     6.9422962221
H       21.3813738290     3.8846564582     6.7556361656
H       21.0872098854     3.0332674507     8.2934363238
H       20.1876574205     4.5073258041     7.9081728790
Si       16.4408661899     3.4049862086     4.3983487395
O       16.3232617360     4.9944836905     4.7425191503
O       17.9449761754     3.0711498801     3.8475527191
O       15.3831503772     2.9950580152     3.2170116380
O       16.1118772004     2.5704652140     5.7623521232
Si       16.5123676962     6.5947339275     4.4052209031
Si       13.9636775931     2.5602768362     2.5034299974
Si       18.8435788823     2.5344735635     2.5726040138
Si       15.7547090113     1.1276945717     6.4754116042
H       17.8991919787     6.8549150877     3.9085532211
H       15.5578331101     6.9607735614     3.3030711591
H       16.2818107906     7.4737134235     5.6178799549
H       12.8294372613     3.3067358008     3.0994948724
H       13.9570239164     2.8584486901     1.0377735815
H       18.4473440369     3.3184202108     1.3705471554
H       13.7150204513     1.0995616178     2.7042660403
H       18.5455836241     1.0924616211     2.3169472023
H       16.4450118475     0.8981507389     7.7969214449
H       14.2740365990     0.9784117928     6.7035657856
H       20.3389188048     2.6805242608     2.7667313171
H       16.1984964739     0.0638465332     5.5401652340
32
# Point 4 Energy = 0.0
C       20.6049104932     3.5740020642     7.4682208782
H       19.0662380070     3.5646667474     6.1569707404
C       19.5494012836     2.9077463875     6.8913637900
H       18.7949195673     2.7082372385     7.6632980265
H       20.5409988661     1.8162419988     5.4274985947
C       19.8492222830     1.7228327139     6.2722229080
H       18.8700132205     1.4295493949     5.8770929182
H       20.1987032877     0.9329089954     6.9431886669
H       21.3714690981     3.8865712398     6.7515728911
H       21.0761288991     3.0322884290     8.2918491806
H       20.1339964206     4.4716723184     7.8783209424
Si       16.4434049467     3.4040970104     4.3990742566
O       16.3257779211     4.9935356282     4.7435061604
O       17.9466270997     3.0703468907     3.8472931397
O       15.3850732648     2.9947496768     3.2181545959
O       16.1144972121     2.5696987961     5.7629709935
Si       16.5149796864     6.5941275439     4.4063137591
Si       13.9650197640     2.5601470571     2.5048996989
Si       18.8449124890     2.5338758180     2.5722930223
Si       15.7577760622     1.1269648941     6.4761906482
H       17.9015784546     6.8541311708     3.9090906393
H       15.5599629267     6.9602948294     3.3046556257
H       16.2850090098     7.4728401416     5.6192173523
H       12.8312010466     3.3066804207     3.1015715186
H       13.9579332240     2.8585753960     1.0393436082
H       18.4482740721     3.3178707023     1.3703455479
H       13.7163520471     1.0994565805     2.7056526705
H       18.5466827252     1.0917788072     2.3164138362
H       16.4485230323     0.8970953053     7.7973628893
H       14.2770749021     0.9776940725     6.7049715952
H       20.3403938567     2.6795825575     2.7656114118
H       16.2009254305     0.0630411730     5.5406328534
32
# Point 5 Energy = 0.0
C       20.5943256009     3.5527338071     7.4532046758
H       19.0884831259     3.5520394036     6.1536363813
C       19.5747104392     2.8976497804     6.8885212206
H       18.8200568553     2.6964287667     7.6598220843
H       20.5298648139     1.8228620954     5.4242998220
C       19.8566789281     1.7457312138     6.2851328286
H       18.8560436179     1.5000769105     5.9126722569
H       20.1879782750     0.9388297601     6.9443090622
H       21.3609575059     3.8878751061     6.7474503553
H       21.0643148915     3.0307954500     8.2897902895
H       20.0813271425     4.4339237774     7.8475083226
Si       16.4458065501     3.4032257508     4.3998081719
O       16.3281397274     4.9926093011     4.7444779721
O       17.9481582532     3.0695509096     3.8470985421
O       15.3869147195     2.9944569865     3.2192575168
O       16.1169343162     2.5689832203     5.7636073535
Si       16.5174430795     6.5935393921     4.4073781259
Si       13.9663129087     2.5600365604     2.5062631078
Si       18.8461681873     2.5332637172     2.5720855640
Si       15.7606365967     1.1263034033     6.4770101539
H       17.9038319337     6.8533644050     3.9096432339
H       15.5619802325     6.9598173380     3.3061750846
H       16.2880146375     7.4719991076     5.6205074025
H       12.8328913920     3.3066556704     3.1034804357
H       13.9588674782     2.8587105528     1.0408049350
H       18.4491675852     3.3172885946     1.3702220464
H       13.7176156317     1.0993738724     2.7069316249
H       18.5477101550     1.0910781580     2.3159966584
H       16.4517829523     0.8961406254     7.7978735720
H       14.2798992471     0.9770497194     6.7063715475
H       20.3417842491     2.6786273707     2.7646427079
H       16.2031795708     0.0622812734     5.5411823038
32
# Point 6 Energy = 0.0
C       20.5837811828     3.5310658249     7.4380345557
H       19.1106084697     3.5394984230     6.1502342021
C       19.5998467150     2.8876015739     6.8855907458
H       18.8449440993     2.6846814165     7.6561816393
H       20.5186699389     1.8303884520     5.4218697644
C       19.8645081312     1.7688180985     6.2980924095
H       18.8452587736     1.5713044389     5.9490736845
H       20.1771850802     0.9458601651     6.9456936078
H       21.3498480867     3.8885462891     6.7432538672
H       21.0517619835     3.0287569432     8.2872613054
H       20.0297406597     4.3941359999     7.8157543085
Si       16.4480636486     3.4023748615     4.4005508215
O       16.3303368225     4.9917072814     4.7454333023
O       17.9495643306     3.0687658101     3.8469735732
O       15.3886709969     2.9941804319     3.2203180436
O       16.1191785459     2.5683217595     5.7642614175
Si       16.5197464277     6.5929720140     4.4084119329
Si       13.9675556472     2.5599438542     2.5075142141
Si       18.8473448680     2.5326412259     2.5719891645
Si       15.7632805506     1.1257135928     6.4778707542
H       17.9059420589     6.8526186596     3.9102125083
H       15.5638760865     6.9593415344     3.3076244970
H       16.2908117679     7.4711935760     5.6217467561
H       12.8345044303     3.3066593265     3.1052120247
H       13.9598289865     2.8588515956     1.0421512535
H       18.4500257397     3.3166763312     1.3701823881
H       13.7188108034     1.0993118894     2.7080972789
H       18.5486673988     1.0903630265     2.3157035703
H       16.4547782897     0.8952922919     7.7984562783
H       14.2824990794     0.9764805780     6.7077623931
H       20.3430882332     2.6776647305     2.7638367431
H       16.2052527668     0.0615700041     5.5418163545
32
# Point 7 Energy = 0.0
C       20.5732762258     3.5090040777     7.4227126784
H       19.1326088449     3.5270585051     6.1467733354
C       19.6247962850     2.8776113923     6.8825838696
H       18.8695630107     2.6730066868     7.6523841131
H       20.5074581112     1.8388523007     5.4202096547
C       19.8726963681     1.7920986794     6.3111077472
H       18.8376649549     1.6430940990     5.9862171331
H       20.1663470816     0.9540059495     6.9473746843
H       21.3381530023     3.8885651968     6.7389687388
H       21.0384674554     3.0261436713     8.2842640164
H       19.9793243456     4.3523699152     7.7830782143
Si       16.4501692810     3.4015466094     4.4013027048
O       16.3323591938     4.9908319447     4.7463711439
O       17.9508404414     3.0679954044     3.8469230281
O       15.3903387725     2.9939203732     3.2213339447
O       16.1212203454     2.5677174035     5.7649334874
Si       16.5218785368     6.5924277883     4.4094135065
Si       13.9687470517     2.5598673070     2.5086470885
Si       18.8484418700     2.5320123844     2.5720114702
Si       15.7656983202     1.1251986087     6.4787730563
H       17.9078987226     6.8518977363     3.9108003977
H       15.5656417970     6.9588677414     3.3089992376
H       16.2933846988     7.4704265409     5.6229325238
H       12.8360367132     3.3066889343     3.1067568127
H       13.9608205060     2.8589959260     1.0433763661
H       18.4508501286     3.3160365006     1.3702324878
H       13.7199376756     1.0992688620     2.7091439745
H       18.5495564585     1.0896368458     2.3155424816
H       16.4574961843     0.8945554816     7.7991137546
H       14.2848643086     0.9759880620     6.7091408288
H       20.3443045039     2.6767007951     2.7632052064
H       16.2071394049     0.0609102764     5.5425376728
32
# Point 8 Energy = 0.0
C       20.5628107518     3.4865551000     7.4072405858
H       19.1544795165     3.5147340182     6.1432630467
C       19.6495458435     2.8676886714     6.8795124900
H       18.8938958537     2.6614159415     7.6484373089
H       20.4962718730     1.8482798187     5.4193178035
C       19.8812306261     1.8155779271     6.3241857297
H       18.8332569281     1.7153125538     6.0240258992
H       20.1554868338     0.9632675547     6.9493805647
H       21.3258873330     3.8879145645     6.7345803603
H       21.0244316507     3.0229290013     8.2808001956
H       19.9301617851     4.3086909714     7.7494992570
Si       16.4521168818     3.4007430826     4.4020644622
O       16.3341971875     4.9899854569     4.7472907533
O       17.9519820977     3.0672434069     3.8469518027
O       15.3919151214     2.9936770553     3.2223031099
O       16.1230505818     2.5671728449     5.7656239307
Si       16.5238285292     6.5919089153     4.4103815625
Si       13.9698866092     2.5598051871     2.5096559001
Si       18.8494589368     2.5313812628     2.5721601860
Si       15.7678807593     1.1247612369     6.4797176181
H       17.9096921243     6.8512053322     3.9114092404
H       15.5672689752     6.9583961643     3.3102951054
H       16.2957180302     7.4697007178     5.6240622744
H       12.8374851988     3.3067418628     3.1081054923
H       13.9618451874     2.8591409596     1.0444742079
H       18.4516427260     3.3153718039     1.3703783862
H       13.7209968170     1.0992428979     2.7100660344
H       18.5503797787     1.0889030905     2.3155212455
H       16.4599242470     0.8939349250     7.7998486708
H       14.2869853073     0.9755731666     6.7105034968
H       20.3454321602     2.6757417786     2.7627598505
H       16.2088343481     0.0603047295     5.5433487885
32
# Point 9 Energy = 0.0
C       20.5523858030     3.4637259875     7.3916191684
H       19.1762161894     3.5025388826     6.1397126602
C       19.6740826362     2.8578425862     6.8763888158
H       18.9179255026     2.6499203354     7.6443493452
H       20.4851519313     1.8586922657     5.4191899761
C       19.8900984488     1.8392603751     6.3373339981
H       18.8320194181     1.7878311503     6.0624273160
H       20.1446256741     0.9736405963     6.9517352935
H       21.3130688301     3.8865795505     6.7300742460
H       21.0096578338     3.0190891131     8.2768714430
H       19.8823327553     4.2631685624     7.7150364878
Si       16.4539002791     3.3999661816     4.4028368510
O       16.3358415417     4.9891697653     4.7481916313
O       17.9529851962     3.0665134005     3.8470648451
O       15.3933974912     2.9934506203     3.2232235440
O       16.1246605494     2.5666904706     5.7663331578
Si       16.5255859011     6.5914174053     4.4113151887
Si       13.9709741773     2.5597557033     2.5105349333
Si       18.8503961665     2.5307519153     2.5724430116
Si       15.7698191680     1.1244038997     6.4807049259
H       17.9113128232     6.8505450055     3.9120417388
H       15.5687495815     6.9579269000     3.3115083244
H       16.2977967579     7.4690185325     5.6251340225
H       12.8388472321     3.3068153638     3.1092489580
H       13.9629065125     2.8592841723     1.0454388670
H       18.4524058330     3.3146850205     1.3706261969
H       13.7219891843     1.0992320262     2.7108577787
H       18.5511401662     1.0881652374     2.3156475964
H       16.4620505640     0.8934348852     7.8006635839
H       14.2888529031     0.9752364899     6.7118469862
H       20.3464706602     2.6747938781     2.7625124047
H       16.2103328888     0.0597557216     5.5442520632
32
# Point 10 Energy = 0.0
C       20.5420034168     3.4405243820     7.3758486440
H       19.1978149828     3.4904864643     6.1361314865
C       19.6983944825     2.8480819871     6.8732252816
H       18.9416354917     2.6385307498     7.6401285875
H       20.4741367714     1.8701062504     5.4198198117
C       19.8992879677     1.8631500318     6.3505609020
H       18.8339285068     1.8605258199     6.1013532323
H       20.1337834364     0.9851164287     6.9544587158
H       21.2997176425     3.8845477828     6.7254360566
H       20.9941520135     3.0146031467     8.2724790244
H       19.8359132609     4.2158754837     7.6797087770
Si       16.4555136865     3.3992176135     4.4036207195
O       16.3372834133     4.9883865941     4.7490735000
O       17.9538459928     3.0658088058     3.8472671065
O       15.3947836703     2.9932411227     3.2240933596
O       16.1260419678     2.5662723603     5.7670615987
Si       16.5271405726     6.5909550717     4.4122138198
Si       13.9720099352     2.5597170453     2.5112786037
Si       18.8512539567     2.5301283361     2.5728675791
Si       15.7715052755     1.1241286596     6.4817353748
H       17.9127517830     6.8499201447     3.9127009137
H       15.5700759676     6.9574599476     3.3126355354
H       16.2996063585     7.4683821149     5.6261462061
H       12.8401205209     3.3069066308     3.1101783399
H       13.9640082274     2.8594231425     1.0462646035
H       18.4531420186     3.3139789720     1.3709820526
H       13.7229160509     1.0992342424     2.7115135427
H       18.5518407050     1.0874267271     2.3159290920
H       16.4638636952     0.8930591482     7.8015609058
H       14.2904583635     0.9749782625     6.7131678356
H       20.3474197683     2.6738632030     2.7624744883
H       16.2116306974     0.0592653280     5.5452496634
32
# Point 11 Energy = 0.0
C       20.5316665907     3.4169584563     7.3599285462
H       19.2192723995     3.4785894816     6.1325287529
C       19.7224697902     2.8384153461     6.8700344622
H       18.9650100562     2.6272577363     7.6357835795
H       20.4632623928     1.8825340859     5.4211992599
C       19.9087879263     1.8872503040     6.3638754508
H       18.8389529172     1.9332767957     6.1407403151
H       20.1229782736     0.9976827608     6.9575666336
H       21.2858560302     3.8818093617     6.7206515985
H       20.9779227427     3.0094532920     8.2676237136
H       19.7909756113     4.1668874262     7.6435348524
Si       16.4569516907     3.3984988904     4.4044169797
O       16.3385143979     4.9876374446     4.7499362743
O       17.9545610748     3.0651328550     3.8475634923
O       15.3960717529     2.9930485442     3.2249107685
O       16.1271869755     2.5659202916     5.7678096802
Si       16.5284829297     6.5905235267     4.4130772048
Si       13.9729943332     2.5596874219     2.5118814732
Si       18.8520329465     2.5295144174     2.5734413943
Si       15.7729312196     1.1239372303     6.4828092521
H       17.9140004097     6.8493339418     3.9133900500
H       15.5712409088     6.9569952198     3.3136737786
H       16.3011328654     7.4677933007     5.6270976534
H       12.8413031083     3.3070128553     3.1108850339
H       13.9651542755     2.8595555888     1.0469458668
H       18.4538540578     3.3132564867     1.3714520525
H       13.7237789349     1.0992475499     2.7120276972
H       18.5524846702     1.0866909274     2.3163730603
H       16.4653526682     0.8928110234     7.8025428741
H       14.2917933790     0.9747983828     6.7144625402
H       20.3482795019     2.6729557097     2.7626575282
H       16.2127237690     0.0588353451     5.5463435406
32
# Point 12 Energy = 0.0
C       20.5213792421     3.3930369003     7.3438577256
H       19.2405852930     3.4668599257     6.1289135393
C       19.7462975644     2.8288507146     6.8668289896
H       18.9880341667     2.6161114744     7.6313229752
H       20.4525621606     1.8959841972     5.4233190126
C       19.9185876942     1.9115639337     6.3772872627
H       18.8470551475     2.0059682015     6.1805301973
H       20.1122265837     1.0113242852     6.9610710620
H       21.2715080762     3.8783568254     6.7157068071
H       20.9609809048     3.0036248274     8.2623056429
H       19.7475885256     4.1162825126     7.6065333868
Si       16.4582092364     3.3978113317     4.4052265806
O       16.3395265437     4.9869235999     4.7507800307
O       17.9551273300     3.0644885712     3.8479588166
O       15.3972601020     2.9928728082     3.2256740738
O       16.1280881211     2.5656357502     5.7685778049
Si       16.5296038585     6.5901241825     4.4139053677
Si       13.9739280420     2.5596650942     2.5123382650
Si       18.8527339590     2.5289139125     2.5741717802
Si       15.7740895259     1.1238309947     6.4839267252
H       17.9150505794     6.8487893713     3.9141126383
H       15.5722376301     6.9565325543     3.3146204687
H       16.3023629327     7.4672536373     5.6279875429
H       12.8423933440     3.3071312782     3.1113607296
H       13.9663487301     2.8596794002     1.0474773118
H       18.4545448700     3.3125203640     1.3720422108
H       13.7245795300     1.0992699987     2.7123946712
H       18.5530754448     1.0859611000     2.3169865537
H       16.4665069708     0.8926933543     7.8036115295
H       14.2928500443     0.9746964572     6.7157275594
H       20.3490500753     2.6720771422     2.7630726808
H       16.2136083712     0.0584672993     5.5475354174
32
# Point 13 Energy = 0.0
C       20.5111461625     3.3687689081     7.3276343614
H       19.2617508327     3.4553089981     6.1252947181
C       19.7698674120     2.8193956949     6.8636214724
H       19.0106935588     2.6051017390     7.6267554725
H       20.4420667563     1.9104615454     5.4261689143
C       19.9286772745     1.9360929490     6.3908065103
H       18.8581924350     2.0784875655     6.2206694919
H       20.1015430243     1.0260232909     6.9649805580
H       21.2566994050     3.8741850865     6.7105877178
H       20.9433394984     2.9971061138     8.2565241685
H       19.7058172540     4.0641408781     7.5687231311
Si       16.4592816093     3.3971560692     4.4060504812
O       16.3403123604     4.9862461326     4.7516049734
O       17.9555419160     3.0638787524     3.8484577575
O       15.3983473143     2.9927137940     3.2263816613
O       16.1287383526     2.5654199460     5.7693663313
Si       16.5304947696     6.5897582546     4.4146985629
Si       13.9748119041     2.5596484045     2.5126438776
Si       18.8533579452     2.5283304028     2.5750658266
Si       15.7749730874     1.1238110283     6.4850878328
H       17.9158946592     6.8482891745     3.9148723105
H       15.5730598228     6.9560717252     3.3154733622
H       16.3032838888     7.4667643960     5.6288153548
H       12.8433898553     3.3072592353     3.1115974343
H       13.9675957312     2.8597926580     1.0478538152
H       18.4552174581     3.3117733427     1.3727584091
H       13.7253196409     1.0992997171     2.7126089767
H       18.5536164417     1.0852403710     2.3177763099
H       16.4673165436     0.8927085397     7.8047686965
H       14.2936208418     0.9746718432     6.7169593296
H       20.3497318467     2.6712329822     2.7637307601
H       16.2142809977     0.0581624616     5.5488267801
32
# Point 14 Energy = 0.0
C       20.5009729706     3.3441641675     7.3112559848
H       19.2827664707     3.4439470648     6.1216809004
C       19.7931695430     2.8100574236     6.8604244187
H       19.0329747582     2.5942378820     7.6220897501
H       20.4318042128     1.9259680448     5.4297383388
C       19.9390473046     1.9608386294     6.4044438661
H       18.8723175451     2.1507253043     6.2611096980
H       20.0909406008     1.0417602363     6.9693005964
H       21.2414569177     3.8692913448     6.7052804289
H       20.9250134273     2.9898885506     8.2502777526
H       19.6657237068     4.0105442946     7.5301230862
Si       16.4601644176     3.3965340555     4.4068896253
O       16.3408648229     4.9856059166     4.7524113986
O       17.9558022295     3.0633059618     3.8490648173
O       15.3993321850     2.9925713480     3.2270319925
O       16.1291310078     2.5652738327     5.7701755568
Si       16.5311476159     6.5894267688     4.4154572266
Si       13.9756468886     2.5596357988     2.5127933992
Si       18.8539059314     2.5277672711     2.5761303432
Si       15.7755751478     1.1238781271     6.4862924808
H       17.9165255177     6.8478358487     3.9156727728
H       15.5737016538     6.9556124522     3.3162305199
H       16.3038837775     7.4663265882     5.6295808176
H       12.8442915189     3.3073941945     3.1115874959
H       13.9688994244     2.8598936499     1.0480704894
H       18.4558748498     3.3110180700     1.3736063507
H       13.7260011253     1.0993349388     2.7126652353
H       18.5541110321     1.0845317057     2.3187487191
H       16.4677717756     0.8928585616     7.8060159708
H       14.2940986278     0.9747236939     6.7181542784
H       20.3503252661     2.6704284077     2.7646421710
H       16.2147383267     0.0579218657     5.5502188774
32
# Point 15 Energy = 0.0
C       20.4908660656     3.3192328493     7.2947195117
H       19.3036299098     3.4327836262     6.1180803890
C       19.8161947703     2.8008425675     6.8572501639
H       19.0548651026     2.5835288244     7.6173344073
H       20.4218000132     1.9425029515     5.4340165257
C       19.9496890521     1.9858014853     6.4182104466
H       18.8893793881     2.2225742134     6.3018070188
H       20.0804308118     1.0585142683     6.9740339697
H       21.2258085473     3.8636749843     6.6997710616
H       20.9060193022     2.9819665011     8.2435638656
H       19.6273665827     3.9555758353     7.4907527059
Si       16.4608535756     3.3959460743     4.4077449173
O       16.3411773714     4.9850036399     4.7531996581
O       17.9559058777     3.0627725227     3.8497842847
O       15.4002136763     2.9924452947     3.2276235972
O       16.1292598049     2.5651981312     5.7710057020
Si       16.5315549015     6.5891305706     4.4161819259
Si       13.9764340496     2.5596258428     2.5127821225
Si       18.8543789704     2.5272276800     2.5773718184
Si       15.7758892883     1.1240328389     6.4875404418
H       17.9169365299     6.8474316423     3.9165177381
H       15.5741577675     6.9551544101     3.3168902651
H       16.3041513892     7.4659409852     5.6302838502
H       12.8450974340     3.3075337853     3.1113236230
H       13.9702639064     2.8599808757     1.0481226977
H       18.4565200433     3.3102570747     1.3745915190
H       13.7266258437     1.0993740225     2.7125582069
H       18.5545624824     1.0838378880     2.3199097983
H       16.4678635028     0.8931450211     7.8073547110
H       14.2942766230     0.9748510028     6.7193088422
H       20.3508308281     2.6696682614     2.7658168495
H       16.2149771884     0.0577463290     5.5517127250
