32
# Point -15 Energy = 0.0
C       20.6507136197     3.6135525598     7.4443339287
H       18.9587598227     3.6108573926     6.1120498997
C       19.4267943147     2.9327453230     6.8352385605
H       18.6834089519     2.7522864530     7.6233046386
H       20.5277059935     1.7572669904     5.3720460423
C       19.7683025885     1.6086612065     6.1501694548
H       18.8837490669     1.1462931135     5.6877814547
H       20.1739875736     0.8813519532     6.8614672446
H       21.4027078397     3.8216321252     6.6747893554
H       21.1165236540     2.9843747765     8.2082635400
H       20.3776553503     4.5652193570     7.9101183129
Si       16.3837955743     3.4445078959     4.3640257050
O       16.3811346963     5.0224705343     4.6952674161
O       17.8528722209     3.1887019219     3.7459267517
O       15.2893187461     2.9872555395     3.2839888622
O       16.0153772778     2.6170050498     5.7054449622
Si       16.3447920448     6.6399229141     4.5102319865
Si       14.0714407238     2.6663478050     2.2865119110
Si       18.8616871079     2.3125827448     2.8176597186
Si       15.8024428723     1.2326581993     6.5493206135
H       17.9954102636     6.7881930449     3.9688458804
H       15.6481032868     7.1012913285     3.4337687579
H       16.4360779867     7.4411456922     5.7017660045
H       12.8084244282     2.9539816087     2.9787697492
H       14.0579956484     2.5709320260     1.1002732436
H       18.4741869733     3.5020069342     1.4471015348
H       13.9585934668     0.9412530702     2.9690157330
H       18.6822381703     1.2403904093     2.4178813860
H       16.3520413991     0.9934393210     7.7881820065
H       14.1747928376     1.1236146783     6.6979253786
H       20.2572175280     2.9071031925     2.8181023774
H       16.0497285717     0.1242568386     5.5675929494
32
# Point -14 Energy = 0.0
C       20.6522000181     3.6188268478     7.4525934376
H       18.9614991508     3.6118644892     6.1187366986
C       19.4304523034     2.9349959788     6.8425379844
H       18.6865456795     2.7530210326     7.6297132173
H       20.5349304079     1.7622193457     5.3799621903
C       19.7756330612     1.6117817242     6.1578069412
H       18.8927350857     1.1475778336     5.6945596349
H       20.1828808770     0.8858740854     6.8696716629
H       21.4044579058     3.8284572641     6.6836862860
H       21.1188820947     2.9906825962     8.2168477867
H       20.3767877656     4.5698897468     7.9182988681
Si       16.3886662781     3.4399698023     4.3691789609
O       16.3768502444     5.0189432126     4.7013185893
O       17.8607519083     3.1803282273     3.7557621515
O       15.2972390754     2.9844181404     3.2820172502
O       16.0235691850     2.6116217167     5.7121446421
Si       16.3477539495     6.6358681977     4.5010770178
Si       14.0634499965     2.6737777558     2.2966591029
Si       18.8574794448     2.3162645589     2.8008098020
Si       15.8042547833     1.2216732381     6.5468727148
H       17.9807007233     6.7992618603     3.9633310379
H       15.6332374165     7.0860473651     3.4196642221
H       16.4144698063     7.4468108555     5.6938519715
H       12.8053259136     2.9970486796     2.9841066018
H       14.0487208280     2.6063213361     1.0881052360
H       18.4718603614     3.4783426572     1.4391943842
H       13.9288924839     0.9573078980     2.9296595466
H       18.6635019733     1.2208269644     2.4053860725
H       16.3638773988     0.9827320456     7.7911244363
H       14.1865565562     1.1067273459     6.7021811381
H       20.2669284938     2.8764816023     2.8140278965
H       16.0668894299     0.1173375959     5.5662778771
32
# Point -13 Energy = 0.0
C       20.6532644451     3.6238212413     7.4607309846
H       18.9639776896     3.6127644207     6.1251129153
C       19.4337071504     2.9370872448     6.8495666188
H       18.6891796955     2.7536414545     7.6357630032
H       20.5418099155     1.7669553387     5.3877112999
C       19.7825229955     1.6147357157     6.1651893350
H       18.9012979037     1.1487840412     5.7009761178
H       20.1911874766     0.8901858631     6.8776536383
H       21.4058863886     3.8349551974     6.6925503426
H       21.1206772485     2.9966578455     8.2253507388
H       20.3755274884     4.5742894152     7.9263435069
Si       16.3934704141     3.4355821912     4.3737314334
O       16.3725775083     5.0155137532     4.7067708091
O       17.8685826177     3.1720105887     3.7651513133
O       15.3051652028     2.9818745116     3.2793663759
O       16.0315045714     2.6064087512     5.7181948509
Si       16.3518706401     6.6318231773     4.4918617472
Si       14.0552336657     2.6791844718     2.3076554167
Si       18.8538788034     2.3216590171     2.7837553563
Si       15.8053319947     1.2110431901     6.5437687217
H       17.9670827710     6.8091088412     3.9576829430
H       15.6197168190     7.0711688140     3.4058642941
H       16.3942407411     7.4517735688     5.6857948594
H       12.8034714492     3.0378838219     2.9911701795
H       14.0392190623     2.6399008704     1.0774832957
H       18.4692969178     3.4563398850     1.4314516485
H       13.9007435401     0.9734649074     2.8937075428
H       18.6460627203     1.2027715119     2.3935945086
H       16.3747677105     0.9724709555     7.7934829725
H       14.1975788778     1.0905600700     6.7053662583
H       20.2759522097     2.8481559722     2.8097788550
H       16.0831939660     0.1107253512     5.5645834768
32
# Point -12 Energy = 0.0
C       20.6539422581     3.6285087327     7.4686829177
H       18.9662001824     3.6135592414     6.1311528720
C       19.4365679443     2.9390129227     6.8562888976
H       18.6913343285     2.7541552825     7.6414348760
H       20.5483006933     1.7714474714     5.3952348410
C       19.7889428773     1.6175094956     6.1722750482
H       18.9093892003     1.1499130580     5.7070096436
H       20.1988811203     0.8942662498     6.8853632903
H       21.4070153903     3.8410851070     6.7013011566
H       21.1219506063     3.0022653572     8.2336988616
H       20.3739369869     4.5783971130     7.9341936008
Si       16.3981695685     3.4313913444     4.3777154018
O       16.3683135605     5.0122312069     4.7116532428
O       17.8763053882     3.1637677943     3.7740942118
O       15.3130286947     2.9796883323     3.2760938285
O       16.0391595916     2.6014188611     5.7236372410
Si       16.3571479050     6.6278408815     4.4826658222
Si       14.0468520355     2.6825258610     2.3194402472
Si       18.8508399313     2.3287622253     2.7665546880
Si       15.8056475140     1.2008318530     6.5400598140
H       17.9545899934     6.8178084467     3.9519807414
H       15.6075311039     7.0567912672     3.3924677766
H       16.3754524046     7.4560969417     5.6776965302
H       12.8027274027     3.0762886335     2.9996423304
H       14.0296130901     2.6715073054     1.0683253218
H       18.4665663169     3.4360112075     1.4239211819
H       13.8742207385     0.9894647955     2.8611585937
H       18.6299512544     1.1862083965     2.3825564636
H       16.3847037992     0.9627105247     7.7953024364
H       14.2078263854     1.0752055868     6.7075764386
H       20.2843016186     2.8221695437     2.8054187875
H       16.0985707149     0.1044609598     5.5625682552
32
# Point -11 Energy = 0.0
C       20.6542720703     3.6328648142     7.4763848489
H       18.9681729364     3.6142509801     6.1368318120
C       19.4390467599     2.9407676995     6.8626700727
H       18.6930366940     2.7545709746     7.6467114703
H       20.5543616049     1.7756687626     5.4024744697
C       19.7948666809     1.6200898427     6.1790235531
H       18.9169639096     1.1509654793     5.7126411048
H       20.2059405082     0.8980954818     6.8927517337
H       21.4078694413     3.8468087016     6.7098566822
H       21.1227482961     3.0074734023     8.2418177547
H       20.3720816156     4.5821943324     7.9417896125
Si       16.4027248816     3.4274398868     4.3811666713
O       16.3640541698     5.0091417839     4.7159983114
O       17.8838605258     3.1556155841     3.7825927752
O       15.3207594906     2.9779176914     3.2722618636
O       16.0465121022     2.5967015947     5.7285176351
Si       16.3635847477     6.6239696388     4.4735698506
Si       14.0383689816     2.6837703907     2.3319515452
Si       18.8483141022     2.3375632647     2.7492701630
Si       15.8051771187     1.1911008893     6.5358030526
H       17.9432462609     6.8254345155     3.9463040915
H       15.5966608740     7.0430447996     3.3795742247
H       16.3581575681     7.4598425881     5.6696602557
H       12.8029498075     3.1120907561     3.0091936541
H       14.0200286093     2.7009876381     1.0605393231
H       18.4637365573     3.4173631636     1.4166552445
H       13.8494008556     1.0050616974     2.8319814286
H       18.6151928503     1.1711194695     2.3723160979
H       16.3936821563     0.9535038105     7.7966320517
H       14.2172693898     1.0607524371     6.7089141753
H       20.2919878155     2.7985479909     2.8010145472
H       16.1129512178     0.0985819381     5.5602952832
32
# Point -10 Energy = 0.0
C       20.6542952982     3.6368677343     7.4837721125
H       18.9699036636     3.6148416858     6.1421259848
C       19.4411584390     2.9423472606     6.8686763950
H       18.6943173376     2.7548978623     7.6515772201
H       20.5599544460     1.7795931032     5.4093723740
C       19.8002719793     1.6224642233     6.1853955869
H       18.9239804975     1.1519412936     5.7178535497
H       20.2123493507     0.9016553538     6.8997713613
H       21.4084751763     3.8520906048     6.7181337942
H       21.1231205549     3.0122540099     8.2496327078
H       20.3700289331     4.5856654823     7.9490715306
Si       16.4070972967     3.4237665097     4.3841240917
O       16.3597937465     5.0062885012     4.7198412740
O       17.8911880587     3.1475666471     3.7906507034
O       15.3282864205     2.9766146812     3.2679366498
O       16.0535417611     2.5923030058     5.7328854638
Si       16.3711732194     6.6202525221     4.4646546281
Si       14.0298517826     2.6828972426     2.3451259084
Si       18.8462498492     2.3480440463     2.7319678266
Si       15.8038995090     1.1819094349     6.5310608738
H       17.9330655019     6.8320596195     3.9407325623
H       15.5870780683     7.0300528170     3.3672832020
H       16.3423994483     7.4630696650     5.6617898456
H       12.8039856752     3.1451433843     3.0194878563
H       14.0105939434     2.7282011555     1.0540240999
H       18.4608744596     3.4003967017     1.4097099650
H       13.8263625366     1.0200260837     2.8061160827
H       18.6018065465     1.1574841149     2.3629112826
H       16.4017042937     0.9449022004     7.7975250245
H       14.2258821040     1.0472844055     6.7094878742
H       20.2990201606     2.7772983429     2.7966358682
H       16.1262705419     0.0931223045     5.5578316602
32
# Point -9 Energy = 0.0
C       20.6540556669     3.6404987216     7.4907802093
H       18.9714012993     3.6153334767     6.1470127156
C       19.4429203360     2.9437483924     6.8742752779
H       18.6952098445     2.7551461170     7.6560183767
H       20.5650441365     1.7831956122     5.4158716149
C       19.8051400029     1.6246210159     6.1913533431
H       18.9304011913     1.1528400203     5.7226321696
H       20.2180963627     0.9049294940     6.9063761132
H       21.4088609666     3.8568987128     6.7260488813
H       21.1231211467     3.0165832410     8.2570692400
H       20.3678479884     4.5887980248     7.9559792855
Si       16.4112478139     3.4204057521     4.3866290548
O       16.3555253052     5.0037108734     4.7232197838
O       17.8982281837     3.1396306714     3.7982732783
O       15.3355377386     2.9758250780     3.2631874969
O       16.0602301170     2.5882653637     5.7367931765
Si       16.3798983424     6.6167268852     4.4560003531
Si       14.0213708897     2.6798964153     2.3588986391
Si       18.8445937098     2.3601792340     2.7147169585
Si       15.8017964527     1.1733137401     6.5259005354
H       17.9240516071     6.8377544766     3.9353450234
H       15.5787464236     7.0179309966     3.3556935408
H       16.3282111183     7.4658339592     5.6541887546
H       12.8056747437     3.1753242067     3.0301860435
H       14.0014398363     2.7530216342     1.0486701724
H       18.4580459675     3.3851075205     1.4031446683
H       13.8051853969     1.0341472936     2.7834754869
H       18.5898044140     1.1452791732     2.3543733061
H       16.4087767100     0.9369551769     7.7980380832
H       14.2336428107     1.0348800127     6.7094109169
H       20.3054062951     2.7584082329     2.7923549030
H       16.1384677821     0.0881124751     5.5552479574
32
# Point -8 Energy = 0.0
C       20.6535986803     3.6437421695     7.4973452208
H       18.9726757988     3.6157285898     6.1514704499
C       19.4443520282     2.9449690718     6.8794354323
H       18.6957504194     2.7553267040     7.6600229908
H       20.5695988554     1.7864529838     5.4219164535
C       19.8094556443     1.6265497252     6.1968606432
H       18.9361921591     1.1536608553     5.7269642682
H       20.2231751908     0.9079036161     6.9125217230
H       21.4090565133     3.8612045118     6.7335184157
H       21.1228067321     3.0204414082     8.2640536057
H       20.3656085852     4.5915825701     7.9624531324
Si       16.4151377394     3.4173878350     4.3887249742
O       16.3512404423     5.0014446461     4.7261734160
O       17.9049216931     3.1318144355     3.8054671669
O       15.3424416614     2.9755881072     3.2580860721
O       16.0665606856     2.5846269114     5.7402956264
Si       16.3897381173     6.6134239930     4.4476858377
Si       14.0129996322     2.6747687687     2.3732037666
Si       18.8432909623     2.3739362295     2.6975895692
Si       15.7988529186     1.1653668432     6.5203935189
H       17.9161984600     6.8425874262     3.9302190299
H       15.5716220396     7.0067863267     3.3449026077
H       16.3156150480     7.4681870404     5.6469591717
H       12.8078516763     3.2025338379     3.0409508954
H       13.9926993692     2.7753397245     1.0443609669
H       18.4553162300     3.3714862953     1.3970211147
H       13.7859490435     1.0472356975     2.7639471881
H       18.5791908241     1.1344787588     2.3467269941
H       16.4149108320     0.9297100979     7.7982309847
H       14.2405340201     1.0236120647     6.7088006913
H       20.3111520633     2.7418455446     2.7882457841
H       16.1494865349     0.0835792103     5.5526176479
32
# Point -7 Energy = 0.0
C       20.6529710617     3.6465857780     7.5034041827
H       18.9737379148     3.6160294240     6.1554787684
C       19.4454749961     2.9460085361     6.8841269684
H       18.6959774418     2.7554513208     7.6635808557
H       20.5735901142     1.7893438104     5.4274526571
C       19.8132074100     1.6282411796     6.2018830815
H       18.9413236321     1.1544028176     5.7308392102
H       20.2275842755     0.9105657418     6.9181659344
H       21.4090924052     3.8649833475     6.7404594870
H       21.1222362010     3.0238132395     8.2705132552
H       20.3633805338     4.5940129283     7.9684339858
Si       16.4187289255     3.4147385465     4.3904567522
O       16.3469293259     4.9995215722     4.7287431707
O       17.9112103741     3.1241219329     3.8122402157
O       15.3489268981     2.9759362865     3.2527056159
O       16.0725190102     2.5814216675     5.7434494396
Si       16.4006636108     6.6103687504     4.4397877192
Si       14.0048138535     2.6675260047     2.3879740355
Si       18.8422863388     2.3892752148     2.6806598427
Si       15.7950571959     1.1581182781     6.5146148969
H       17.9094900891     6.8466239675     3.9254302048
H       15.5656540296     6.9967162562     3.3350055825
H       16.3046227743     7.4701754919     5.6402011002
H       12.8103487118     3.2266938200     3.0514506446
H       13.9845079743     2.7950654401     1.0409742510
H       18.4527494671     3.3595188068     1.3914026998
H       13.7687320300     1.0591244902     2.7473952070
H       18.5699617767     1.1250539831     2.3399912317
H       16.4201229279     0.9232119964     7.7981659877
H       14.2465426115     1.0135472625     6.7077775978
H       20.3162613528     2.7275585000     2.7843842473
H       16.1592753361     0.0795456079     5.5500165308
32
# Point -6 Energy = 0.0
C       20.6522201740     3.6490206480     7.5088954068
H       18.9745989554     3.6162385749     6.1590183700
C       19.4463122769     2.9468673300     6.8883214591
H       18.6959310037     2.7555323213     7.6666834097
H       20.5769927693     1.7918488728     5.4324277762
C       19.8163873176     1.6296877028     6.2063881404
H       18.9457699704     1.1550648881     5.7342483491
H       20.2313266505     0.9129063867     6.9232686838
H       21.4089996488     3.8682146398     6.7467902877
H       21.1214699766     3.0266879810     8.2763772383
H       20.3612329024     4.5960861156     7.9738637003
Si       16.4219839935     3.4124791709     4.3918702397
O       16.3425806958     4.9979692286     4.7309709540
O       17.9170373724     3.1165545194     3.8186012390
O       15.3549231617     2.9768953431     3.2471201675
O       16.0780927024     2.5786792730     5.7463123723
Si       16.4126391154     6.6075795282     4.4323796843
Si       13.9968914798     2.6581905837     2.4031408643
Si       18.8415246985     2.4061492427     2.6640035353
Si       15.7904009944     1.1516138157     6.5086426719
H       17.9039009321     6.8499263628     3.9210516275
H       15.5607852367     6.9878079569     3.3260947574
H       16.2952347017     7.4718402374     5.6340114370
H       12.8129987354     3.2477442949     3.0613627868
H       13.9770035069     2.8121306578     1.0383837977
H       18.4504086378     3.3491860033     1.3863536732
H       13.7536107687     1.0696711113     2.7336620501
H       18.5621043427     1.1169726043     2.3341798352
H       16.4244339938     0.9175033980     7.7979073000
H       14.2516599563     1.0047458749     6.7064640455
H       20.3207358754     2.7154761973     2.7808473430
H       16.1677880529     0.0760311350     5.5475221569
32
# Point -5 Energy = 0.0
C       20.6513934292     3.6510413280     7.5137587504
H       18.9752705285     3.6163588564     6.1620710232
C       19.4468880970     2.9475473287     6.8919919651
H       18.6956524351     2.7555826254     7.6693236002
H       20.5797849745     1.7939513884     5.4367913921
C       19.8189907418     1.6308832544     6.2103452757
H       18.9495096704     1.1556461344     5.7371849370
H       20.2344096835     0.9149187030     6.9277922464
H       21.4088091788     3.8708820385     6.7524305444
H       21.1205693040     3.0290594399     8.2815765476
H       20.3592332769     4.5978023191     7.9786852917
Si       16.4248665370     3.4106264593     4.3930116967
O       16.3381818715     4.9968108721     4.7328990469
O       17.9223475154     3.1091110757     3.8245598042
O       15.3603616525     2.9784841958     3.2414038112
O       16.0832714613     2.5764248801     5.7489426691
Si       16.4256223751     6.6050680849     4.4255317167
Si       13.9893120216     2.6467955738     2.4186342797
Si       18.8409516482     2.4245043710     2.6476973414
Si       15.7848795238     1.1458952413     6.5025571000
H       17.8993962052     6.8525533030     3.9171532351
H       15.5569529962     6.9801377043     3.3182588630
H       16.2874400309     7.4732159719     5.6284830654
H       12.8156387197     3.2656414707     3.0703774449
H       13.9703263266     2.8264915205     1.0364612348
H       18.4483549446     3.3404640292     1.3819384227
H       13.7406584244     1.0787582942     2.7225708935
H       18.5555962605     1.1101986362     2.3293026917
H       16.4278696132     0.9126241595     7.7975205090
H       14.2558820163     0.9972614749     6.7049834531
H       20.3245749101     2.7055095713     2.7777132404
H       16.1749842261     0.0730516942     5.5452132667
32
# Point -4 Energy = 0.0
C       20.6505376954     3.6526458138     7.5179358319
H       18.9757642763     3.6163933096     6.1646194898
C       19.4472274895     2.9480517358     6.8951130269
H       18.6951838246     2.7556156172     7.6714957146
H       20.5819480782     1.7956372117     5.4404953344
C       19.8210162168     1.6318235369     6.2137259743
H       18.9525253183     1.1561458177     5.7396440201
H       20.2368447667     0.9165985785     6.9317013510
H       21.4085513573     3.8729735197     6.7573018950
H       21.1195955328     3.0309259695     8.2860444005
H       20.3574470411     4.5991648209     7.9828431009
Si       16.4273413016     3.4091926368     4.3939272650
O       16.3337187665     4.9960653345     4.7345695710
O       17.9270875918     3.1017881759     3.8301260211
O       15.3651755067     2.9807149971     3.2356299570
O       16.0880470717     2.5746790810     5.7513984307
Si       16.4395648680     6.6028395805     4.4193093829
Si       13.9821560153     2.6333844351     2.4343828391
Si       18.8405141027     2.4442798328     2.6318182407
Si       15.7784915508     1.1410001660     6.4964400094
H       17.8959323649     6.8545596350     3.9138012520
H       15.5540899242     6.9737703782     3.3115824343
H       16.2812168075     7.4743307088     5.6237039746
H       12.8181134555     3.2803550175     3.0782003095
H       13.9646193282     2.8381306354     1.0350780220
H       18.4466472183     3.3333242538     1.3782208675
H       13.7299438199     1.0862947435     2.7139279493
H       18.5504057086     1.1046919518     2.3253670619
H       16.4304597916     0.9086113268     7.7970720033
H       14.2592094169     0.9911407396     6.7034592682
H       20.3277750349     2.6975527218     2.7750611125
H       16.1808293575     0.0706197167     5.5431692489
32
# Point -3 Energy = 0.0
C       20.6496987119     3.6538355057     7.5213701986
H       18.9760916040     3.6163451983     6.1666474303
C       19.4473559055     2.9483850573     6.8976606278
H       18.6945675442     2.7556450336     7.6731951879
H       20.5834664740     1.7968949846     5.4434938729
C       19.8224651992     1.6325060655     6.2165037908
H       18.9548034958     1.1565634773     5.7416223292
H       20.2386469661     0.9179446895     6.9349632656
H       21.4082554723     3.8744814245     6.7613282132
H       21.1186094088     3.0322904012     8.2897164662
H       20.3559366861     4.6001798896     7.9862829063
Si       16.4293743413     3.4081854389     4.3946624630
O       16.3291759105     4.9957469518     4.7360239625
O       17.9312065900     3.0945802565     3.8353103422
O       15.3693002064     2.9835932243     3.2298706667
O       16.0924133807     2.5734578742     5.7537370052
Si       16.4544121370     6.6008926787     4.4137731711
Si       13.9755044149     2.6180107381     2.4503135475
Si       18.8401607797     2.4654082397     2.6164428416
Si       15.7712394343     1.1369618703     6.4903741282
H       17.8934576502     6.8559961481     3.9110576598
H       15.5521247131     6.9687590811     3.3061452224
H       16.2765320828     7.4752054462     5.6197564245
H       12.8202794742     3.2918655418     3.0845550966
H       13.9600278642     2.8470589729     1.0341074898
H       18.4453412266     3.3277333242     1.3752639827
H       13.7215303833     1.0922154416     2.7075250116
H       18.5464912632     1.1004079125     2.3223789380
H       16.4322387695     0.9054990131     7.7966283980
H       14.2616474928     0.9864233111     6.7020140215
H       20.3303298718     2.6914845309     2.7729710690
H       16.1852951456     0.0687442771     5.5414696295
32
# Point -2 Energy = 0.0
C       20.6489205234     3.6546151270     7.5240074562
H       18.9762634125     3.6162179911     6.1681392989
C       19.4472988263     2.9485530547     6.8996121407
H       18.6938457840     2.7556848464     7.6744183964
H       20.5843274145     1.7977162361     5.4457438911
C       19.8233418059     1.6329302042     6.2186543698
H       18.9563346464     1.1568989924     5.7431181703
H       20.2398346434     0.9189585120     6.9375478629
H       21.4079492460     3.8754024456     6.7644358901
H       21.1176703836     3.0331599314     8.2925310451
H       20.3547611587     4.6008566433     7.9889519957
Si       16.4309331521     3.4076081746     4.3952617130
O       16.3245364756     4.9958655264     4.7373024679
O       17.9346558965     3.0874797799     3.8401233824
O       15.3726739508     2.9871178114     3.2241960365
O       16.0963662583     2.5727726629     5.7560144136
Si       16.4701041604     6.5992197265     4.4089778976
Si       13.9694379446     2.6007378182     2.4663517849
Si       18.8398426281     2.4878158134     2.6016467372
Si       15.7631291437     1.1338091792     6.4844424323
H       17.8919126920     6.8569094162     3.9089797215
H       15.5509829140     6.9651448718     3.3020216646
H       16.2733421755     7.4758539569     5.6167161704
H       12.8220090458     3.3001622810     3.0891854771
H       13.9566995038     2.8533173891     1.0334268703
H       18.4444889515     3.3236532569     1.3731294684
H       13.7154751650     1.0964815940     2.7031421586
H       18.5438020311     1.0972970502     2.3203443509
H       16.4332448190     0.9033182955     7.7962559733
H       14.2632063102     0.9831417115     6.7007684266
H       20.3322298651     2.6871704801     2.7715240946
H       16.1883596722     0.0674312200     5.5401936010
32
# Point -1 Energy = 0.0
C       20.6482449409     3.6549926140     7.5257953694
H       18.9762898373     3.6160153335     6.1690802389
C       19.4470813864     2.9485626806     6.9009462659
H       18.6930601075     2.7557491426     7.6751624492
H       20.5845208011     1.7980954345     5.4472050481
C       19.8236525344     1.6330971689     6.2201554639
H       18.9571129135     1.1571526209     5.7441313257
H       20.2404290616     0.9196442934     6.9394276739
H       21.4076583620     3.8757375686     6.7665540809
H       21.1168359553     3.0335459713     8.2944292111
H       20.3539752543     4.6012068943     7.9907992082
Si       16.4319867873     3.4074598083     4.3957679117
O       16.3197823115     4.9964263176     4.7384436715
O       17.9373894613     3.0804773875     3.8445757664
O       15.3752379897     2.9912813109     3.2186736455
O       16.0999035434     2.5726302821     5.7582848195
Si       16.4865757529     6.5978070064     4.4049721936
Si       13.9640364287     2.5816383654     2.4824212504
Si       18.8395131943     2.5114226427     2.5875038885
Si       15.7541702616     1.1315663621     6.4787275250
H       17.8912311754     6.8573416923     3.9076195745
H       15.5505876904     6.9629566076     3.2992804173
H       16.2715930198     7.4762826983     5.6146517648
H       12.8231941303     3.3052411578     3.0918564636
H       13.9547835784     2.8569777220     1.0329192525
H       18.4441378729     3.3210415648     1.3718775534
H       13.7118279484     1.0990802232     2.7005505719
H       18.5422779458     1.0953048164     2.3192705412
H       16.4335200296     0.9020971291     7.7960201367
H       14.2639006649     0.9813213070     6.6998405373
H       20.3334621116     2.6844645807     2.7708019428
H       16.1900075474     0.0666832951     5.5394195967
32
# Point 0 Energy = 0
C       20.6477110000     3.6549790000     7.5266840000
H       18.9761800000     3.6157410000     6.1694560000
C       19.4467280000     2.9484220000     6.9016430000
H       18.6922510000     2.7558520000     7.6754250000
H       20.5840390000     1.7980300000     5.4478400000
C       19.8234060000     1.6330100000     6.2209870000
H       18.9571360000     1.1573250000     5.7446630000
H       20.2404540000     0.9200090000     6.9405780000
H       21.4074060000     3.8754920000     6.7676150000
H       21.1161610000     3.0334640000     8.2953550000
H       20.3536290000     4.6012450000     7.9917750000
Si       16.4325060000     3.4077350000     4.3962220000
O       16.3148940000     4.9974300000     4.7394840000
O       17.9393640000     3.0735620000     3.8486780000
O       15.3769370000     2.9960700000     3.2133680000
O       16.1030250000     2.5730330000     5.7606000000
Si       16.5037570000     6.5966350000     4.4017980000
Si       13.9593780000     2.5607940000     2.4984440000
Si       18.8391290000     2.5361430000     2.5740860000
Si       15.7443760000     1.1302530000     6.4733110000
H       17.8913405600     6.8573308000     3.9070238400
H       15.5508605600     6.9622108000     3.2979838400
H       16.2712205600     7.4764908000     5.6136238400
H       12.8237502400     3.3071035200     3.0923555200
H       13.9544302400     2.8581435200     1.0324755200
H       18.4443303200     3.3198514400     1.3715668800
H       13.7106302400     1.1000235200     2.6995155200
H       18.5418503200     1.0943714400     2.3191668800
H       16.4331100800     0.9018602400     7.7959848800
H       14.2637500800     0.9809802400     6.6993448800
H       20.3340103200     2.6832114400     2.7708868800
H       16.1902300800     0.0665002400     5.5392248800
32
# Point 1 Energy = 0.0
C       20.6473550649     3.6545891521     7.5266245089
H       18.9759418634     3.6153993575     6.1692521944
C       19.4462626266     2.9481406522     6.9016826248
H       18.6914584364     2.7560074989     7.6752033450
H       20.5828771152     1.7975215139     5.4476129703
C       19.8226134997     1.6326743255     6.2211297687
H       18.9564058274     1.1574177178     5.7447146511
H       20.2399367419     0.9200630664     6.9409753420
H       21.4072126310     3.8746763499     6.7675526160
H       21.1156982797     3.0329342898     8.2952539528
H       20.3537675354     4.6009883827     7.9918304694
Si       16.4324628372     3.4084240869     4.3966628667
O       16.3098499825     4.9988724676     4.7404579406
O       17.9405385332     3.0667214368     3.8524400037
O       15.3777185194     3.0014639208     3.2083406731
O       16.1057325667     2.5739780806     5.7630091151
Si       16.5215720553     6.5956786424     4.3994911345
Si       13.9555381115     2.5382938532     2.5143409394
Si       18.8386490195     2.5618864859     2.5614613874
Si       15.7337642621     1.1298831744     6.4682729603
H       17.8921601646     6.8569133999     3.9072332778
H       15.5517169664     6.9629081168     3.2981904476
H       16.2721466137     7.4764669605     5.6136871778
H       12.8236236671     3.3057626923     3.0904902837
H       13.9557999408     2.8569605549     1.0319987886
H       18.4451081437     3.3200222623     1.3722452026
H       13.7119057088     1.0993470993     2.6997901761
H       18.5424368219     1.0944308914     2.3200615542
H       16.4320663519     0.9026289654     7.7962118149
H       14.2627801687     0.9821273586     6.6993929853
H       20.3338535153     2.6832407420     2.7718690336
H       16.1890270281     0.0668785008     5.5396851540
32
# Point 2 Energy = 0.0
C       20.6472098699     3.6538406657     7.5255706694
H       18.9755819770     3.6149948482     6.1684550600
C       19.4457078670     2.9477292049     6.9010467681
H       18.6907205596     2.7562294864     7.6744951057
H       20.5810322519     1.7965744163     5.4464916065
C       19.8212878680     1.6320974780     6.2205668999
H       18.9549274541     1.1574327605     5.7442891362
H       20.2389062659     0.9198194107     6.9405991569
H       21.4070954835     3.8733051150     6.7663045392
H       21.1154968411     3.0319806789     8.2940749174
H       20.3544303388     4.6004566046     7.9909185628
Si       16.4318312416     3.4095134914     4.3971269807
O       16.3046276164     5.0007452786     4.7413972959
O       17.9408751047     3.0599421678     3.8558715723
O       15.3775340322     3.0074374780     3.2036495415
O       16.1080299691     2.5754585222     5.7655582597
Si       16.5399413492     6.5949080338     4.3980804014
Si       13.9525894435     2.5142350088     2.5300313629
Si       18.8380356608     2.5885576282     2.5496953277
Si       15.7223564936     1.1304663039     6.4636915430
H       17.8936047258     6.8561215733     3.9082830385
H       15.5530724308     6.9650374326     3.2999520229
H       16.2742844483     7.4761932766     5.6148877342
H       12.8227900959     3.3012347511     3.0860898358
H       13.9590517791     2.8536049531     1.0314034064
H       18.4465063087     3.3214892205     1.3739595320
H       13.7156698575     1.0971095967     2.7011274354
H       18.5439470664     1.0954128816     2.3219852243
H       16.4304432833     0.9044213982     7.7967602904
H       14.2610211333     0.9847645745     6.7000915689
H       20.3329668902     2.6843758756     2.7738361353
H       16.1864048928     0.0678118840     5.5408744286
32
# Point 3 Energy = 0.0
C       20.6473036836     3.6527528628     7.5234800401
H       18.9751052397     3.6145314431     6.1670520079
C       19.4450841575     2.9471985334     6.8997192408
H       18.6900725167     2.7565313777     7.6732987499
H       20.5785028242     1.7951946883     5.4444485798
C       19.8194424341     1.6312876078     6.2192851432
H       18.9527080765     1.1573718963     5.7433917447
H       20.2373916212     0.9192924952     6.9394334180
H       21.4070680711     3.8713952525     6.7638135068
H       21.1156006158     3.0306295021     8.2917715017
H       20.3556505690     4.5996705642     7.9889949220
Si       16.4305875381     3.4109859146     4.3976479964
O       16.2992040866     5.0030359222     4.7423303471
O       17.9403393409     3.0532088670     3.8589827263
O       15.3763398904     3.0139597242     3.1993480833
O       16.1099223349     2.5774636265     5.7682900496
Si       16.5587835417     6.5942889243     4.3975866089
Si       13.9506017480     2.4887225871     2.5454323373
Si       18.8372555692     2.6160551825     2.5388502267
Si       15.7101766422     1.1320078574     6.4596425311
H       17.8955876017     6.8549797740     3.9102026483
H       15.5548477139     6.9685794363     3.3033107705
H       16.2775436821     7.4756486753     5.6172599400
H       12.8212535868     3.2935320927     3.0790068537
H       13.9643319759     2.8482730937     1.0306129847
H       18.4485474558     3.3241931075     1.3767652738
H       13.7219382486     1.0933914847     2.7032912902
H       18.5462888918     1.0972429744     2.3249560102
H       16.4282959577     0.9072524458     7.7976875716
H       14.2585063552     0.9888890224     6.7015408934
H       20.3313233013     2.6864430096     2.7768664282
H       16.1823753274     0.0692920543     5.5428649339
32
# Point 4 Energy = 0.0
C       20.6476605382     3.6513475279     7.5203127301
H       18.9745148282     3.6140130810     6.1650308780
C       19.4444101235     2.9465602670     6.8976850199
H       18.6895471180     2.7569261914     7.6716126994
H       20.5752888984     1.7933909602     5.4414601338
C       19.8170916564     1.6302543819     6.2172735532
H       18.9497577316     1.1572371717     5.7420290488
H       20.2354229991     0.9184990214     6.9374650379
H       21.4071401133     3.8689673263     6.7600260243
H       21.1160490731     3.0289103286     8.2883005743
H       20.3574550851     4.5986530503     7.9860168724
Si       16.4287100232     3.4128202620     4.3982567175
O       16.2935555510     5.0057276081     4.7432821033
O       17.9388999826     3.0465049231     3.8617832787
O       15.3740967133     3.0209943145     3.1954856045
O       16.1114164411     2.5799785503     5.7712434709
Si       16.5780143263     6.5937829944     4.3980233298
Si       13.9496408459     2.4618680093     2.5604594615
Si       18.8362790755     2.6442733589     2.5289846262
Si       15.6972522173     1.1345085370     6.4561988998
H       17.8980188391     6.8535082860     3.9130157871
H       15.5569640270     6.9735032469     3.3083018412
H       16.2818261212     7.4748059466     5.6208290794
H       12.8190526602     3.2826726086     3.0691150607
H       13.9717822378     2.8411911284     1.0295641789
H       18.4512472956     3.3280706428     1.3807165219
H       13.7307166609     1.0882924438     2.7060503854
H       18.5493640887     1.0998412292     2.3289956927
H       16.4256822179     0.9111336675     7.7990479078
H       14.2552737053     0.9944909920     6.7038353782
H       20.3288925338     2.6892657661     2.7810367003
H       16.1769568715     0.0713081767     5.5457267621
32
# Point 5 Energy = 0.0
C       20.6482999562     3.6496487907     7.5160315551
H       18.9738120982     3.6134436054     6.1623799728
C       19.4437023934     2.9458267019     6.8949303061
H       18.6891745911     2.7574264783     7.6694352708
H       20.5713921231     1.7911743759     5.4375063346
C       19.8142509899     1.6290088709     6.2145236268
H       18.9460892285     1.1570308221     5.7402089709
H       20.2330315116     0.9174577964     6.9346840276
H       21.4073173219     3.8660453721     6.7548926372
H       21.1168768582     3.0268558211     8.2836224439
H       20.3598641346     4.5974286450     7.9819435212
Si       16.4261790899     3.4149916631     4.3989809280
O       16.2876572370     5.0087992636     4.7442740529
O       17.9365290593     3.0398124202     3.8642828797
O       15.3707696566     3.0284995623     3.1921070166
O       16.1125206878     2.5829843442     5.7744536398
Si       16.5975468576     6.5933482510     4.3993968650
Si       13.9497680542     2.4337883173     2.5750270263
Si       18.8350803676     2.6731021771     2.5201528718
Si       15.6836143187     1.1379641910     6.4534304106
H       17.9008058684     6.8517232670     3.9167402950
H       15.5593433748     6.9797665855     3.3149531109
H       16.2870262933     7.4736321302     5.6256110797
H       12.8162618569     3.2686816317     3.0563086237
H       13.9815376237     2.8326138086     1.0282076994
H       18.4546143874     3.3330542426     1.3858659752
H       13.7420006074     1.0819296436     2.7091801636
H       18.5530694172     1.1031222435     2.3341297050
H       16.4226624782     0.9160732169     7.8008921872
H       14.2513654917     1.0015539449     6.7070630663
H       20.3256415938     2.6926668963     2.7864214092
H       16.1701750717     0.0738469197     5.5495276872
32
# Point 6 Energy = 0.0
C       20.6492367633     3.6476829889     7.5106021647
H       18.9729965269     3.6128267117     6.1590880970
C       19.4429754618     2.9450107140     6.8914425718
H       18.6889823935     2.7580442658     7.6667646261
H       20.5668156647     1.7885584291     5.4325712677
C       19.8109367668     1.6275634221     6.2110294074
H       18.9417180659     1.1567551813     5.7379408324
H       20.2302489895     0.9161895773     6.9310836090
H       21.4076012660     3.8626567274     6.7483681550
H       21.1181135281     3.0245015665     8.2777009951
H       20.3628911529     4.5960236184     7.9767358458
Si       16.4229773270     3.4174715417     4.3998452859
O       16.2814835493     5.0122255949     4.7453239933
O       17.9332020288     3.0331121362     3.8664910794
O       15.3663286160     3.0364285627     3.1892526950
O       16.1132450582     2.5864580510     5.7779516304
Si       16.6172921876     6.5929394811     4.4017063528
Si       13.9510397763     2.4046053844     2.5890481976
Si       18.8336376051     2.7024278265     2.5124048940
Si       15.6692976314     1.1423657919     6.4514032534
H       17.9038541849     6.8496368617     3.9213882951
H       15.5619088196     6.9873160930     3.3232850861
H       16.2930320362     7.4720889960     5.6316124824
H       12.8129924818     3.2515942514     3.0405012803
H       13.9937243589     2.8228227894     1.0265091102
H       18.4586500831     3.3390716407     1.3922648032
H       13.7557751259     1.0744358053     2.7124647205
H       18.5572976646     1.1069952319     2.3403870438
H       16.4192995240     0.9220758339     7.8032676255
H       14.2468283598     1.0100546214     6.7113051751
H       20.3215350698     2.6964698059     2.7930917749
H       16.1620625321     0.0768924962     5.5543330091
32
# Point 7 Energy = 0.0
C       20.6504809617     3.6454785420     7.5039931878
H       18.9720656964     3.6121658958     6.1551446190
C       19.4422415976     2.9441256766     6.8872106299
H       18.6889950649     2.7587910203     7.6635987509
H       20.5615641887     1.7855587785     5.4266432378
C       19.8071661188     1.6259315252     6.2067875996
H       18.9366623808     1.1564125810     5.7352354153
H       20.2271078266     0.9147169119     6.9266603367
H       21.4079893044     3.8588318603     6.7404118856
H       21.1197833525     3.0218859208     8.2705038421
H       20.3665426263     4.5944658425     7.9703568066
Si       16.4190896303     3.4202276802     4.4008712421
O       16.2750081967     5.0159771517     4.7464458892
O       17.9288979366     3.0263835196     3.8684174023
O       15.3607484294     3.0447292980     3.1869583635
O       16.1136010886     2.5903728106     5.7817643359
Si       16.6371597001     6.5925087069     4.4049439460
Si       13.9535071720     2.3744451046     2.6024352324
Si       18.8319330223     2.7321330357     2.5057860465
Si       15.6543404160     1.1476994271     6.4501797075
H       17.9070680074     6.8472573277     3.9269663686
H       15.5645846735     6.9960876928     3.3333108313
H       16.2997250946     7.4701335650     5.6388304939
H       12.8093925632     3.2314581264     3.0216254533
H       14.0084574865     2.8121246054     1.0244495102
H       18.4633486422     3.3460453653     1.3999624118
H       13.7720146106     1.0659571926     2.7156983313
H       18.5619387840     1.1113641486     2.3478001156
H       16.4156583066     0.9291428517     7.8062174747
H       14.2417131705     1.0199631642     6.7166356799
H       20.3165355939     2.7004999789     2.8011148072
H       16.1526589565     0.0804266921     5.5602054053
32
# Point 8 Energy = 0.0
C       20.6520376667     3.6430658323     7.4961763922
H       18.9710153197     3.6114644046     6.1505395459
C       19.4415107994     2.9431853851     6.8822247162
H       18.6892341204     2.7596776266     7.6599354544
H       20.5556438911     1.7821930482     5.4197149664
C       19.8029569422     1.6241276725     6.2017976890
H       18.9309429281     1.1560052429     5.7321050286
H       20.2236408692     0.9130639777     6.9214142252
H       21.4084745849     3.8546041951     6.7309878768
H       21.1219051811     3.0190498673     8.2620024962
H       20.3708180197     4.5927847211     7.9627714807
Si       16.4145033260     3.4232242792     4.4020769760
O       16.2682043370     5.0200203964     4.7476497538
O       17.9235995969     3.0196046451     3.8700714255
O       15.3540090778     3.0533447306     3.1852549937
O       16.1136018451     2.5946979738     5.7859143557
Si       16.6570575451     6.5920056359     4.4090950435
Si       13.9572159095     2.3434365730     2.6150997270
Si       18.8299530231     2.7620974505     2.5003369954
Si       15.6387844901     1.1539463049     6.4498178123
H       17.9103509109     6.8445891730     3.9334757686
H       15.5672966261     7.0060069954     3.3450359082
H       16.3069817216     7.4677186606     5.6472531062
H       12.8056459962     3.2083366902     2.9996314228
H       14.0258384041     2.8008483339     1.0220261277
H       18.4686975352     3.3538920921     1.4090061057
H       13.7906826743     1.0566515569     2.7186866353
H       18.5668810957     1.1161278620     2.3564045639
H       16.4118057285     0.9372722256     7.8097807453
H       14.2360748530     1.0312432621     6.7231209172
H       20.3106044003     2.7045862983     2.8105523254
H       16.1420111811     0.0844288871     5.5672047794
32
# Point 9 Energy = 0.0
C       20.6539071045     3.6404770947     7.4871268539
H       18.9698393094     3.6107251904     6.1452636083
C       19.4407907945     2.9422039890     6.8764765814
H       18.6897179822     2.7607143871     7.6557723865
H       20.5490625754     1.7784806107     5.4117837770
C       19.7983279031     1.6221672152     6.1960620590
H       18.9245830886     1.1555351660     5.7285635707
H       20.2198813473     0.9112564210     6.9153488740
H       21.4090461140     3.8500099345     6.7200651599
H       21.1244923760     3.0160368865     8.2521725444
H       20.3757097691     4.5910111361     7.9539472143
Si       16.4092083066     3.4264220156     4.4034773385
O       16.2610447435     5.0243177818     4.7489415420
O       17.9172937956     3.0127521535     3.8714628510
O       15.3460958862     3.0622128863     3.1841687075
O       16.1132619082     2.5993992297     5.7904198994
Si       16.6768930765     6.5913781038     4.4141385645
Si       13.9622060007     2.3117112725     2.6269528937
Si       18.8276882697     2.7921980206     2.4960936526
Si       15.6226751957     1.1610827820     6.4503710419
H       17.9136064337     6.8416333040     3.9409126589
H       15.5699718161     7.0169897455     3.3584583184
H       16.3146732896     7.4647934837     5.6568592761
H       12.8019708608     3.1823126277     2.9744866084
H       14.0459523420     2.7893429523     1.0192528572
H       18.4746779511     3.3625219154     1.4194406560
H       13.8117320350     1.0466860577     2.7212474817
H       18.5720125258     1.1211803947     2.3662391138
H       16.4078104147     0.9464585868     7.8139919350
H       14.2299722256     1.0438523227     6.7308192028
H       20.3037019721     2.7085622578     2.8214600345
H       16.1301731868     0.0888760747     5.5753880967
32
# Point 10 Energy = 0.0
C       20.6560846729     3.6377463105     7.4768231321
H       18.9685298888     3.6099508675     6.1393083457
C       19.4400870829     2.9411959296     6.8699595856
H       18.6904619461     2.7619110393     7.6511070662
H       20.5418297761     1.7744423557     5.4028517643
C       19.7932984794     1.6200662166     6.1895860993
H       18.9176089009     1.1550040120     5.7246265825
H       20.2158628439     0.9093211956     6.9084715851
H       21.4096888964     3.8450878736     6.7076179895
H       21.1275528075     3.0128928340     8.2409938353
H       20.3812033412     4.5891774049     7.9438537886
Si       16.4031971795     3.4297781055     4.4050837943
O       16.2535019946     5.0288278403     4.7503230511
O       17.9099715158     3.0058011786     3.8726015618
O       15.3369997237     3.0712669374     3.1837206739
O       16.1125973619     2.6044387516     5.7952947012
Si       16.6965732963     6.5905725102     4.4200472551
Si       13.9685117156     2.2794022782     2.6379058634
Si       18.8251337660     2.8223093956     2.4930871468
Si       15.6060613448     1.1690804205     6.4518879740
H       17.9167386610     6.8383871827     3.9492683672
H       15.5725388544     7.0289423115     3.3735684426
H       16.3226669096     7.4613042021     5.6676191513
H       12.7986169210     3.1534914875     2.9461750010
H       14.0688658406     2.7779743890     1.0161607604
H       18.4812655132     3.3718375989     1.4313077960
H       13.8351044333     1.0362351727     2.7232114531
H       18.5772218440     1.1264112451     2.3773454572
H       16.4037424610     0.9566933281     7.8188807585
H       14.2234677779     1.0577416827     6.7397804552
H       20.2957887628     2.7122670517     2.8338867248
H       16.1172060871     0.0937428908     5.5848091967
32
# Point 11 Energy = 0.0
C       20.6585610615     3.6349091026     7.4652474451
H       18.9670777451     3.6091436738     6.1326661894
C       19.4394030221     2.9401758844     6.8626687911
H       18.6914781819     2.7632767921     7.6459369177
H       20.5339569218     1.7701004436     5.3929259374
C       19.7878890358     1.6178413026     6.1823782988
H       18.9100491128     1.1544129918     5.7203112826
H       20.2116192948     0.9072864029     6.9007934675
H       21.4103841440     3.8398792025     6.6936260762
H       21.1310889105     3.0096658224     8.2284506671
H       20.3872773593     4.5873172444     7.9324635960
Si       16.3964654276     3.4332463781     4.4069043549
O       16.2455486886     5.0335052894     4.7517918196
O       17.9016281833     2.9987252666     3.8734976565
O       15.3267172032     3.0804352929     3.1839269891
O       16.1116257850     2.6097753668     5.8005479364
Si       16.7160053112     6.5895342447     4.4267880146
Si       13.9761615758     2.2466434963     2.6478700111
Si       18.8222889401     2.8523043323     2.4913438261
Si       15.5889951377     1.1779060830     6.4544119477
H       17.9196527877     6.8348449935     3.9585296398
H       15.5749278153     7.0417622221     3.3903489702
H       16.3308260670     7.4571945483     5.6794943345
H       12.7958623351     3.1220052803     2.9146967704
H       14.0946242841     2.7671222634     1.0127985459
H       18.4884311997     3.3817338813     1.4446456764
H       13.8607305958     1.0254786117     2.7244220960
H       18.5823998580     1.1317058031     2.3897681831
H       16.3996731540     0.9679647285     7.8244718730
H       14.2166274092     1.0728568654     6.7500458193
H       20.2868259728     2.7155465298     2.8478736522
H       16.1031780791     0.0990016595     5.5955185741
32
# Point 12 Energy = 0.0
C       20.6613224325     3.6320026260     7.4523858436
H       18.9654722240     3.6083054345     6.1253305363
C       19.4387399502     2.9391587164     6.8546010484
H       18.6927757632     2.7648203811     7.6402593085
H       20.5254575355     1.7654780438     5.3820183345
C       19.7821209260     1.6155095115     6.1744503196
H       18.9019352451     1.1537627569     5.7156365797
H       20.2071850129     0.9051811314     6.8923295232
H       21.4111095534     3.8344272918     6.6780748075
H       21.1350977981     3.0064061002     8.2145319765
H       20.3939037968     4.5854657359     7.9197518238
Si       16.3890115827     3.4367773662     4.4089434971
O       16.2371576869     5.0383011599     4.7533410204
O       17.8922639317     2.9914962942     3.8741614527
O       15.3152508801     3.0896417085     3.1847985345
O       16.1103662435     2.6153647579     5.8061841363
Si       16.7350968055     6.5882081054     4.4343222337
Si       13.9851784214     2.2135689502     2.6567573013
Si       18.8191577254     2.8820541128     2.4908852872
Si       15.5715320448     1.1875220749     6.4579807050
H       17.9222556657     6.8309978216     3.9686788883
H       15.5770702065     7.0553387501     3.4087748161
H       16.3390112783     7.4524064210     5.6924381733
H       12.7940096271     3.0880159129     2.8800680623
H       14.1232495538     2.7571763047     1.0092330333
H       18.4961424503     3.3920969187     1.4594883200
H       13.8885302692     1.0145992459     2.7247358999
H       18.5874405166     1.1369458759     2.4035547441
H       16.3956746539     0.9802581225     7.8307845965
H       14.2095201151     1.0891378986     6.7616472841
H       20.2767763558     2.7182539992     2.8634541500
H       16.0881643480     0.1046224694     5.6075631223
32
# Point 13 Energy = 0.0
C       20.6643506562     3.6290654506     7.4382283799
H       18.9637015624     3.6074375312     6.1172958123
C       19.4380973447     2.9381594270     6.8457550735
H       18.6943607226     2.7665501405     7.6340715888
H       20.5163474636     1.7605990604     5.3701461034
C       19.7760166142     1.6130881428     6.1658170461
H       18.8933016624     1.1530532982     5.7106230584
H       20.2025947275     0.9030352958     6.8830987126
H       21.4118396495     3.8287774551     6.6609554548
H       21.1395714281     3.0031659218     8.1992315260
H       20.4010482367     4.5836592850     7.9056966441
Si       16.3808374101     3.4403184231     4.4112020618
O       16.2283023885     5.0431629521     4.7549593442
O       17.8818838843     2.9840843916     3.8746034578
O       15.3026094506     3.0988054267     3.1863408045
O       16.1088392808     2.6211597000     5.8122030954
Si       16.7537565385     6.5865387098     4.4426061360
Si       13.9955795451     2.1803121274     2.6644806489
Si       18.8157486458     2.9114289799     2.4917284284
Si       15.5537306468     1.1978863445     6.4626260122
H       17.9244563412     6.8268338423     3.9796944240
H       15.5788989348     7.0695535514     3.4288130250
H       16.3470807748     7.4468804847     5.7063960707
H       12.7933809861     3.0517183006     2.8423209902
H       14.1547378577     2.7485324402     1.0055495973
H       18.5043644260     3.4028039482     1.4758651193
H       13.9184123562     1.0037810649     2.7240220699
H       18.5922418725     1.1420103301     2.4187554345
H       16.3918196331     0.9935561211     7.8378326160
H       14.2022176179     1.1065197020     6.7746072922
H       20.2656050262     2.7202508609     2.8806534989
H       16.0722469149     0.1105732902     5.6209858329
32
# Point 14 Energy = 0.0
C       20.6676236001     3.6261374268     7.4227692724
H       18.9617531596     3.6065408728     6.1085575219
C       19.4374730111     2.9371931108     6.8361315149
H       18.6962361275     2.7684740895     7.6273711298
H       20.5066451279     1.7554878439     5.3573315477
C       19.7695998115     1.6105946050     6.1564966104
H       18.8841856405     1.1522838579     5.7052929355
H       20.1978836301     0.9008794747     6.8731239969
H       21.4125461923     3.8229766830     6.6422653662
H       21.1444968157     2.9999993994     8.1825480888
H       20.4086701966     4.5819355656     7.8902794092
Si       16.3719481041     3.4438138735     4.4136771311
O       16.2189570382     5.0480348272     4.7566308714
O       17.8704984501     2.9764578797     3.8748343019
O       15.2888079491     3.1078413621     3.1885537034
O       16.1070669032     2.6271103432     5.8185997711
Si       16.7718948686     6.5844708998     4.4515911190
Si       14.0073768897     2.1470054007     2.6709542924
Si       18.8120749053     2.9402985890     2.4938855258
Si       15.5356524244     1.2089527497     6.4683732594
H       17.9261665875     6.8223385270     3.9915506737
H       15.5803482834     7.0842813604     3.4504226645
H       16.3548912196     7.4405567634     5.7213058077
H       12.7943129834     3.0133430070     2.8015038226
H       14.1890577993     2.7415885486     1.0018525770
H       18.5130613780     3.4137232414     1.4938004195
H       13.9502751877     0.9932071816     2.7221621430
H       18.5967068634     1.1467758541     2.4354233446
H       16.3881808638     1.0078388878     7.8456236858
H       14.1947939341     1.1249325568     6.7889383382
H       20.2532802380     2.7214070739     2.8994890654
H       16.0555144160     0.1168201436     5.6358254488
32
# Point 15 Energy = 0.0
C       20.6711154663     3.6232595298     7.4060070663
H       18.9596138807     3.6056158710     6.0991122870
C       19.4368632979     2.9362749089     6.8257330104
H       18.6984021726     2.7706000305     7.6201553619
H       20.4963717919     1.7501688917     5.3436021352
C       19.7628956157     1.6080462651     6.1465103895
H       18.8746274246     1.1514528557     5.6996699855
H       20.1930874158     0.8987447455     6.8624323558
H       21.4131986413     3.8170733426     6.6220081468
H       21.1498562886     2.9969623286     8.1644856328
H       20.4167235170     4.5803334424     7.8734848556
Si       16.3623524939     3.4472052071     4.4163618831
O       16.2090970703     5.0528578399     4.7583349348
O       17.8581236283     2.9685832287     3.8748646337
O       15.2738679441     3.1166603450     3.1914313080
O       16.1050725587     2.6331645436     5.8253641731
Si       16.7894243114     6.5819501441     4.4612240926
Si       14.0205772998     2.1137795335     2.6760941753
Si       18.8081544866     2.9685324856     2.4973643330
Si       15.5173614918     1.2206714012     6.4752410376
H       17.9273014397     6.8174948644     4.0042183796
H       15.5813539156     7.0993907488     3.4735547138
H       16.3622984626     7.4333752244     5.7370978780
H       12.7971508084     2.9731582647     2.7576813629
H       14.2261487408     2.7367398807     0.9982656271
H       18.5221980674     3.4247144050     1.5133132226
H       13.9840069610     0.9830579035     2.7190494962
H       18.6007438777     1.1511178389     2.4536142497
H       16.3848307478     1.0230844756     7.8541593156
H       14.1873248754     1.1443026659     6.8046425569
H       20.2397741034     2.7216014485     2.9199706910
H       16.0380618026     0.1233273393     5.6521160687
