32
# Point -15 Energy = 0.0
C       20.5769575012     3.5680140068     7.5606877014
H       18.9715209679     3.5236160777     6.1302659919
C       19.3841014341     2.8805292700     6.9113052691
H       18.5767677527     2.7330994752     7.6385405213
H       20.5142048897     1.7530027199     5.4724931522
C       19.7532374225     1.5657214698     6.2417741487
H       18.8759177849     1.1486698880     5.7372547814
H       20.1653585590     0.8230313394     6.9348985453
H       21.3462197501     3.7756941446     6.8063373253
H       21.0379051209     2.9491601834     8.3367916645
H       20.2947311918     4.5236736854     8.0153429917
Si       16.2896291989     3.7158817578     4.1344856357
O       16.4193000577     5.0312484985     4.5594335741
O       17.9680228449     3.0196725543     3.9422733919
O       15.2989130049     3.0177386689     3.3013323366
O       16.3051373027     2.7147812967     5.7662097266
Si       16.4844144369     6.3478580443     4.3404756148
Si       14.0528146806     2.5779482839     2.6269832774
Si       18.9273224481     2.6361038511     2.4277579785
Si       15.7750073199     0.9884400287     6.6212055874
H       17.8784105438     6.8742126804     3.7987005347
H       15.5372905271     6.9630490551     3.2667511100
H       16.3138851477     7.4180541004     5.5470343917
H       12.7684777180     3.2139784475     3.1465608184
H       13.9109965117     2.7759839662     1.1018126196
H       18.4259274362     3.4421034146     1.3620495955
H       13.7943253797     1.0636863764     2.8185442296
H       18.7297458548     1.2110774687     2.2312988261
H       16.5691948003     1.0308646832     7.7666056452
H       14.3936238277     1.1346592863     6.7802515512
H       20.3189520793     2.9516544238     2.8018044480
H       16.2096671043     0.1000928530     5.5999023744
32
# Point -14 Energy = 0.0
C       20.5859722946     3.5779377579     7.5572307423
H       18.9743384573     3.5328645028     6.1333124934
C       19.3920661906     2.8885776008     6.9110039533
H       18.5889825484     2.7376496778     7.6423378133
H       20.5216578336     1.7600306920     5.4699618202
C       19.7616979033     1.5738879280     6.2404106888
H       18.8846727654     1.1523351538     5.7387704963
H       20.1753785250     0.8334493483     6.9349297248
H       21.3535680822     3.7867632040     6.8015881387
H       21.0486741345     2.9591874738     8.3323208139
H       20.3030664856     4.5328917828     8.0128401644
Si       16.2977513253     3.6965764806     4.1559091010
O       16.4115916576     5.0308956211     4.5793649171
O       17.9695117778     3.0252823268     3.9385743340
O       15.3058974146     3.0101499701     3.2950820322
O       16.2833228816     2.7049340202     5.7714379897
Si       16.4842656077     6.3663206557     4.3502525295
Si       14.0482344966     2.5763935451     2.6143777598
Si       18.9187490034     2.6222404288     2.4375708870
Si       15.7667705914     0.9928741677     6.6091722280
H       17.8799829143     6.8733911082     3.8119463885
H       15.5388253042     6.9633983284     3.2701510458
H       16.3081370607     7.4269179353     5.5549780675
H       12.7747018912     3.2251022218     3.1367678618
H       13.9195383934     2.7839127960     1.0925903590
H       18.4265143847     3.4296344431     1.3631835981
H       13.7834402255     1.0665985342     2.8042254033
H       18.7047551167     1.1969618296     2.2394317702
H       16.5516408095     1.0145812515     7.7707537187
H       14.3762167793     1.1163090780     6.7704887986
H       20.3216989496     2.9189950291     2.7948003826
H       16.2063587943     0.0962571066     5.5913993382
32
# Point -13 Energy = 0.0
C       20.5943921393     3.5873790036     7.5538039357
H       18.9767687731     3.5416872198     6.1362384878
C       19.3995328243     2.8961594026     6.9105582284
H       18.6006499092     2.7417377364     7.6458740063
H       20.5287669318     1.7666246222     5.4673909744
C       19.7697208024     1.5816037604     6.2389067729
H       18.8930702495     1.1555831992     5.7400338282
H       20.1848683790     0.8433951763     6.9348392173
H       21.3604171036     3.7973726436     6.7969798454
H       21.0587447879     2.9687109308     8.3279197938
H       20.3107493031     4.5416109311     8.0103620306
Si       16.3060039796     3.6769507945     4.1768238148
O       16.4038046684     5.0301621666     4.5981960187
O       17.9704887659     3.0305910250     3.9345902709
O       15.3127422509     3.0034738495     3.2885675193
O       16.2625420365     2.6950062619     5.7757692914
Si       16.4842235128     6.3843747250     4.3592083957
Si       14.0434044379     2.5752180074     2.6021796570
Si       18.9106609134     2.6092439249     2.4477430896
Si       15.7593815232     0.9980189060     6.5975881925
H       17.8813782770     6.8723671310     3.8244748296
H       15.5402437077     6.9635783029     3.2733811366
H       16.3026607052     7.4349336114     5.5624458719
H       12.7807611846     3.2357765188     3.1281002058
H       13.9270173959     2.7919524358     1.0839725476
H       18.4274400854     3.4173557248     1.3643705369
H       13.7732600280     1.0697729592     2.7904841824
H       18.6816086067     1.1836917058     2.2478384518
H       16.5351594970     0.9993386489     7.7745910954
H       14.3600752879     1.0988814192     6.7612120029
H       20.3240019433     2.8881431770     2.7890200272
H       16.2034405894     0.0926060785     5.5837011012
32
# Point -12 Energy = 0.0
C       20.6021936407     3.5963192647     7.5504491917
H       18.9788060317     3.5500824141     6.1390606223
C       19.4064759573     2.9032704895     6.9099952301
H       18.6117297922     2.7453750731     7.6491665919
H       20.5355111889     1.7727560221     5.4648296416
C       19.7772708665     1.5888557450     6.2373018908
H       18.9010744106     1.1584114190     5.7410734758
H       20.1937712073     0.8528526429     6.9346770038
H       21.3667581697     3.8074890442     6.7925640659
H       21.0680735305     2.9777090689     8.3236410734
H       20.3177632716     4.5498190217     8.0079412664
Si       16.3144055431     3.6570361701     4.1972044857
O       16.3959975851     5.0290665496     4.6159118332
O       17.9709574916     3.0355966588     3.9302779308
O       15.3194220793     2.9977201821     3.2818582782
O       16.2428489921     2.6850260164     5.7792109250
Si       16.4843337650     6.4020476541     4.3673509348
Si       14.0383209030     2.5743470789     2.5904460035
Si       18.9030391295     2.5971518017     2.4581617615
Si       15.7528545036     1.0038692089     6.5864123764
H       17.8826322953     6.8711707279     3.8362472314
H       15.5415644989     6.9636264711     3.2764545923
H       16.2975266129     7.4421204714     5.5694488789
H       12.7865961417     3.2459173066     3.1205309455
H       13.9334649015     2.7999920004     1.0759850604
H       18.4286464592     3.4053636754     1.3655607368
H       13.7638161137     1.0731230024     2.7774264559
H       18.6602992334     1.1712689729     2.2563412189
H       16.5198060935     0.9851545554     7.7781023502
H       14.3452086620     1.0824410973     6.7524549831
H       20.3259246796     2.8591753321     2.7843287468
H       16.2008868491     0.0891468617     5.5767495770
32
# Point -11 Energy = 0.0
C       20.6093601338     3.6047376114     7.5472053307
H       18.9804490402     3.5580474881     6.1417941598
C       19.4128755513     2.9099051930     6.9093403528
H       18.6221878945     2.7485718368     7.6522325334
H       20.5418725554     1.7783944189     5.4623236545
C       19.7843166484     1.5956289985     6.2356331883
H       18.9086520041     1.1608161899     5.7419169203
H       20.2020343254     0.8618034914     6.9344900965
H       21.3725886741     3.8170762358     6.7883883895
H       21.0766241156     2.9861574261     8.3195334108
H       20.3240997959     4.5575016663     8.0056078995
Si       16.3229742310     3.6368654905     4.2170289061
O       16.3882246466     5.0276306879     4.6325001854
O       17.9709225910     3.0402998511     3.9256020940
O       15.3259101352     2.9928928434     3.2750266164
O       16.2242922056     2.6750234201     5.7817754221
Si       16.4846353545     6.4193699075     4.3746865074
Si       14.0329818702     2.5737041005     2.5792288385
Si       18.8958633969     2.5860025342     2.4687227608
Si       15.7472015086     1.0104230494     6.5756055241
H       17.8837755997     6.8698353205     3.8472271755
H       15.5428030011     6.9635777845     3.2793783682
H       16.2927930494     7.4485036011     5.5759928912
H       12.7921507495     3.2554489629     3.1140207082
H       13.9389221769     2.8079173691     1.0686494534
H       18.4300764098     3.3937565754     1.3667109430
H       13.7551319754     1.0765628264     2.7651516349
H       18.6408175542     1.1596999330     2.2647758883
H       16.5056272852     0.9720438452     7.7812772041
H       14.3316200536     1.0670492599     6.7442514037
H       20.3275248043     2.8321670437     2.7805947827
H       16.1986712625     0.0858870377     5.5704921157
32
# Point -10 Energy = 0.0
C       20.6158817538     3.6126107236     7.5441078671
H       18.9817011819     3.5655789817     6.1444531260
C       19.4187170071     2.9160562806     6.9086172028
H       18.6319959518     2.7513366120     7.6550883122
H       20.5478358938     1.7835075839     5.4599152951
C       19.7908306727     1.6019070156     6.2339352166
H       18.9157725349     1.1627928025     5.7425902963
H       20.2096096955     0.8702274362     6.9343221104
H       21.3779119206     3.8260955458     6.7844960606
H       21.0843678954     2.9940286364     8.3156414578
H       20.3297580747     4.5646421740     8.0033892417
Si       16.3317277021     3.6164726147     4.2362786120
O       16.3805350383     5.0258794972     4.6479516785
O       17.9703895013     3.0447033588     3.9205361865
O       15.3321786390     2.9889895843     3.2681470780
O       16.2069140748     2.6650303235     5.7834807061
Si       16.4851597638     6.4363743819     4.3812196966
Si       14.0273872400     2.5732115688     2.5685744810
Si       18.8891122459     2.5758350955     2.4793314099
Si       15.7424322977     1.0176810004     6.5651310583
H       17.8848328883     6.8683973084     3.8573802328
H       15.5439704099     6.9634637330     3.2821530935
H       16.2885052799     7.4541132673     5.5820779169
H       12.7973731197     3.2643047506     3.1085186971
H       13.9434402873     2.8156137364     1.0619826022
H       18.4316736350     3.3826340212     1.3677849665
H       13.7472237760     1.0800088665     2.7537505407
H       18.6231518832     1.1489950563     2.2729920894
H       16.4926614378     0.9600192662     7.7841105299
H       14.3193073323     1.0527634550     6.7366345000
H       20.3288539029     2.8071923024     2.7776909003
H       16.1967675628     0.0828350189     5.5648821973
32
# Point -9 Energy = 0.0
C       20.6217553030     3.6199130375     7.5411889137
H       18.9825702033     3.5726725481     6.1470504715
C       19.4239911068     2.9217149516     6.9078476016
H       18.6411318384     2.7536762241     7.6577499661
H       20.5533888772     1.7880618090     5.4576430809
C       19.7967894834     1.6076717762     6.2322397756
H       18.9224083456     1.1643354558     5.7431182989
H       20.2164541758     0.8781022936     6.9342129706
H       21.3827368437     3.8345061148     6.7809258349
H       21.0912838582     3.0012926056     8.3120055275
H       20.3347448897     4.5712216206     8.0013099112
Si       16.3406827453     3.5958919629     4.2549393419
O       16.3729723385     5.0238403120     4.6622595423
O       17.9693643566     3.0488116065     3.9150625664
O       15.3381992184     2.9860019905     3.2612957927
O       16.1907507988     2.6550798592     5.7843500541
Si       16.4859303932     6.4530957426     4.3869529871
Si       14.0215391942     2.5727922544     2.5585229879
Si       18.8827629137     2.5666884606     2.4899029128
Si       15.7385546487     1.0256458379     6.5549557192
H       17.8858223291     6.8668955178     3.8666737753
H       15.5450733405     6.9633116112     3.2847732080
H       16.2846953073     7.4589842170     5.5876979061
H       12.8022160767     3.2724269901     3.1039639827
H       13.9470798646     2.8229679581     1.0559965203
H       18.4333823463     3.3720964018     1.3687540478
H       13.7401010346     1.0833811070     2.7433037406
H       18.6072882483     1.1391687589     2.2808532199
H       16.4809389627     0.9490920769     7.7866023137
H       14.3082639730     1.0396376897     6.7296368510
H       20.3299573860     2.7843228956     2.7754955592
H       16.1951501983     0.0800003125     5.5598799787
32
# Point -8 Energy = 0.0
C       20.6269839603     3.6266169657     7.5384771896
H       18.9830679313     3.5793229789     6.1495982363
C       19.4286938335     2.9268709026     6.9070516297
H       18.6495795038     2.7555956396     7.6602331199
H       20.5585218415     1.7920222203     5.4555416755
C       19.8021735967     1.6129039110     6.2305758416
H       18.9285346422     1.1654373076     5.7435241263
H       20.2225296258     0.8854041860     6.9341987431
H       21.3870776142     3.8422652638     6.7777119813
H       21.0973584552     3.0079167772     8.3086615046
H       20.3390742181     4.5772190000     7.9993919243
Si       16.3498550468     3.5751581307     4.2730013089
O       16.3655741893     5.0215422610     4.6754194404
O       17.9678539390     3.0526302479     3.9091725422
O       15.3439434081     2.9839155244     3.2545497852
O       16.1758323756     2.6452060152     5.7844118910
Si       16.4869622633     6.4695697531     4.3918865439
Si       14.0154425489     2.5723702020     2.5491077844
Si       18.8767912213     2.5586011251     2.5003624625
Si       15.7355746075     1.0343221679     6.5450500184
H       17.8867552344     6.8653705960     3.8750768289
H       15.5461135879     6.9631439688     3.2872272692
H       16.2813820088     7.4631548876     5.5928407296
H       12.8066376464     3.2797669737     3.1002869418
H       13.9499107452     2.8298706464     1.0506983349
H       18.4351469208     3.3622443835     1.3695969734
H       13.7337674168     1.0866041604     2.7338803306
H       18.5932102294     1.1302392094     2.2882360926
H       16.4704827749     0.9392726196     7.7887575674
H       14.2984799201     1.0277225013     6.7232901811
H       20.3308743585     2.7636277706     2.7738936668
H       16.1937949343     0.0773937027     5.5554526946
32
# Point -7 Energy = 0.0
C       20.6315768728     3.6326931785     7.5359981097
H       18.9832099466     3.5855242718     6.1521077117
C       19.4328261012     2.9315124535     6.9062477004
H       18.6573287828     2.7570979513     7.6625530080
H       20.5632276094     1.7953531166     5.4536419041
C       19.8069673844     1.6175829154     6.2289695669
H       18.9341294750     1.1660905729     5.7438294539
H       20.2278028989     0.8921078056     6.9343115747
H       21.3909531680     3.8493288967     6.7748843996
H       21.1025852660     3.0138664728     8.3056408750
H       20.3427667150     4.5826114436     7.9976548386
Si       16.3592590338     3.5543055345     4.2904593056
O       16.3583721643     5.0190156218     4.6874292533
O       17.9658656793     3.0561657636     3.9028661653
O       15.3493832003     2.9827096501     3.2479862685
O       16.1621827197     2.6354432236     5.7836994448
Si       16.4882619530     6.4858326228     4.3960180879
Si       14.0091050763     2.5718716116     2.5403554456
Si       18.8711714273     2.5516106390     2.5106451004
Si       15.7334967324     1.0437160778     6.5353885192
H       17.8876359630     6.8638643804     3.8825599707
H       15.5470880641     6.9629782341     3.2894983931
H       16.2785715879     7.4666665697     5.5974883665
H       12.8106014444     3.2862846770     3.0974107497
H       13.9520114992     2.8362179950     1.0460903918
H       18.4369115102     3.3531783897     1.3702999883
H       13.7282215553     1.0896081477     2.7255371411
H       18.5808987119     1.1222281538     2.2950303510
H       16.4613088035     0.9305708197     7.7905861862
H       14.2899424050     1.0170650390     6.7176251824
H       20.3316374844     2.7451724136     2.7727769879
H       16.1926793647     0.0750273567     5.5515749180
32
# Point -6 Energy = 0.0
C       20.6355486687     3.6381109286     7.5337739372
H       18.9830152325     3.5912697298     6.1545895904
C       19.4363934229     2.9356267203     6.9054526566
H       18.6643751135     2.7581844369     7.6647244913
H       20.5675013033     1.7980183190     5.4519708535
C       19.8111589117     1.6216873983     6.2274443385
H       18.9391736907     1.1662866596     5.7440544354
H       20.2322457507     0.8981867258     6.9345797253
H       21.3943866889     3.8556519245     6.7724688251
H       21.1069645480     3.0191052884     8.3029708507
H       20.3458491072     4.5873744918     7.9961159319
Si       16.3689077900     3.5333680896     4.3073126707
O       16.3513917999     5.0162911746     4.6982888518
O       17.9634077064     3.0594251016     3.8961518431
O       15.3544916160     2.9823580362     3.2416819389
O       16.1498198808     2.6258259692     5.7822502944
Si       16.4898277290     6.5019203868     4.3993428635
Si       14.0025377811     2.5712256070     2.5322856096
Si       18.8658760788     2.5457531515     2.5206953891
Si       15.7323243241     1.0538348155     6.5259499601
H       17.8884620067     6.8624192674     3.8890952657
H       15.5479888755     6.9628264853     3.2915647879
H       16.2762582639     7.4695625611     5.6016172627
H       12.8140769739     3.2919483253     3.0952528507
H       13.9534688665     2.8419133319     1.0421704623
H       18.4386196275     3.3449980615     1.3708565532
H       13.7234578451     1.0923293888     2.7183183171
H       18.5703315818     1.1151607499     2.3011377316
H       16.4534265274     0.9229966072     7.7921027524
H       14.2826366988     1.0077091540     6.7126713469
H       20.3322728592     2.7290182497     2.7720442867
H       16.1917833296     0.0729148629     5.5482286856
32
# Point -5 Energy = 0.0
C       20.6389189227     3.6428384059     7.5318239811
H       18.9825058171     3.5965520841     6.1570541051
C       19.4394055432     2.9391998227     6.9046818825
H       18.6707191939     2.7588546762     7.6667620706
H       20.5713401562     1.7999815258     5.4505520336
C       19.8147397443     1.6251953557     6.2260208819
H       18.9436508673     1.1660163337     5.7442177274
H       20.2358346879     0.9036137445     6.9350276732
H       21.3974050697     3.8611886979     6.7704870968
H       21.1105027083     3.0235955301     8.3006745682
H       20.3483535361     4.5914824035     7.9947904040
Si       16.3788130321     3.5123789215     4.3235651425
O       16.3446527604     5.0133995723     4.7079998726
O       17.9604889347     3.0624153629     3.8890458184
O       15.3592432734     2.9828288325     3.2357122920
O       16.1387563462     2.6163884219     5.7801058418
Si       16.4916498227     6.5178683302     4.4018536830
Si       13.9957551172     2.5703648990     2.5249109971
Si       18.8608758733     2.5410629698     2.5304669547
Si       15.7320596340     1.0646864916     6.5167172412
H       17.8892242163     6.8610775952     3.8946562342
H       15.5488035067     6.9626953500     3.2934003499
H       16.2744251308     7.4718873395     5.6051988209
H       12.8170398423     3.2967338659     3.0937263501
H       13.9543771207     2.8468684128     1.0389320283
H       18.4402137298     3.3378016918     1.3712669913
H       13.7194671704     1.0947109172     2.7122552205
H       18.5614833890     1.1090654023     2.3064712360
H       16.4468395216     0.9165602606     7.7933262864
H       14.2765467923     0.9996955008     6.7084568066
H       20.3327999009     2.7152220718     2.7716012724
H       16.1910892384     0.0710712104     5.5454034955
32
# Point -4 Energy = 0.0
C       20.6417115971     3.6468431068     7.5301648236
H       18.9817064193     3.6013636327     6.1595111519
C       19.4418760511     2.9422171151     6.9039494250
H       18.6763665989     2.7591067136     7.6686798963
H       20.5747433286     1.8012066622     5.4494055856
C       19.8177047404     1.6280844582     6.2247173985
H       18.9475472383     1.1652699062     5.7443365297
H       20.2385507743     0.9083612468     6.9356762756
H       21.4000383711     3.8658934337     6.7689574657
H       21.1132117300     3.0272986674     8.2987713390
H       20.3503168758     4.5949084846     7.9936915906
Si       16.3889851377     3.4913701137     4.3392246286
O       16.3381691052     5.0103707458     4.7165655049
O       17.9571191823     3.0651435386     3.8815715509
O       15.3636149326     2.9840850194     3.2301509733
O       16.1289994114     2.6071640995     5.7773107359
Si       16.4937108180     6.5337104664     4.4035410379
Si       13.9887751429     2.5692263512     2.5182375215
Si       18.8561395414     2.5375721317     2.5399219493
Si       15.7327040528     1.0762798063     6.5076772917
H       17.8899071320     6.8598810605     3.8992178409
H       15.5495150819     6.9625860112     3.2949752943
H       16.2730451283     7.4736857796     5.6081999825
H       12.8194719089     3.3006243843     3.0927412839
H       13.9548373756     2.8510044595     1.0363646234
H       18.4416348115     3.3316856290     1.3715380674
H       13.7162375502     1.0967028272     2.7073666047
H       18.5543249885     1.1039735937     2.3109542688
H       16.4415460051     0.9112726753     7.7942799461
H       14.2716559983     0.9930616504     6.7050081774
H       20.3332312670     2.7038355037     2.7713604105
H       16.1905823037     0.0695127256     5.5430961843
32
# Point -3 Energy = 0.0
C       20.6439550436     3.6500917939     7.5288101289
H       18.9806443547     3.6056964228     6.1619702837
C       19.4438222258     2.9446633480     6.9032679280
H       18.6813277027     2.7589373845     7.6704917598
H       20.5777113512     1.8016578117     5.4485481045
C       19.8200515673     1.6303321535     6.2235494670
H       18.9508511083     1.1640374803     5.7444265636
H       20.2403790755     0.9124012686     6.9365426277
H       21.4023197586     3.8697200004     6.7678943367
H       21.1151091245     3.0301752548     8.2972764006
H       20.3517809698     4.5976250973     7.9928307926
Si       16.3994329484     3.4703732229     4.3543033725
O       16.3319497746     5.0072341560     4.7239906961
O       17.9533088320     3.0676166925     3.8737596114
O       15.3675856738     2.9860858724     3.2250697591
O       16.1205512857     2.5981863498     5.7739128155
Si       16.4959868335     6.5494798401     4.4043940912
Si       13.9816208170     2.5677493868     2.5122642938
Si       18.8516324661     2.5353106514     2.5490304440
Si       15.7342572717     1.0886245834     6.4988209096
H       17.8904900039     6.8588707651     3.9027573550
H       15.5501033411     6.9624955948     3.2962577086
H       16.2720828834     7.4750029400     5.6105849106
H       12.8213607587     3.3036060445     3.0922033575
H       13.9549592475     2.8542497913     1.0344534888
H       18.4428205002     3.3267449283     1.3716830416
H       13.7137583186     1.0982601994     2.7036595204
H       18.5488216993     1.0999205321     2.3145193287
H       16.4375382053     0.9071459817     7.7949908728
H       14.2679463971     0.9878437765     6.7023504497
H       20.3335718337     2.6949049943     2.7712401413
H       16.1902492266     0.0682576811     5.5413107987
32
# Point -2 Energy = 0.0
C       20.6456798415     3.6525521389     7.5277721306
H       18.9793484910     3.6095422999     6.1644411452
C       19.4452640063     2.9465231835     6.9026493129
H       18.6856163926     2.7583421533     7.6722111751
H       20.5802471246     1.8013007772     5.4479940840
C       19.8217813393     1.6319165444     6.2225309775
H       18.9535543194     1.1623090140     5.7445023924
H       20.2413095181     0.9157068189     6.9376412939
H       21.4042836403     3.8726242374     6.7673102730
H       21.1162158104     3.0321870581     8.2962027368
H       20.3527892936     4.5996050249     7.9922185828
Si       16.4101646062     3.4494168420     4.3688163489
O       16.3259984960     5.0040158383     4.7302808522
O       17.9490703575     3.0698405611     3.8656453520
O       15.3711383061     2.9887841666     3.2205363426
O       16.1134104530     2.5894856620     5.7699610092
Si       16.4984457778     6.5652057716     4.4043984322
Si       13.9743164925     2.5658827265     2.5069841437
Si       18.8473203996     2.5343040598     2.5577700368
Si       15.7367204951     1.1017291175     6.4901423758
H       17.8909452499     6.8580849181     3.9052517915
H       15.5505428713     6.9624133269     3.2972114871
H       16.2714932304     7.4758818505     5.6123125397
H       12.8227016595     3.3056781393     3.0920217496
H       13.9548532699     2.8565502587     1.0331819704
H       18.4437091376     3.3230687448     1.3717197809
H       13.7120095194     1.0993501737     2.7011278743
H       18.5449372423     1.0969424196     2.3171087127
H       16.4348064798     0.9041923963     7.7954893524
H       14.2654025611     0.9840719991     6.7005068574
H       20.3338214772     2.6884697582     2.7711661589
H       16.1900827407     0.0673240190     5.5400580875
32
# Point -1 Energy = 0.0
C       20.6469198178     3.6541917682     7.5270607022
H       18.9778496333     3.6128931512     6.1669332232
C       19.4462242178     2.9477811596     6.9021043625
H       18.6892504782     2.7573156985     7.6738513115
H       20.5823545926     1.8001021513     5.4477550107
C       19.8228975188     1.6328160787     6.2216735610
H       18.9556505982     1.1600746778     5.7445772164
H       20.2413354983     0.9182512696     6.9389835612
H       21.4059665013     3.8745623755     6.7672147439
H       21.1165569765     3.0332957782     8.2955599368
H       20.3533889175     4.6008207331     7.9918639810
Si       16.4211869681     3.4285287425     4.3827821179
O       16.3203147409     5.0007404390     4.7354427525
O       17.9444171205     3.0718207012     3.8572697136
O       15.3742587958     2.9921299588     3.2166155010
O       16.1075713269     2.5810918481     5.7655061768
Si       16.5010501782     6.5809158836     4.4035387156
Si       13.9668913345     2.5635783763     2.5023837110
Si       18.8431657608     2.5345751370     2.5661250260
Si       15.7400935624     1.1156023822     6.4816390819
H       17.8912409201     6.8575602206     3.9066804138
H       15.5508056016     6.9623247889     3.2977996382
H       16.2712248708     7.4763644955     5.6133403453
H       12.8234956466     3.3068418857     3.0921032539
H       13.9546367142     2.8578597363     1.0325300415
H       18.4442351384     3.3207435858     1.3716716822
H       13.7109732556     1.0999448602     2.6997553055
H       18.5426292022     1.0950787661     2.3186722009
H       16.4333363524     0.9024255853     7.7958087541
H       14.2640087211     0.9817753351     6.6994986666
H       20.3339724228     2.6845630455     2.7710694912
H       16.1900772160     0.0667313847     5.5393551600
32
# Point 0 Energy = 0
C       20.6477110000     3.6549790000     7.5266840000
H       18.9761800000     3.6157410000     6.1694560000
C       19.4467280000     2.9484220000     6.9016430000
H       18.6922510000     2.7558520000     7.6754250000
H       20.5840390000     1.7980300000     5.4478400000
C       19.8234060000     1.6330100000     6.2209870000
H       18.9571360000     1.1573250000     5.7446630000
H       20.2404540000     0.9200090000     6.9405780000
H       21.4074060000     3.8754920000     6.7676150000
H       21.1161610000     3.0334640000     8.2953550000
H       20.3536290000     4.6012450000     7.9917750000
Si       16.4325060000     3.4077350000     4.3962220000
O       16.3148940000     4.9974300000     4.7394840000
O       17.9393640000     3.0735620000     3.8486780000
O       15.3769370000     2.9960700000     3.2133680000
O       16.1030250000     2.5730330000     5.7606000000
Si       16.5037570000     6.5966350000     4.4017980000
Si       13.9593780000     2.5607940000     2.4984440000
Si       18.8391290000     2.5361430000     2.5740860000
Si       15.7443760000     1.1302530000     6.4733110000
H       17.8913405600     6.8573308000     3.9070238400
H       15.5508605600     6.9622108000     3.2979838400
H       16.2712205600     7.4764908000     5.6136238400
H       12.8237502400     3.3071035200     3.0923555200
H       13.9544302400     2.8581435200     1.0324755200
H       18.4443303200     3.3198514400     1.3715668800
H       13.7106302400     1.1000235200     2.6995155200
H       18.5418503200     1.0943714400     2.3191668800
H       16.4331100800     0.9018602400     7.7959848800
H       14.2637500800     0.9809802400     6.6993448800
H       20.3340103200     2.6832114400     2.7708868800
H       16.1902300800     0.0665002400     5.5392248800
32
# Point 1 Energy = 0.0
C       20.6480895692     3.6548894132     7.5266541265
H       18.9743730958     3.6180794279     6.1720226734
C       19.4468033730     2.9484336580     6.9012789734
H       18.6946424375     2.7539459970     7.6769486619
H       20.5853120839     1.7950588109     5.4482625795
C       19.8233198255     1.6324819135     6.2204852486
H       18.9580154481     1.1540518786     5.7447757925
H       20.2386712904     0.9209605583     6.9424374753
H       21.4086392619     3.8753800338     6.7685225070
H       21.1150580594     3.0326635275     8.2955990025
H       20.3535557471     4.6008570305     7.9919633053
Si       16.4441291887     3.3870522614     4.4091607732
O       16.3097309769     4.9940964232     4.7424120997
O       17.9339278647     3.0750627078     3.8399141483
O       15.3791664604     3.0005506961     3.2108505176
O       16.0997616517     2.5653280276     5.7552956472
Si       16.5065207955     6.6123772477     4.3991550806
Si       13.9518101199     2.5575043237     2.4951394096
Si       18.8351645312     2.5390191464     2.5816400938
Si       15.7495678661     1.1456820925     6.4651615251
H       17.8912058939     6.8574192840     3.9062596063
H       15.5506753080     6.9620376055     3.2977226111
H       16.2714211121     7.4762912367     5.6131138415
H       12.8234800928     3.3064858360     3.0926913224
H       13.9543549135     2.8573980443     1.0329949505
H       18.4439145153     3.3204673002     1.3714314795
H       13.7109526950     1.0995832645     2.7003637816
H       18.5425437629     1.0948611583     2.3185455397
H       16.4341076314     0.9025032257     7.7960565485
H       14.2646137527     0.9817047344     6.7000640172
H       20.3339109438     2.6844313461     2.7705452857
H       16.1905403318     0.0666437888     5.5396967350
32
# Point 2 Energy = 0.0
C       20.6480926193     3.6538994434     7.5269822294
H       18.9724631928     3.6199024966     6.1746464314
C       19.4464795856     2.9478046531     6.9010254047
H       18.6964510902     2.7515925777     7.6784382855
H       20.5861861895     1.7911646580     5.4490346800
C       19.8226534034     1.6312165400     6.2201808576
H       18.9582953305     1.1502480736     5.7449304697
H       20.2359956324     0.9210878003     6.9445727933
H       21.4097036449     3.8741947016     6.7699476153
H       21.1132797504     3.0308671962     8.2963014217
H       20.3532161623     4.5996365488     7.9924401464
Si       16.4560637198     3.3664963523     4.4216247699
O       16.3048182683     4.9907493987     4.7442350024
O       17.9281269878     3.0763211030     3.8310249640
O       15.3809450134     3.0055170590     3.2091160479
O       16.0977694111     2.5579946538     5.7496455882
Si       16.5092934038     6.6281544488     4.3955880153
Si       13.9442252630     2.5536875323     2.4924409363
Si       18.8312237715     2.5432118478     2.5887789629
Si       15.7556688599     1.1618907530     6.4571944015
H       17.8907967442     6.8578455126     3.9043669209
H       15.5502168552     6.9617688295     3.2969749649
H       16.2717654957     7.4757937473     5.6117613195
H       12.8227057841     3.3050120890     3.0930252255
H       13.9545343348     2.8556265405     1.0340644201
H       18.4429028621     3.3226619310     1.3712954176
H       13.7119152872     1.0986249754     2.7022502329
H       18.5446458522     1.0965918383     2.3167658704
H       16.4363063227     0.9043626549     7.7960627533
H       14.2665878935     0.9839662675     6.7016706563
H       20.3336427663     2.6882330013     2.7699753326
H       16.1910091020     0.0671767750     5.5408032225
32
# Point 3 Energy = 0.0
C       20.6477574794     3.6519815590     7.5276750114
H       18.9704841043     3.6212034411     6.1773375940
C       19.4457851417     2.9465215880     6.9008911797
H       18.6977031436     2.7487845719     7.6799058067
H       20.5866701089     1.7863223004     5.4501616328
C       19.8214183541     1.6291972752     6.2200801337
H       18.9579785080     1.1459064656     5.7451357426
H       20.2324324155     0.9203702620     6.9469871761
H       21.4106361173     3.8719001918     6.7718959206
H       21.1108577802     3.0280427298     8.2974659987
H       20.3526589883     4.5975590125     7.9932138076
Si       16.4683150807     3.3460875779     4.4336392234
O       16.3001431321     4.9874008571     4.7449606232
O       17.9219825168     3.0773403101     3.8220621279
O       15.3822755633     3.0109072517     3.2082119717
O       16.0970345896     2.5510540435     5.7436985267
Si       16.5120181449     6.6439812436     4.3910745050
Si       13.9366625178     2.5493224298     2.4903170319
Si       18.8272643726     2.5487262132     2.5955077030
Si       15.7626825040     1.1788841795     6.4494126781
H       17.8900654962     6.8586337688     3.9013274939
H       15.5494469325     6.9613712346     3.2957003873
H       16.2721847741     7.4750290375     5.6095175922
H       12.8214545066     3.3027071839     3.0932764921
H       13.9550886207     2.8528325447     1.0356610497
H       18.4412210312     3.3264964506     1.3711962521
H       13.7134882046     1.0971508989     2.7051259887
H       18.5480951045     1.0996090486     2.3138036879
H       16.4396870574     0.9074552729     7.7960409441
H       14.2696663579     0.9877817358     6.7041749980
H       20.3331746889     2.6946203667     2.7691281192
H       16.1916472624     0.0681209535     5.5425779601
32
# Point 4 Energy = 0.0
C       20.6471242824     3.6491086973     7.5287362966
H       18.9684711426     3.6219761692     6.1801060225
C       19.4447508210     2.9445717646     6.9008837744
H       18.6984282490     2.7455153421     7.6813626320
H       20.5867724045     1.7805075394     5.4516454616
C       19.8196274802     1.6264085645     6.2201869884
H       18.9570685007     1.1410210935     5.7453989439
H       20.2279891212     0.9187886420     6.9496805131
H       21.4114751637     3.8684611153     6.7743692752
H       21.1078275359     3.0241584141     8.2990925922
H       20.3519365282     4.5946001727     7.9942903912
Si       16.4808873809     3.3258464604     4.4452325814
O       16.2956904864     4.9840614959     4.7445988244
O       17.9155160257     3.0781238840     3.8130818237
O       15.3831650576     3.0166609675     3.2081820142
O       16.0975403626     2.5445272924     5.7375041703
Si       16.5146364861     6.6598708652     4.3855938893
Si       13.9291675660     2.5443880795     2.4887311190
Si       18.8232386297     2.5555649260     2.6018372426
Si       15.7706086852     1.1966686661     6.4418204747
H       17.8889632836     6.8598061409     3.8971269775
H       15.5483277099     6.9608112946     3.2938611090
H       16.2726092096     7.4740261179     5.6063367436
H       12.8197585496     3.2995904978     3.0933594390
H       13.9561456573     2.8490213010     1.0377589628
H       18.4387873546     3.3320288973     1.3711781237
H       13.7156511763     1.0951628621     2.7089365242
H       18.5528200625     1.1039626733     2.3096399114
H       16.4442246428     0.9117995437     7.7960300241
H       14.2738406919     0.9931703196     6.7075841192
H       20.3324666925     2.7035918532     2.7679598377
H       16.1924636599     0.0695003469     5.5450585571
32
# Point 5 Energy = 0.0
C       20.6462329937     3.6452557921     7.5301694926
H       18.9664597190     3.6222152854     6.1829619010
C       19.4434080851     2.9419435887     6.9010103740
H       18.6986574086     2.7417783237     7.6828198732
H       20.5865025316     1.7736990348     5.4534869750
C       19.8172952238     1.6228368208     6.2205042601
H       18.9555709787     1.1355872724     5.7457263509
H       20.2226758407     0.9163260712     6.9526510726
H       21.4122583985     3.8638449171     6.7773690289
H       21.1042249604     3.0191850090     8.3011800977
H       20.3511002383     4.5907372161     7.9956761385
Si       16.4937846196     3.3057914936     4.4564341464
O       16.2914431071     4.9807380580     4.7431597162
O       17.9087514138     3.0786748522     3.8041410167
O       15.3836249952     3.0227162900     3.2090644974
O       16.0992692311     2.5384327678     5.7311105383
Si       16.5170858742     6.6758326252     4.3791243993
Si       13.9217873967     2.5388715807     2.4876426144
Si       18.8190988646     2.5637251685     2.6077831903
Si       15.7794486962     1.2152487284     6.4344221704
H       17.8874377931     6.8613808690     3.8917512169
H       15.5468192159     6.9600512565     3.2914196793
H       16.2729665208     7.4728104197     5.6021725166
H       12.8176567676     3.2956884763     3.0931922245
H       13.9578310125     2.8442113065     1.0403325417
H       18.4355189981     3.3393076623     1.3712884374
H       13.7183793966     1.0926701078     2.7136208101
H       18.5587443975     1.1097024736     2.3042618366
H       16.4498946151     0.9174141220     7.7960685947
H       14.2791055358     1.0001477461     6.7119022933
H       20.3314743878     2.7151377894     2.7664324560
H       16.1934713825     0.0713388753     5.5482848992
32
# Point 6 Energy = 0.0
C       20.6451238190     3.6403995925     7.5319770570
H       18.9644854680     3.6219162239     6.1859155349
C       19.4417891972     2.9386266663     6.9012776280
H       18.6984232097     2.7375673781     7.6842882850
H       20.5858703628     1.7658780437     5.4556853376
C       19.8144373153     1.6184704090     6.2210334661
H       18.9534932134     1.1296017842     5.7461231398
H       20.2165048682     0.9129680420     6.9558952149
H       21.4130228593     3.8580214426     6.7808953203
H       21.1000869586     3.0130955092     8.3037258544
H       20.3502014725     4.5859486678     7.9973768974
Si       16.5070104309     3.2859398362     4.4672743888
O       16.2873820260     4.9774339831     4.7406541469
O       17.9017143988     3.0789961223     3.7952977851
O       15.3836712562     3.0290110632     3.2108926283
O       16.1022028006     2.5327867422     5.7245642982
Si       16.5193008635     6.6918724802     4.3716441858
Si       13.9145713135     2.5327660591     2.4870070747
Si       18.8147963539     2.5731992753     2.6133658937
Si       15.7892039859     1.2346276231     6.4272220249
H       17.8854342764     6.8633726136     3.8851871524
H       15.5448804705     6.9590506239     3.2883401196
H       16.2731833074     7.4714041756     5.5969796185
H       12.8151941354     3.2910314140     3.0926946641
H       13.9602695851     2.8384306545     1.0433560349
H       18.4313306387     3.3483723065     1.3715786812
H       13.7216470691     1.0896867490     2.7191125216
H       18.5657854339     1.1168787373     2.2976627588
H       16.4566719830     0.9243179615     7.7961947258
H       14.2854572524     1.0087278084     6.7171306820
H       20.3301483006     2.7292411294     2.7645136212
H       16.1946859742     0.0736608818     5.5522986179
32
# Point 7 Energy = 0.0
C       20.6438369983     3.6345188073     7.5341605078
H       18.9625840896     3.6210753593     6.1889773296
C       19.4399270365     2.9346119554     6.9016916550
H       18.6977596378     2.7328769850     7.6857782611
H       20.5848860297     1.7570285568     5.4582381013
C       19.8110705960     1.6132998051     6.2217748434
H       18.9508439292     1.1230630478     5.7465934131
H       20.2094905036     0.9087025894     6.9594074767
H       21.4138048123     3.8509630527     6.7849470806
H       21.0954511734     3.0058653153     8.3067256910
H       20.3492912740     4.5802145319     7.9993981075
Si       16.5205681002     3.2663074453     4.4777847765
O       16.2834868575     4.9741494414     4.7370938061
O       17.8944324416     3.0790906322     3.7866109118
O       15.3833239944     3.0354833246     3.2136944304
O       16.1063220186     2.5276033978     5.7179105658
Si       16.5212135690     6.7079930109     4.3631316221
Si       13.9075706865     2.5260705541     2.4867764844
Si       18.8102815657     2.5839746747     2.6186103187
Si       15.7998761134     1.2548071911     6.4202237473
H       17.8828959033     6.8657923991     3.8774228270
H       15.5424698858     6.9577665934     3.2845883567
H       16.2731857823     7.4698264255     5.5907141210
H       12.8124216618     3.2856534519     3.0917881221
H       13.9635849878     2.8317162946     1.0468038501
H       18.4261347286     3.3592529261     1.3721044811
H       13.7254274367     1.0862312774     2.7253407526
H       18.5738540080     1.1255418537     2.2898420455
H       16.4645314968     0.9325300474     7.7964454398
H       14.2928938262     1.0189223997     6.7232671463
H       20.3284342374     2.7458775583     2.7621767713
H       16.1961252178     0.0764910949     5.5571423163
32
# Point 8 Energy = 0.0
C       20.6424126452     3.6275942469     7.5367203854
H       18.9607912083     3.6196901174     6.1921577528
C       19.4378549410     2.9298919154     6.9022580277
H       18.6967019294     2.7277024374     7.6872998273
H       20.5835597675     1.7471374220     5.4611412013
C       19.8072128539     1.6073177470     6.2227273725
H       18.9476331562     1.1159712824     5.7471402308
H       20.2016488812     0.9035204618     6.9631806345
H       21.4146395937     3.8426447298     6.7895219726
H       21.0903558205     2.9974724003     8.3101739220
H       20.3484202242     4.5735164322     8.0017447357
Si       16.5344605550     3.2469092175     4.4879976426
O       16.2797361001     4.9708814013     4.7324913631
O       17.8869346339     3.0789615000     3.7781395333
O       15.3826074790     3.0420717012     3.2174926973
O       16.1116073404     2.5228948420     5.7111927536
Si       16.5227541145     6.7241934095     4.3535656251
Si       13.9008387022     2.5187898655     2.4868995255
Si       18.8055044152     2.5960338603     2.6235459708
Si       15.8114666431     1.2757876949     6.4134300970
H       17.8797641104     6.8686475951     3.8684474313
H       15.5395456872     6.9561545203     3.2801326434
H       16.2729004585     7.4680930769     5.5833338392
H       12.8093962898     3.2795926118     3.0903953560
H       13.9678989698     2.8241132057     1.0506508236
H       18.4198418449     3.3719695559     1.3729256978
H       13.7296928180     1.0823260714     2.7322306716
H       18.5828543686     1.1357418442     2.2808052887
H       16.4734478167     0.9420690894     7.7968562162
H       14.3014146819     1.0307415130     6.7303060390
H       20.3262736768     2.7650156399     2.7594012833
H       16.1978088733     0.0798545914     5.5628587991
32
# Point 9 Energy = 0.0
C       20.6408906298     3.6196089702     7.5396561693
H       18.9591422472     3.6177590858     6.1954672793
C       19.4356065780     2.9244606596     6.9029817396
H       18.6952864631     2.7220400424     7.6888626339
H       20.5819017669     1.7361944589     5.4643889248
C       19.8028826768     1.6005193800     6.2238887877
H       18.9438720887     1.1083286636     5.7477656495
H       20.1929978285     0.8974152900     6.9672057567
H       21.4155614838     3.8330441874     6.7946162675
H       21.0848395813     2.9878974837     8.3140632962
H       20.3476383423     4.5658377634     8.0044211644
Si       16.5486903317     3.2277591281     4.4979460864
O       16.2761074163     4.9676237193     4.7268606404
O       17.8792515523     3.0786121612     3.7699428405
O       15.3815498888     3.0487157694     3.2223049598
O       16.1180388219     2.5186711295     5.7044524631
Si       16.5238510810     6.7404694687     4.3429260019
Si       13.8944301149     2.5109343681     2.4873218288
Si       18.8004145383     2.6093543869     2.6282068456
Si       15.8239769753     1.2975676482     6.4068425213
H       17.8759789525     6.8719419353     3.8582513896
H       15.5360663559     6.9541684150     3.2749439707
H       16.2722547922     7.4662170156     5.5747986979
H       12.8061807776     3.2728908617     3.0884403309
H       13.9733308742     2.8156735047     1.0548724684
H       18.4123611243     3.3865316153     1.3741065522
H       13.7344146555     1.0779969167     2.7397041057
H       18.5926841204     1.1475278416     2.2705645207
H       16.4833955693     0.9529531753     7.7974605245
H       14.3110204190     1.0441932048     6.7382379816
H       20.3236041823     2.7866169957     2.7561726463
H       16.1997583701     0.0837767540     5.5694903149
32
# Point 10 Energy = 0.0
C       20.6393104988     3.6105484432     7.5429661523
H       18.9576723134     3.6152821246     6.1989163189
C       19.4332158406     2.9183141090     6.9038671555
H       18.6935506857     2.7158873294     7.6904759458
H       20.5799220359     1.7241925678     5.4679738590
C       19.7980993255     1.5929023992     6.2252555820
H       18.9395729536     1.1001394694     5.7484707737
H       20.1835567591     0.8903837568     6.9714722516
H       21.4166036101     3.8221419876     6.8002246629
H       21.0789415479     2.9771242223     8.3183849053
H       20.3469950258     4.5571638569     8.0074310304
Si       16.5632595197     3.2088703578     4.5076639034
O       16.2725778950     4.9643672434     4.7202168161
O       17.8714150817     3.0780464847     3.7620798263
O       15.3801830626     3.0553563788     3.2281434642
O       16.1255961449     2.5149402830     5.6977294140
Si       16.5244319616     6.7568135619     4.3311938217
Si       13.8884010003     2.5025198022     2.4879862068
Si       18.7949615785     2.6239088832     2.6326313955
Si       15.8374081155     1.3201436335     6.4004608362
H       17.8714794639     6.8756755711     3.8468264899
H       15.5319910947     6.9517614733     3.2689964700
H       16.2711777863     7.4642082615     5.5650710904
H       12.8028435636     3.2655941988     3.0858480220
H       13.9799971291     2.8064555125     1.0594452040
H       18.4036007786     3.4029374000     1.3757157586
H       13.7395635747     1.0732725524     2.7476800467
H       18.6032342163     1.1609475132     2.2591384758
H       16.4943492907     0.9651993870     7.7982893926
H       14.3217124645     1.0592835186     6.7470496276
H       20.3203598301     2.8106365045     2.7524826393
H       16.2019964510     0.0882832127     5.5770778214
32
# Point 11 Energy = 0.0
C       20.6377114277     3.6004007145     7.5466472777
H       18.9564160939     3.6122604762     6.2025151274
C       19.4307167662     2.9114501529     6.9049179487
H       18.6915330682     2.7092432654     7.6921486345
H       20.5776302768     1.7111278348     5.4718868262
C       19.7928826270     1.5844671896     6.2268230100
H       18.9347488934     1.0914102159     5.7492558260
H       20.1733466007     0.8824257701     6.9759679202
H       21.4177978749     3.8099216756     6.8063400513
H       21.0727012130     2.9651394251     8.3231280599
H       20.3465390230     4.5474821704     8.0107770197
Si       16.5781696879     3.1902553971     4.5171855375
O       16.2691242994     4.9610999199     4.7125766516
O       17.8634582123     3.0772688587     3.7546090697
O       15.3785422074     3.0619359438     3.2350151542
O       16.1342585774     2.5117083070     5.6910614054
Si       16.5244236272     6.7732146113     4.3183518166
Si       13.8828085114     2.4935670463     2.4888328715
Si       18.7890954832     2.6396650754     2.6368624955
Si       15.8517603848     1.3435101060     6.3942829537
H       17.8662040332     6.8798451632     3.8341660585
H       15.5272803123     6.9488866441     3.2622678021
H       16.2696005528     7.4620741693     5.5541162324
H       12.7994586115     3.2577527429     3.0825442285
H       13.9880107623     2.7965227981     1.0643465718
H       18.3934686880     3.4211736251     1.3778266504
H       13.7451094571     1.0681842535     2.7560750719
H       18.6143890015     1.1760464246     2.2465528771
H       16.5062832572     0.9788233818     7.7993710166
H       14.3334926496     1.0760163680     6.7567234185
H       20.3164716485     2.8370225092     2.7483294972
H       16.2045467704     0.0933997644     5.5856602778
32
# Point 12 Energy = 0.0
C       20.6361321951     3.5891566122     7.5506949486
H       18.9554077553     3.6086968723     6.2062737009
C       19.4281434718     2.9038688121     6.9061370296
H       18.6892730843     2.7021084754     7.6938891692
H       20.5750357807     1.6969996339     5.4761168166
C       19.7872528909     1.5752169637     6.2285850979
H       18.9294138666     1.0821497783     5.7501202369
H       20.1623897586     0.8735446429     6.9806790231
H       21.4191749012     3.7963699353     6.8129532490
H       21.0661584957     2.9519332966     8.3282801437
H       20.3463184252     4.5367824990     8.0144606241
Si       16.5934217973     3.1719261206     4.5265460469
O       16.2657233059     4.9578068986     4.7039587367
O       17.8554148161     3.0762842387     3.7475885498
O       15.3766655685     3.0683987037     3.2429216573
O       16.1440048815     2.5089791901     5.6844843016
Si       16.5237528085     6.7896580394     4.3043848071
Si       13.8777106367     2.4841018827     2.4897996410
Si       18.7827668079     2.6565858143     2.6409473926
Si       15.8670330804     1.3676591823     6.3883046585
H       17.8600907983     6.8844440145     3.8202651734
H       15.5218961208     6.9454972394     3.2547395279
H       16.2674568369     7.4598196743     5.5419025152
H       12.7961052375     3.2494208298     3.0784554153
H       13.9974809354     2.7859432217     1.0695554419
H       18.3818730637     3.4412150223     1.3805172736
H       13.7510215246     1.0627654599     2.7648036793
H       18.6260263144     1.1928673431     2.2328407287
H       16.5191712112     0.9938389434     7.8007304171
H       14.3463627168     1.0943933766     6.7672373387
H       20.3118680630     2.8657170209     2.7437180437
H       16.2074334492     0.0991522616     5.5952739739
32
# Point 13 Energy = 0.0
C       20.6346111734     3.5768099592     7.5551028181
H       18.9546808482     3.6045956346     6.2102016559
C       19.4255301025     2.8955724041     6.9075264683
H       18.6868112045     2.6944854646     7.6957056110
H       20.5721473441     1.6818107270     5.4806509300
C       19.7812308464     1.5651578935     6.2305346664
H       18.9235825691     1.0723694937     5.7510627591
H       20.1507101107     0.8637472750     6.9855903698
H       21.4207639933     3.7814767660     6.8200526997
H       21.0593537932     2.9374997086     8.3338264604
H       20.3463806675     4.5250572126     8.0184818677
Si       16.6090161051     3.1538938249     4.5357810761
O       16.2623517383     4.9544706310     4.6943837442
O       17.8473194074     3.0750981542     3.7410754761
O       15.3745940635     3.0746909571     3.2518592754
O       16.1548131774     2.5067548920     5.6780320349
Si       16.5223465952     6.8061257030     4.2892801505
Si       13.8731659598     2.4741547609     2.4908221414
Si       18.7759270252     2.6746291029     2.6449376242
Si       15.8832241002     1.3925804147     6.3825194367
H       17.8530780635     6.8894622503     3.8051209090
H       15.5158028362     6.9415475891     3.2463974497
H       16.2646834974     7.4574475853     5.5284018559
H       12.7928679184     3.2406570966     3.0735086068
H       14.0085124869     2.7747879973     1.0750522144
H       18.3687231755     3.4630239962     1.3838704331
H       13.7572684373     1.0570514595     2.7737785354
H       18.6380176478     1.2114494794     2.2180425926
H       16.5329859978     1.0102575093     7.8023891468
H       14.3603237730     1.1144136791     6.7785646779
H       20.3064753452     2.8966559113     2.7386597745
H       16.2106805962     0.1055664671     5.6059518980
32
# Point 14 Energy = 0.0
C       20.6331863247     3.5633578065     7.5598625737
H       18.9542682095     3.5999627665     6.2143080971
C       19.4229107867     2.8865657059     6.9090874173
H       18.6841888955     2.6863788366     7.6976056090
H       20.5689732093     1.6655673579     5.4854743356
C       19.7748376008     1.5542992351     6.2326633715
H       18.9172703759     1.0620832428     5.7520816071
H       20.1383330328     0.8530443353     6.9906854389
H       21.4225931057     3.7652356818     6.8276241686
H       21.0523280463     2.9218364980     8.3397500840
H       20.3467725257     4.5123015111     8.0228390136
Si       16.6249520664     3.1361692253     4.5449268229
O       16.2589868008     4.9510709592     4.6838746837
O       17.8392068949     3.0737166708     3.7351261277
O       15.3723708860     3.0807612729     3.2618189811
O       16.1666607786     2.5050353136     5.6717366199
Si       16.5201329543     6.8225958142     4.2730282028
Si       13.8692334201     2.4637605664     2.4918340100
Si       18.7685288347     2.6937481191     2.6488888888
Si       15.9003295450     1.4182605534     6.3769183559
H       17.8451047398     6.8948870514     3.7887326015
H       15.5089674644     6.9369937421     3.2372319129
H       16.2612209409     7.4549589279     5.5135900453
H       12.7898360821     3.2315245499     3.0676313485
H       14.0212054751     2.7631307897     1.0808190212
H       18.3539301326     3.4865503437     1.3879736673
H       13.7638184019     1.0510791313     2.7829106402
H       18.6502283764     1.2318276729     2.2022068307
H       16.5476991302     1.0280876819     7.8043650511
H       14.3753757011     1.1360736831     6.7906738107
H       20.3002180595     2.9297690846     2.7331728715
H       16.2143118026     0.1126678692     5.6177231500
32
# Point 15 Energy = 0.0
C       20.6318951962     3.5488006784     7.5649637265
H       18.9542018626     3.5948060321     6.2186014751
C       19.4203195926     2.8768561079     6.9108200387
H       18.6814486161     2.6777955008     7.6995963994
H       20.5655210308     1.6482793395     5.4905702609
C       19.7680946153     1.5426534397     6.2349617699
H       18.9104933049     1.0513075043     5.7531746204
H       20.1252854446     0.8414504369     6.9959465341
H       21.4246888168     3.7476439275     6.8356504442
H       21.0451228066     2.9049457817     8.3460317298
H       20.3475400999     4.4985136957     8.0275282641
Si       16.6412282394     3.1187624126     4.5540199929
O       16.2556063128     4.9475851977     4.6724571439
O       17.8311123289     3.0721463087     3.7297956891
O       15.3700410803     3.0865606830     3.2727864254
O       16.1795240128     2.5038182512     5.6656281715
Si       16.5170412659     6.8390428526     4.2556227877
Si       13.8659720745     2.4529583998     2.4927671089
Si       18.7605264750     2.7138912353     2.6528608586
Si       15.9183433169     1.4446833006     6.3714899980
H       17.8361108082     6.9007029453     3.7711021196
H       15.5013601553     6.9317942116     3.2272380522
H       16.2570134997     7.4523533407     5.4974470882
H       12.7871038808     3.2220906113     3.0607517586
H       14.0356547148     2.7510468637     1.0868399304
H       18.3374077108     3.5117310435     1.3929191387
H       13.7706392933     1.0448867532     2.7921094151
H       18.6625180537     1.2540315242     2.1853897930
H       16.5632803057     1.0473347352     7.8066720841
H       14.3915165526     1.1593668001     6.8035280032
H       20.2930195090     2.9649806262     2.7272821343
H       16.2183496232     0.1204814589     5.6306124036
