32
# Point -15 Energy = 0.0
C       20.6541810311     3.5776856592     7.4682993848
H       18.9511976819     3.5868284510     6.1435976623
C       19.4277650843     2.9026656785     6.8570508380
H       18.6884142560     2.7223192075     7.6500412421
H       20.5104569286     1.7397026683     5.3757462589
C       19.7606272530     1.5834283624     6.1606815029
H       18.8822631711     1.1289093233     5.6933200677
H       20.1827904631     0.8655010919     6.8728308120
H       21.4076326555     3.7839534727     6.6989324103
H       21.1192300278     2.9336854491     8.2203641507
H       20.3955039865     4.5263894633     7.9499771201
Si       16.3800338401     3.4451281974     4.3958995604
O       16.2949352276     5.0507248675     4.8258463007
O       17.8370114286     2.9843238224     3.8691729946
O       15.2873162027     2.9514426826     3.3257487594
O       16.0757721962     2.5344772154     5.6552299462
Si       16.5128241690     6.6286009780     4.3233137781
Si       14.0132324708     2.7405097640     2.3533448454
Si       18.8087274832     2.9203217951     2.5580619985
Si       15.7156463930     1.4149041927     6.7438378834
H       17.8709592529     6.8785115622     3.9016995686
H       15.5294095506     7.0062017412     3.3519752613
H       16.3041909238     7.4958525459     5.6555912878
H       12.8136361704     3.0337412793     2.8939163432
H       14.1090000227     2.6203100027     1.0724653885
H       18.5272606852     3.4033207109     1.5016199272
H       13.9916957465     0.9479409614     2.8690458985
H       18.5693634395     1.1302634856     2.4324276427
H       16.4693533048     1.0278955161     7.7421732069
H       14.3515361724     1.0458769355     6.7752422605
H       20.2620741010     2.6914598722     2.9186648337
H       16.1639392803     0.1704250448     5.4710462249
32
# Point -14 Energy = 0.0
C       20.6547779473     3.5868955126     7.4749417351
H       18.9543852155     3.5894947676     6.1473242572
C       19.4311490567     2.9076752507     6.8628218473
H       18.6906638524     2.7262690001     7.6543870918
H       20.5196015656     1.7456199400     5.3847708475
C       19.7689126860     1.5884909791     6.1687459444
H       18.8921140019     1.1310416679     5.7008025043
H       20.1913472129     0.8720447065     6.8821924829
H       21.4087207903     3.7944109963     6.7064011642
H       21.1205875147     2.9456225260     8.2288627300
H       20.3923183194     4.5355497724     7.9546145356
Si       16.3859295537     3.4385879566     4.3969497755
O       16.2961917739     5.0434845411     4.8198013584
O       17.8475432475     2.9874071617     3.8703630549
O       15.2970437624     2.9479099793     3.3184595947
O       16.0803322241     2.5333643808     5.6639953298
Si       16.5119711269     6.6231160538     4.3274912940
Si       14.0087896069     2.7389824400     2.3611225405
Si       18.8091947884     2.8927920629     2.5522939213
Si       15.7150046263     1.3907391766     6.7312405683
H       17.8724769735     6.8739461299     3.9021554415
H       15.5306166053     6.9986487611     3.3463763032
H       16.3000357717     7.4923673412     5.6508823642
H       12.8113244607     3.0657171882     2.9096629460
H       14.0949705454     2.6489000964     1.0633125686
H       18.5136077044     3.3909881912     1.4845133982
H       13.9577608644     0.9623135828     2.8398034046
H       18.5663953886     1.1250897044     2.4190665490
H       16.4654765967     1.0106755971     7.7519400295
H       14.3409604801     1.0361291127     6.7704744000
H       20.2702320123     2.6918875322     2.8982172499
H       16.1675443238     0.1571398907     5.4831781276
32
# Point -13 Energy = 0.0
C       20.6550361885     3.5956385823     7.4813455143
H       18.9573141226     3.5920966323     6.1507527850
C       19.4341506198     2.9124613276     6.8682129018
H       18.6924815719     2.7299638336     7.6582936763
H       20.5282792696     1.7514162440     5.3933025225
C       19.7766819688     1.5934060106     6.1762618065
H       18.9014216114     1.1332027622     5.7076378882
H       20.1992668819     0.8782870693     6.8909178220
H       21.4095231383     3.8044234879     6.7136924712
H       21.1214845236     2.9569323618     8.2370471675
H       20.3888921543     4.5441913725     7.9591328204
Si       16.3916491826     3.4325527358     4.3975846359
O       16.2975012312     5.0366654942     4.8135541883
O       17.8577727961     2.9909344566     3.8710504816
O       15.3065411601     2.9452031122     3.3107471094
O       16.0845650576     2.5326673999     5.6721833351
Si       16.5111321258     6.6180424244     4.3316433047
Si       14.0041086806     2.7359530108     2.3694565862
Si       18.8102441590     2.8653109905     2.5475161670
Si       15.7148223329     1.3670363589     6.7174344798
H       17.8739857963     6.8698507567     3.9025665775
H       15.5319244257     6.9916473159     3.3408017930
H       16.2959679676     7.4890639158     5.6462666938
H       12.8098792176     3.0960502336     2.9264343996
H       14.0807352670     2.6760115933     1.0555518790
H       18.5014239539     3.3794855866     1.4686782498
H       13.9256429568     0.9768304363     2.8137724888
H       18.5635794036     1.1201149698     2.4064685403
H       16.4618371595     0.9945478633     7.7605157789
H       14.3310761861     1.0269530823     6.7650843020
H       20.2780498103     2.6918635396     2.8793966839
H       16.1710096789     0.1444970395     5.4938603097
32
# Point -12 Energy = 0.0
C       20.6549937863     3.6038759730     7.4874728775
H       18.9599897939     3.5946239984     6.1538820066
C       19.4367801233     2.9170054046     6.8732136649
H       18.6938923975     2.7334005980     7.6617673412
H       20.5364458308     1.7570480671     5.4013084036
C       19.7839058180     1.5981451854     6.1832131940
H       18.9101367710     1.1353790535     5.7138299986
H       20.2065242060     0.8841927397     6.8989827857
H       21.4100642374     3.8139369626     6.7207514959
H       21.1219658052     2.9675676985     8.2448709226
H       20.3852916177     4.5522829749     7.9634985588
Si       16.3971520271     3.4270561294     4.3978585540
O       16.2988597012     5.0303083248     4.8071582808
O       17.8676429270     2.9949104384     3.8712608482
O       15.3157353076     2.9433719939     3.3026930373
O       16.0884460140     2.5324241666     5.6798586840
Si       16.5103214902     6.6134115764     4.3358129912
Si       13.9992646211     2.7313889861     2.3782906095
Si       18.8118002916     2.8379472791     2.5437247450
Si       15.7150758878     1.3438723032     6.7025022476
H       17.8754943569     6.8662332934     3.9029449325
H       15.5333314061     6.9852469706     3.3353154766
H       16.2920459793     7.4859854112     5.6417909183
H       12.8092305784     3.1246139869     2.9439200795
H       14.0664570166     2.7015002151     1.0491044401
H       18.4906684067     3.3688856410     1.4540958494
H       13.8954421816     0.9912541119     2.7909023084
H       18.5609258525     1.1154070857     2.3946331180
H       16.4584165132     0.9795786910     7.7679592934
H       14.3218706851     1.0184225593     6.7591826268
H       20.2855107430     2.6914592679     2.8622018544
H       16.1742982259     0.1325649125     5.5031632157
32
# Point -11 Energy = 0.0
C       20.6546923345     3.6115726891     7.4932862213
H       18.9624195510     3.5970669488     6.1567123547
C       19.4390514892     2.9212906240     6.8778157933
H       18.6949255399     2.7365780455     7.6648173853
H       20.5440610839     1.7624727527     5.4087575815
C       19.7905596773     1.6026812676     6.1895870969
H       18.9182149385     1.1375564019     5.7193867598
H       20.2131002009     0.8897287513     6.9063666287
H       21.4103714723     3.8229011985     6.7275226949
H       21.1220813092     2.9774866845     8.2522879219
H       20.3815855169     4.5597975983     7.9676779762
Si       16.4023974334     3.4221266073     4.3978300557
O       16.3002611003     5.0244489028     4.8006697463
O       17.8770972340     2.9993356095     3.8710226729
O       15.3245524938     2.9424585391     3.2943844029
O       16.0919535389     2.5326689197     5.6870916221
Si       16.5095502762     6.6092502280     4.3400442927
Si       13.9943365891     2.7252687617     2.3875648767
Si       18.8137824975     2.8107643767     2.5409161161
Si       15.7157422887     1.3213208222     6.6865343316
H       17.8770071319     6.8630976640     3.9033016982
H       15.5348304961     6.9794898975     3.3299820420
H       16.2883243200     7.4831715132     5.6375017230
H       12.8092947907     3.1513017764     2.9617971526
H       14.0523033238     2.7252390074     1.0438781249
H       18.4812882007     3.3592468990     1.4407489269
H       13.8672556992     1.0053634266     2.7711025203
H       18.5584408243     1.1110273710     2.3835654195
H       16.4551991544     0.9658263325     7.7743350172
H       14.3133341834     1.0106046767     6.7528900546
H       20.2925911958     2.6907469740     2.8466223993
H       16.1773747142     0.1214107322     5.5111637499
32
# Point -10 Energy = 0.0
C       20.6541763622     3.6186979115     7.4987484629
H       18.9646124301     3.5994157452     6.1592458208
C       19.4409818584     2.9253019141     6.8820129562
H       18.6956139143     2.7394968221     7.6674559238
H       20.5510890307     1.7676488554     5.4156214057
C       19.7966236717     1.6069883074     6.1953735167
H       18.9256164112     1.1397202297     5.7243201802
H       20.2189819859     0.8948649419     6.9130521533
H       21.4104746040     3.8312701150     6.7339502551
H       21.1218854054     2.9866532416     8.2592529622
H       20.3778444973     4.5667127592     7.9716371381
Si       16.4073451462     3.4177872287     4.3975610838
O       16.3016972334     5.0191179682     4.7941465535
O       17.8860804793     3.0042061898     3.8703670327
O       15.3329190682     2.9424962304     3.2859125467
O       16.0950693182     2.5334319656     5.6939571546
Si       16.5088263053     6.6055800126     4.3443811911
Si       13.9894074189     2.7175820689     2.3972163304
Si       18.8161059983     2.7838202027     2.5390871526
Si       15.7167991407     1.2994523126     6.6696281387
H       17.8785245120     6.8604437195     3.9036468973
H       15.5364094434     6.9744103808     3.3248661611
H       16.2848531232     7.4806580225     5.6334450501
H       12.8099747384     3.1760259725     2.9797348969
H       14.0384453318     2.7471205178     1.0397688917
H       18.4732193240     3.3506134540     1.4286215405
H       13.8411763415     1.0189568282     2.7542457357
H       18.5561269873     1.1070300513     2.3732762873
H       16.4521731587     0.9533398826     7.7797121489
H       14.3054598058     1.0035585371     6.7463365097
H       20.2992613778     2.6897994759     2.8326389681
H       16.1802061761     0.1111001352     5.5179443136
32
# Point -9 Energy = 0.0
C       20.6534926629     3.6252252137     7.5038232965
H       18.9665789393     3.6016608676     6.1614858146
C       19.4425911919     2.9290260982     6.8858008248
H       18.6959935765     2.7421594698     7.6696977113
H       20.5574978868     1.7725364669     5.4218737578
C       19.8020824877     1.6110418635     6.2005655691
H       18.9323064069     1.1418556636     5.7286462645
H       20.2241625192     0.8995742349     6.9190259348
H       21.4104052534     3.8390020878     6.7399785192
H       21.1214360399     2.9950373507     8.2657220898
H       20.3741401742     4.5730105998     7.9753421198
Si       16.4119556574     3.4140554156     4.3971162649
O       16.3031578998     5.0143407891     4.7876477302
O       17.8945389936     3.0095141002     3.8693271551
O       15.3407621275     2.9435097797     3.2773721130
O       16.0977783555     2.5347394429     5.7005342287
Si       16.5081542405     6.6024172194     4.3488669664
Si       13.9845629765     2.7083303454     2.4071786389
Si       18.8186832578     2.7571669553     2.5382350713
Si       15.7182246443     1.2783331372     6.6518870626
H       17.8800429136     6.8582671297     3.9039889650
H       15.5380511096     6.9700344141     3.3200315046
H       16.2816777877     7.4784764698     5.6296652782
H       12.8111610028     3.1987169418     2.9973990512
H       14.0250567460     2.7670589667     1.0366623513
H       18.4663873888     3.3430150191     1.4176989931
H       13.8172911661     1.0318552021     2.7401703591
H       18.5539843662     1.1034617747     2.3637821835
H       16.4493307364     0.9421585399     7.7841638873
H       14.2982436582     0.9973339140     6.7396602480
H       20.3054860789     2.6886898286     2.8202234852
H       16.1827623541     0.1016966980     5.5235919202
32
# Point -8 Energy = 0.0
C       20.6526895899     3.6311327173     7.5084754175
H       18.9683307916     3.6037930385     6.1634369966
C       19.4439018353     2.9324519694     6.8891770301
H       18.6961031291     2.7445703948     7.6715599254
H       20.5632600597     1.7770975079     5.4274913042
C       19.8069251925     1.6148191920     6.2051595576
H       18.9382550792     1.1439476639     5.7323848944
H       20.2286402586     0.9038328710     6.9242785110
H       21.4101963454     3.8460602030     6.7455523863
H       21.1207938491     3.0026152589     8.2716529431
H       20.3705442513     4.5786779564     7.9787591430
Si       16.4161905391     3.4109427774     4.3965621521
O       16.3046310202     5.0101368717     4.7812325422
O       17.9024210410     3.0152469785     3.8679379953
O       15.3480101905     2.9455148726     3.2688600174
O       16.1000690148     2.5366131214     5.7069048773
Si       16.5075356827     6.5997725854     4.3535434401
Si       13.9798914310     2.6975270039     2.4173822723
Si       18.8214253185     2.7308509999     2.5383573393
Si       15.7199975936     1.2580250472     6.6334194617
H       17.8815549099     6.8565593087     3.9043343258
H       15.5397338278     6.9663793802     3.3155397544
H       16.2788386763     7.4766537727     5.6262043862
H       12.8127335396     3.2193217567     3.0144561276
H       14.0123128440     2.7849923872     1.0344355626
H       18.4607084810     3.3364673019     1.4079677012
H       13.7956799240     1.0439040616     2.7286837441
H       18.5520110320     1.1003612569     2.3551049690
H       16.4466686971     0.9323112013     7.7877667936
H       14.2916848500     0.9919701652     6.7330067918
H       20.3112254744     2.6874910096     2.8093395877
H       16.1850161306     0.0932613673     5.5281974090
32
# Point -7 Energy = 0.0
C       20.6518163301     3.6364031869     7.5126707102
H       18.9698806155     3.6058032311     6.1651050856
C       19.4449380568     2.9355703288     6.8921410859
H       18.6959831114     2.7467357992     7.6730619100
H       20.5683520630     1.7812959831     5.4324537174
C       19.8111449998     1.6182994000     6.2091550116
H       18.9434374785     1.1459811335     5.7355596770
H       20.2324187667     0.9076205827     6.9288045276
H       21.4098815213     3.8524124493     6.7506176808
H       21.1200212454     3.0093696051     8.2770050504
H       20.3671276363     4.5837063657     7.9818546757
Si       16.4200127535     3.4084549776     4.3959664566
O       16.3061027713     5.0065197174     4.7749596680
O       17.9096771417     3.0213882205     3.8662358042
O       15.3545938468     2.9485179868     3.2604744100
O       16.1019330301     2.5390702250     5.7131533344
Si       16.5069692708     6.5976511332     4.3584502243
Si       13.9754824425     2.6851975794     2.4277546149
Si       18.8242431137     2.7049128343     2.5394515583
Si       15.7220973943     1.2385846416     6.6143375947
H       17.8830493592     6.8553073725     3.9046869780
H       15.5414317783     6.9634538087     3.3114496355
H       16.2763708515     7.4752119302     5.6231011221
H       12.8145640285     3.2378027536     3.0305776053
H       14.0003895574     2.8008846912     1.0329590510
H       18.4560900752     3.3309726472     1.3994150201
H       13.7764134818     1.0549751217     2.7195656156
H       18.5502037055     1.0977590596     2.3472715689
H       16.4441887864     0.9238164065     7.7906002715
H       14.2857854860     0.9874954123     6.7265277010
H       20.3164359542     2.6862756223     2.7999432276
H       16.1869439467     0.0858517932     5.5318547659
32
# Point -6 Energy = 0.0
C       20.6509221683     3.6410240668     7.5163763962
H       18.9712416480     3.6076826581     6.1664966461
C       19.4457255670     2.9383739862     6.8946942800
H       18.6956753874     2.7486635729     7.6742248849
H       20.5727543780     1.7850981995     5.4367438619
C       19.8147389961     1.6214635587     6.2125546873
H       18.9478334645     1.1479410047     5.7381977597
H       20.2355062774     0.9109207144     6.9326028350
H       21.4094945294     3.8580318542     6.7551214823
H       21.1191814958     3.0152894693     8.2817400776
H       20.3639595631     4.5880920159     7.9845954968
Si       16.4233869317     3.4065916388     4.3953972835
O       16.3075577173     5.0034966232     4.7688863868
O       17.9162603460     3.0279170413     3.8642576939
O       15.3604463665     2.9525162773     3.2523136548
O       16.1033654831     2.5421232728     5.7193651388
Si       16.5064507681     6.5960520492     4.3636239940
Si       13.9714262709     2.6713797430     2.4382201293
Si       18.8270487294     2.6793871303     2.5415153303
Si       15.7245041032     1.2200628579     6.5947565276
H       17.8845115144     6.8544941262     3.9050481003
H       15.5431153572     6.9612572056     3.3078159898
H       16.2743038365     7.4741677518     5.6203901981
H       12.8165189087     3.2541360375     3.0454439202
H       13.9894626219     2.8147275981     1.0320990278
H       18.4524319982     3.3265209062     1.3920290268
H       13.7595522547     1.0649672750     2.7125717178
H       18.5485582789     1.0956775041     2.3403135461
H       16.4418978595     0.9166826233     7.7927461512
H       14.2805506380     0.9839260293     6.7203791768
H       20.3210709527     2.6851156259     2.7919834138
H       16.1885261882     0.0795215825     5.5346605448
32
# Point -5 Energy = 0.0
C       20.6500557558     3.6449874607     7.5195611460
H       18.9724274145     3.6094227429     6.1676188621
C       19.4462910316     2.9408577242     6.8968395372
H       18.6952225403     2.7503631495     7.6750716265
H       20.5764512690     1.7884729450     5.4403479420
C       19.8177078361     1.6242947790     6.2153645317
H       18.9514275827     1.1498123002     5.7403296146
H       20.2379152386     0.9137202834     6.9356765329
H       21.4090686047     3.8628965624     6.7590124200
H       21.1183378109     3.0203703460     8.2858220257
H       20.3611067353     4.5918356421     7.9869487296
Si       16.4262796163     3.4053462812     4.3949223837
O       16.3089789291     5.0010685240     4.7630677977
O       17.9221264569     3.0348085553     3.8620412105
O       15.3655042595     2.9574975225     3.2444753396
O       16.1043647515     2.5457799364     5.7256262382
Si       16.5059731261     6.5949686043     4.3690978026
Si       13.9678128174     2.6561231749     2.4487005810
Si       18.8297565947     2.6543028445     2.5445461090
Si       15.7271984945     1.2025044998     6.5747930338
H       17.8859231043     6.8540980789     3.9054156919
H       15.5447515221     6.9597799532     3.3046889159
H       16.2726613907     7.4735326227     5.6181015336
H       12.8184630688     3.2683100260     3.0587481530
H       13.9797067690     2.8265423455     1.0317197854
H       18.4496274259     3.3230904786     1.3857982665
H       13.7451447229     1.0738069983     2.7074376578
H       18.5470702620     1.0941307186     2.3342666062
H       16.4398078741     0.9109088422     7.7942883440
H       14.2759883127     0.9812664640     6.7147205056
H       20.3250817597     2.6840820953     2.7854030650
H       16.1897475221     0.0743194984     5.5367133707
32
# Point -4 Energy = 0.0
C       20.6492643939     3.6482900595     7.5221951576
H       18.9734514020     3.6110150743     6.1684793047
C       19.4466615865     2.9430182280     6.8985812606
H       18.6946672876     2.7518453283     7.6756261299
H       20.5794305641     1.7913916270     5.4432556138
C       19.8200554187     1.6267782466     6.2175936123
H       18.9542089086     1.1515801696     5.7419887968
H       20.2396618449     0.9160099868     6.9380329665
H       21.4086358503     3.8669898621     6.7622409293
H       21.1175524587     3.0246140487     8.2892173804
H       20.3586325011     4.5949423748     7.9888818526
Si       16.4286594651     3.4047062954     4.3946084376
O       16.3103480902     4.9992298777     4.7575560860
O       17.9272342003     3.0420338729     3.8596239217
O       15.3697077773     2.9634401308     3.2370553331
O       16.1049324276     2.5500429143     5.7320221108
Si       16.5055265208     6.5943881129     4.3749004549
Si       13.9647306124     2.6394892972     2.4591153349
Si       18.8322845828     2.6296833954     2.5485410440
Si       15.7301621495     1.1859478048     6.5545645035
H       17.8872623829     6.8540934870     3.9057842612
H       15.5463041050     6.9590032791     3.3021129912
H       16.2714612983     7.4733123076     5.6162595646
H       12.8202641001     3.2803241331     3.0701993266
H       13.9712949185     2.8363810925     1.0316862264
H       18.4475638963     3.3206494778     1.3807114661
H       13.7332261111     1.0814482320     2.7038829127
H       18.5457351598     1.0931248137     2.3291700531
H       16.4379356992     0.9064854246     7.7953125303
H       14.2721094315     0.9795093909     6.7097123652
H       20.3284182916     2.6832450077     2.7801399337
H       16.1905971633     0.0702886470     5.5381134977
32
# Point -3 Energy = 0.0
C       20.6485933483     3.6509330209     7.5242502115
H       18.9743267329     3.6124513488     6.1690857052
C       19.4468643646     2.9448539860     6.8999251603
H       18.6940519231     2.7531220702     7.6759132620
H       20.5816834094     1.7938283719     5.4454600642
C       19.8217885531     1.6289012220     6.2192540205
H       18.9561708705     1.1532299020     5.7432116845
H       20.2407655722     0.9177841557     6.9396836786
H       21.4082266328     3.8703001593     6.7647594816
H       21.1168859209     3.0280285492     8.2918952227
H       20.3565960740     4.5974215451     7.9903626944
Si       16.4304974163     3.4046529517     4.3945203811
O       16.3116455846     4.9979685979     4.7523998502
O       17.9315453465     3.0495602122     3.8570430292
O       15.3730013522     2.9703132083     3.2301469018
O       16.1050732127     2.5549098288     5.7386369155
Si       16.5050983629     6.5942919362     4.3810559515
Si       13.9622657676     2.6215508717     2.4693817293
Si       18.8345550128     2.6055468983     2.5534968224
Si       15.7333775692     1.1704240618     6.5341878805
H       17.8885041491     6.8544504262     3.9061445703
H       15.5477340878     6.9588992955     3.3001265905
H       16.2707151703     7.4735067994     5.6148826337
H       12.8217969728     3.2901876816     3.0795252312
H       13.9643973151     2.8443279241     1.0318664808
H       18.4461243245     3.3191569642     1.3767572233
H       13.7238173103     1.0878717832     2.7016149614
H       18.5445487902     1.0926581820     2.3250662128
H       16.4363027508     0.9033951299     7.7959058363
H       14.2689278352     0.9786361742     6.7055150236
H       20.3310298081     2.6826730490     2.7761275610
H       16.1910690593     0.0674656927     5.5389623883
32
# Point -2 Energy = 0.0
C       20.6480852039     3.6529218081     7.5256997090
H       18.9750658478     3.6137233038     6.1694457397
C       19.4469260438     2.9463651663     6.9008780785
H       18.6934177948     2.7542062766     7.6759584166
H       20.5832040093     1.7957600837     5.4469580672
C       19.8229166233     1.6306530063     6.2203607570
H       18.9573110555     1.1547469181     5.7440372100
H       20.2412487234     0.9190406612     6.9406443288
H       21.4078690067     3.8728209048     6.7665227911
H       21.1163961029     3.0306277608     8.2938273073
H       20.3550518109     4.5992864563     7.9913594255
Si       16.4317668168     3.4051614464     4.3947207840
O       16.3128505728     4.9972660363     4.7476434995
O       17.9350247866     3.0573510266     3.8543350124
O       15.3753339727     2.9780766869     3.2238398971
O       16.1047947874     2.5603731510     5.7455526848
Si       16.5046732882     6.5946555294     4.3875830124
Si       13.9605009173     2.6023914726     2.4794155290
Si       18.8364955451     2.5819064494     2.5594095160
Si       15.7368283041     1.1559572899     6.5137786420
H       17.8896197458     6.8551348899     3.9064834440
H       15.5489998462     6.9594311106     3.2987613103
H       16.2704282659     7.4741102187     5.6139824709
H       12.8229489502     3.2979191373     3.0864747217
H       13.9591805534     2.8504993781     1.0321345573
H       18.4451880073     3.3185642013     1.3739236768
H       13.7169241125     1.0930843090     2.7003334906
H       18.5435075489     1.0927219076     2.3219998363
H       16.4349344810     0.9016142428     7.7961564621
H       14.2664603270     0.9786175918     6.7022864751
H       20.3328655644     2.6824334272     2.7732962244
H       16.1911619840     0.0658801509     5.5393622827
32
# Point -1 Energy = 0.0
C       20.6477792720     3.6542659929     7.5265187058
H       18.9756802062     3.6148226478     6.1695668359
C       19.4468724244     2.9475534762     6.9014478217
H       18.6928048242     2.7551115607     7.6757871835
H       20.5839893616     1.7971664630     5.4477500234
C       19.8234512601     1.6320248768     6.2209316082
H       18.9576310065     1.1561167459     5.7445065898
H       20.2411359930     0.9197807791     6.9409345886
H       21.4075881795     3.8745504767     6.7674880094
H       21.1161376092     3.0324312740     8.2949881235
H       20.3540485569     4.6005541310     7.9918405543
Si       16.4324435191     3.4062009892     4.3952692873
O       16.3139410577     4.9970970189     4.7433267288
O       17.9376405736     3.0653661462     3.8515353124
O       15.3766594976     2.9866815132     3.2182200179
O       16.1041076625     2.5664201626     5.7528485685
Si       16.5042331366     6.5954485367     4.3944946841
Si       13.9595141705     2.5821048435     2.4891314581
Si       18.8380399689     2.5587704480     2.5662744369
Si       15.7404990952     1.1425639900     6.4934498351
H       17.8905770500     6.8561089153     3.9067836446
H       15.5500573660     6.9605530086     3.2980414994
H       16.2705993394     7.4751107695     5.6135637696
H       12.8236245315     3.3035457409     3.0908194641
H       13.9558064359     2.8550444322     1.0323729756
H       18.4446316105     3.3188158919     1.3721981672
H       13.7125368126     1.0971169447     2.6997346118
H       18.5426086308     1.0933002774     2.3200174891
H       16.4338597571     0.9011137147     7.7961532309
H       14.2647267550     0.9794147621     6.7001805607
H       20.3338753923     2.6825916762     2.7715738425
H       16.1908795434     0.0655537940     5.5394157311
32
# Point 0 Energy = 0
C       20.6477110000     3.6549790000     7.5266840000
H       18.9761800000     3.6157410000     6.1694560000
C       19.4467280000     2.9484220000     6.9016430000
H       18.6922510000     2.7558520000     7.6754250000
H       20.5840390000     1.7980300000     5.4478400000
C       19.8234060000     1.6330100000     6.2209870000
H       18.9571360000     1.1573250000     5.7446630000
H       20.2404540000     0.9200090000     6.9405780000
H       21.4074060000     3.8754920000     6.7676150000
H       21.1161610000     3.0334640000     8.2953550000
H       20.3536290000     4.6012450000     7.9917750000
Si       16.4325060000     3.4077350000     4.3962220000
O       16.3148940000     4.9974300000     4.7394840000
O       17.9393640000     3.0735620000     3.8486780000
O       15.3769370000     2.9960700000     3.2133680000
O       16.1030250000     2.5730330000     5.7606000000
Si       16.5037570000     6.5966350000     4.4017980000
Si       13.9593780000     2.5607940000     2.4984440000
Si       18.8391290000     2.5361430000     2.5740860000
Si       15.7443760000     1.1302530000     6.4733110000
H       17.8913405600     6.8573308000     3.9070238400
H       15.5508605600     6.9622108000     3.2979838400
H       16.2712205600     7.4764908000     5.6136238400
H       12.8237502400     3.3071035200     3.0923555200
H       13.9544302400     2.8581435200     1.0324755200
H       18.4443303200     3.3198514400     1.3715668800
H       13.7106302400     1.1000235200     2.6995155200
H       18.5418503200     1.0943714400     2.3191668800
H       16.4331100800     0.9018602400     7.7959848800
H       14.2637500800     0.9809802400     6.6993448800
H       20.3340103200     2.6832114400     2.7708868800
H       16.1902300800     0.0665002400     5.5392248800
32
# Point 1 Energy = 0.0
C       20.6479111269     3.6550777927     7.5261738286
H       18.9765734514     3.6164684916     6.1691194673
C       19.4465156057     2.9489741352     6.9014727770
H       18.6917921559     2.7564407206     7.6748968487
H       20.5833553164     1.7983353958     5.4472357876
C       19.8227967159     1.6336025011     6.2205499986
H       18.9558358124     1.1583559053     5.7445516076
H       20.2392321082     0.9197324015     6.9396020818
H       21.4073399709     3.8756533834     6.7668660794
H       21.1165122669     3.0337562006     8.2949078939
H       20.3538282668     4.6013824737     7.9911316060
Si       16.4319349437     3.4097180800     4.3976310813
O       16.3156842080     4.9982240144     4.7361439381
O       17.9401691973     3.0818894004     3.8457952646
O       15.3761303830     3.0061727239     3.2093592425
O       16.1015625627     2.5801856486     5.7688783085
Si       16.5032192448     6.5981703816     4.4094932114
Si       13.9601583399     2.5385674554     2.5072672809
Si       18.8397104725     2.5140224453     2.5828370750
Si       15.7484473205     1.1190223641     6.4534679571
H       17.8918692047     6.8587525617     3.9071776814
H       15.5513591476     6.9643381244     3.2985965534
H       16.2722752333     7.4782239689     5.6141516044
H       12.8232870079     3.3086458825     3.0909045307
H       13.9552103204     2.8600174481     1.0323515870
H       18.4441536899     3.3216123364     1.3720209471
H       13.7111560597     1.1018762056     2.6993708490
H       18.5412366094     1.0959069771     2.3194862552
H       16.4327200996     0.9038311666     7.7957425731
H       14.2635568108     0.9832693412     6.6999235350
H       20.3332217369     2.6843613332     2.7711595403
H       16.1892252102     0.0687147391     5.5388983675
32
# Point 2 Energy = 0.0
C       20.6484057207     3.6545826582     7.5249683957
H       18.9768670971     3.6169951446     6.1685629503
C       19.4462561000     2.9492144177     6.9009470204
H       18.6914614286     2.7568910663     7.6742271824
H       20.5819426273     1.7980699206     5.4459490671
C       19.8216404710     1.6337981767     6.2196462571
H       18.9537433439     1.1591937621     5.7442192503
H       20.2375006643     0.9189608474     6.9380381636
H       21.4074035318     3.8750467451     6.7652067734
H       21.1172322883     3.0333427200     8.2936298359
H       20.3546745632     4.6009928272     7.9898798089
Si       16.4307137372     3.4120997277     4.3995445021
O       16.3162857306     4.9994324019     4.7333293928
O       17.9400334562     3.0902962503     3.8429176411
O       15.3742090558     3.0169126462     3.2062632946
O       16.0997383412     2.5878474771     5.7777500771
Si       16.5025917719     6.6000052633     4.4175742482
Si       13.9619138913     2.5155417430     2.5155164081
Si       18.8397401209     2.4924036572     2.5925195200
Si       15.7527027970     1.1088628200     6.4340216928
H       17.8921188804     6.8603230047     3.9072148359
H       15.5515014639     6.9668611993     3.2998798449
H       16.2737403603     7.4802786496     5.6151282739
H       12.8222250703     3.3082353159     3.0863126382
H       13.9582945251     2.8609142221     1.0319267718
H       18.4439711739     3.3240361739     1.3735498452
H       13.7140533005     1.1027664449     2.6990045431
H       18.5407722356     1.0978741903     2.3210139432
H       16.4327255469     0.9070001423     7.7955152083
H       14.2641774465     0.9862300788     6.7020506723
H       20.3314626476     2.6861067954     2.7723147185
H       16.1878812108     0.0721855104     5.5385425830
32
# Point 3 Energy = 0.0
C       20.6492162899     3.6535171942     7.5230502094
H       18.9770661007     3.6173120875     6.1677917373
C       19.4459682296     2.9491492992     6.9000763087
H       18.6912889495     2.7572176082     7.6734397307
H       20.5798066188     1.7972238788     5.4439954244
C       19.8199547972     1.6335951992     6.2183038371
H       18.9508737394     1.1598242247     5.7437140232
H       20.2352898206     0.9177072839     6.9359211004
H       21.4076063622     3.8736881549     6.7626063557
H       21.1183565091     3.0322625313     8.2915071880
H       20.3561897153     4.6001052541     7.9879901033
Si       16.4288289621     3.4148273521     4.4020057234
O       16.3166729447     5.0010058254     4.7310573904
O       17.9389376448     3.0987297922     3.8400741533
O       15.3711486730     3.0282083275     3.2041432575
O       16.0975723537     2.5959860471     5.7872764435
Si       16.5018456730     6.6020883584     4.4260290264
Si       13.9646952403     2.4918436056     2.5231086480
Si       18.8391823473     2.4712799921     2.6031246003
Si       15.7571331449     1.0997605470     6.4150672157
H       17.8920443489     6.8619903214     3.9071018447
H       15.5512365779     6.9697026608     3.3018261909
H       16.2755884375     7.4826206575     5.6165278612
H       12.8205791526     3.3059385471     3.0784501129
H       13.9638076898     2.8610986865     1.0311427476
H       18.4436581249     3.3270514285     1.3761346132
H       13.7192561277     1.1028055180     2.6981395356
H       18.5404587694     1.1002374826     2.3237978124
H       16.4331616036     0.9113243583     7.7953862713
H       14.2656461837     0.9897941621     6.7058451603
H       20.3286893830     2.6885029702     2.7742766119
H       16.1862200850     0.0769026436     5.5382541213
32
# Point 4 Energy = 0.0
C       20.6503591852     3.6519078784     7.5204037416
H       18.9771736670     3.6174101561     6.1668103847
C       19.4456684232     2.9487860400     6.8988716665
H       18.6913017825     2.7574347284     7.6725572169
H       20.5769547214     1.7957899123     5.4413942687
C       19.8177581925     1.6329931106     6.2165531060
H       18.9472451481     1.1602328023     5.7430852249
H       20.2326304480     0.9159869972     6.9332892206
H       21.4079536290     3.8715975148     6.7590375187
H       21.1199146943     3.0305586062     8.2885293456
H       20.3583880664     4.5987513485     7.9854335830
Si       16.4262699050     3.4178434142     4.4050534302
O       16.3168194651     5.0028894228     4.7293387745
O       17.9368657644     3.1071344658     3.8372918767
O       15.3669305820     3.0399710878     3.2030555884
O       16.0950865305     2.6045642739     5.7975128483
Si       16.5009493196     6.6043637049     4.4348389719
Si       13.9685444763     2.4676054398     2.5299634606
Si       18.8380100381     2.4506419291     2.6146423154
Si       15.7617309326     1.0916943107     6.3966934861
H       17.8915971590     6.8636996362     3.9068014369
H       15.5505121956     6.9727781242     3.3044199043
H       16.2777853597     7.4852106120     5.6183165394
H       12.8183987535     3.3018366285     3.0672116911
H       13.9718613484     2.8608594901     1.0299608578
H       18.4430916964     3.3305849955     1.3797538754
H       13.7266869761     1.1021193347     2.6965131967
H       18.5402993617     1.1029580454     2.3278843355
H       16.4340635272     0.9167594919     7.7954365686
H       14.2680009091     0.9938888751     6.7114139490
H       20.3248606602     2.6916018112     2.7769701533
H       16.1842676819     0.0828478112     5.5381268228
32
# Point 5 Energy = 0.0
C       20.6518453489     3.6497838186     7.5170156226
H       18.9771909492     3.6172798698     6.1656227019
C       19.4453706004     2.9481325797     6.8973445349
H       18.6915236506     2.7575564821     7.6716011708
H       20.5733960599     1.7937628721     5.4381689213
C       19.8150699820     1.6319926898     6.2144266730
H       18.9428786301     1.1604048130     5.7423831296
H       20.2295539122     0.9138173778     6.9301842395
H       21.4084458230     3.8687983108     6.7544767239
H       21.1219305729     3.0282775633     8.2846889271
H       20.3612761963     4.5969648573     7.9821821557
Si       16.4230286551     3.4210857177     4.4087211571
O       16.3166982910     5.0050231136     4.7281779701
O       17.9338050702     3.1154521054     3.8345957787
O       15.3615420360     3.0521054603     3.2030495565
O       16.0923045228     2.6135406312     5.8085084465
Si       16.4998684619     6.6067709788     4.4439789497
Si       13.9734945508     2.4429641346     2.5360033761
Si       18.8362049727     2.4304774249     2.6270613117
Si       15.7664907030     1.0846356592     6.3789826736
H       17.8907258505     6.8653932283     3.9062727077
H       15.5492749677     6.9759966552     3.3076370335
H       16.2802904701     7.4880041940     5.6204526154
H       12.8157695327     3.2960275015     3.0525169423
H       13.9825512124     2.8605056475     1.0283641162
H       18.4421519588     3.3345629467     1.3843836143
H       13.7362578940     1.1008464071     2.6938804072
H       18.5402990856     1.1059947014     2.3333177868
H       16.4354659898     0.9232601239     7.7957432479
H       14.2712832641     0.9984380951     6.7188505638
H       20.3199379382     2.6954515645     2.7803214577
H       16.1820534472     0.0899944749     5.5382508471
32
# Point 6 Energy = 0.0
C       20.6536802015     3.6471765001     7.5128748015
H       18.9771170147     3.6169114171     6.1642317680
C       19.4450860636     2.9471974200     6.8955067604
H       18.6919747658     2.7575965069     7.6705918011
H       20.5691414184     1.7911396434     5.4343466725
C       19.8119102127     1.6305958082     6.2119593307
H       18.9377980578     1.1603253359     5.7416588052
H       20.2260919061     0.9112176780     6.9266511669
H       21.4090787136     3.8653173290     6.7489044766
H       21.1244216461     3.0254693170     8.2799819156
H       20.3648528100     4.5947814488     7.9782087325
Si       16.4191001501     3.4244877287     4.4130370524
O       16.3162819434     5.0073419471     4.7275728849
O       17.9297461372     3.1236221205     3.8320086333
O       15.3549762868     3.0645096755     3.2041668872
O       16.0892514989     2.6228694208     5.8203056882
Si       16.4985663432     6.6092458296     4.4534173027
Si       13.9795689630     2.4180599002     2.5411546711
Si       18.8337580190     2.4107722578     2.6403687911
Si       15.7714090612     1.0785492363     6.3620096333
H       17.8893761751     6.8670107351     3.9054713376
H       15.5474707652     6.9792612645     3.3114454076
H       16.2830566933     7.4909524577     5.6228866253
H       12.8128135782     3.2886286825     3.0343102336
H       13.9959551010     2.8603627287     1.0263587767
H       18.4407228168     3.3389111870     1.3899970122
H       13.7478721715     1.0991358800     2.6900158460
H       18.5404651658     1.1093047705     2.3401394156
H       16.4374025239     0.9307800570     7.7963789568
H       14.2755386573     1.0033632751     6.7282339848
H       20.3138856176     2.7000962091     2.7842581008
H       16.1796101209     0.0983082319     5.5387118879
32
# Point 7 Energy = 0.0
C       20.6558635964     3.6441195387     7.5079727320
H       18.9769488586     3.6162946553     6.1626399732
C       19.4448234354     2.9459895227     6.8933706054
H       18.6926716920     2.7575679632     7.6695478931
H       20.5642032536     1.7879189597     5.4299588377
C       19.8082995864     1.6288052895     6.2091880036
H       18.9320300387     1.1599791755     5.7409639330
H       20.2222763183     0.9082087759     6.9227382192
H       21.4098433858     3.8611843614     6.7423056218
H       21.1273990624     3.0221867335     8.2744078248
H       20.3691087004     4.5922384945     7.9734874537
Si       16.4144822339     3.4279789279     4.4180236610
O       16.3155426322     5.0097764876     4.7275148426
O       17.9246829609     3.1315816845     3.8295509467
O       15.3472326764     3.0770761830     3.2064414212
O       16.0859539372     2.6325010922     5.8329399272
Si       16.4970038637     6.6117202430     4.4631159248
Si       13.9867816094     2.3930350844     2.5453479926
Si       18.8306692709     2.3915103628     2.6545504113
Si       15.7764847377     1.0733931698     6.3458414247
H       17.8874913920     6.8684893595     3.9043498379
H       15.5450450029     6.9824694324     3.3158047164
H       16.2860307266     7.4940021816     5.6255614791
H       12.8096886261     3.2797800378     3.0125608704
H       14.0121309427     2.8607686271     1.0239756623
H       18.4386929359     3.3435560305     1.3965643490
H       13.7614260190     1.0971456792     2.6847158502
H       18.5408072485     1.1128449558     2.3483865703
H       16.4399050118     0.9392725256     7.7974110164
H       14.2808161864     1.0085843523     6.7396276638
H       20.3066712291     2.7055748513     2.7887093127
H       16.1769734286     0.1077472617     5.5395903817
32
# Point 8 Energy = 0.0
C       20.6583898401     3.6406484374     7.5023035816
H       18.9766814623     3.6154191254     6.1608490777
C       19.4445886396     2.9445182235     6.8909487751
H       18.6936272373     2.7574835056     7.6684867296
H       20.5585957578     1.7841012096     5.4250408077
C       19.8042594280     1.6266247779     6.2061516969
H       18.9256038577     1.1593508422     5.7403506239
H       20.2181391311     0.9048129477     6.9184967286
H       21.4107263547     3.8564319009     6.7346696573
H       21.1308675572     3.0184852899     8.2679698885
H       20.3740267828     4.5893748609     7.9679939497
Si       16.4091757289     3.4314851976     4.4236977195
O       16.3144524549     5.0122532353     4.7279885447
O       17.9186130955     3.1392659371     3.8272408863
O       15.3383167283     3.0896922143     3.2098987829
O       16.0824394143     2.6423826119     5.8464390517
Si       16.4951397962     6.6141229274     4.4730303637
Si       13.9951367973     2.3680329951     2.5485189140
Si       18.8269481283     2.3726741602     2.6695901732
Si       15.7817186214     1.0691195333     6.3305368649
H       17.8850126413     6.8697640802     3.9028578181
H       15.5419430154     6.9855136615     3.3206666187
H       16.2891532931     7.4970962528     5.6284126501
H       12.8065862499     3.2696464839     2.9872634991
H       14.0311149299     2.8620689636     1.0212712335
H       18.4359566707     3.3484247069     1.4040529600
H       13.7768102252     1.0950407971     2.6777998517
H       18.5413377145     1.1165722418     2.3580917804
H       16.4430032070     0.9486903330     7.7989006314
H       14.2871684522     1.0140205988     6.7530786730
H       20.2982656197     2.7119210921     2.7936061010
H       16.1741817676     0.1182628553     5.5409607254
32
# Point 9 Energy = 0.0
C       20.6612477747     3.6368003443     7.4958644604
H       18.9763078976     3.6142740814     6.1588602856
C       19.4443849214     2.9427931599     6.8882544574
H       18.6948503732     2.7573552813     7.6674240322
H       20.5523349660     1.7796882417     5.4196320851
C       19.7998116837     1.6240586164     6.2028914386
H       18.9185514345     1.1584245523     5.7398712222
H       20.2137123448     0.9010536513     6.9139810433
H       21.4117097585     3.8510948254     6.7259910593
H       21.1348254492     3.0144227338     8.2606752685
H       20.3795821971     4.5862307053     7.9617056348
Si       16.4031845212     3.4349292462     4.4300699586
O       16.3129836299     5.0146950827     4.7289720566
O       17.9115378297     3.1466082032     3.8250942073
O       15.3282402420     3.1022403913     3.2145560495
O       16.0787363863     2.6524578834     5.8608231341
Si       16.4929310613     6.6163797262     4.4831099531
Si       14.0046294202     2.3431967506     2.5506084111
Si       18.8226133207     2.3542448834     2.6854702892
Si       15.7871137574     1.0656748761     6.3161461112
H       17.8818794019     6.8707678686     3.9009422737
H       15.5381104944     6.9882820593     3.3259748770
H       16.2923594618     7.5001740807     5.6313684109
H       12.8037290666     3.2584204384     2.9584388298
H       14.0529199050     2.8646121851     1.0183283704
H       18.4324149876     3.3534458122     1.4124272603
H       13.7939117343     1.0929917229     2.6691114066
H       18.5420720310     1.1204447990     2.3692818110
H       16.4467242766     0.9589859502     7.8009021492
H       14.2946512481     1.0195914367     6.7686169766
H       20.2886431389     2.7191623972     2.7988813192
H       16.1712758844     0.1298000135     5.5428905171
32
# Point 10 Energy = 0.0
C       20.6644209207     3.6326138082     7.4886556660
H       18.9758194727     3.6128485343     6.1566743305
C       19.4442129048     2.9408242116     6.8853013702
H       18.6963461742     2.7571949523     7.6663739171
H       20.5454389004     1.7746831703     5.4137762992
C       19.7949789432     1.6211117366     6.1994502091
H       18.9109072876     1.1571842518     5.7395780921
H       20.2090279173     0.8969553207     6.9092484113
H       21.4127716264     3.8452100685     6.7162696163
H       21.1392646939     3.0100587390     8.2525352769
H       20.3857424806     4.5828472708     7.9546020317
Si       16.3965156587     3.4382310739     4.4371449104
O       16.3111087652     5.0170218085     4.7304368179
O       17.9034623987     3.1535402370     3.8231241732
O       15.3170213880     3.1145993889     3.2204214213
O       16.0748739623     2.6626682182     5.8761040984
Si       16.4903330629     6.6184140558     4.4932979742
Si       14.0152452861     2.3186681816     2.5515632498
Si       18.8176928697     2.3362029123     2.7021710296
Si       15.7926753070     1.0630008208     6.3027102686
H       17.8780300406     6.8714319135     3.8985478924
H       15.5334939908     6.9906589547     3.3316655201
H       16.2955790418     7.5031720372     5.6343501182
H       12.8013670331     3.2463238406     2.9261347094
H       14.0775340500     2.8687444249     1.0152568428
H       18.4279763643     3.3585497145     1.4216488318
H       13.8126150943     1.0911730189     2.6585188449
H       18.5430291340     1.1244228857     2.3819767073
H       16.4510923496     0.9701116092     7.8034623831
H       14.3033231142     1.0252172380     6.7862548204
H       20.2777818268     2.7273194981     2.8044696952
H       16.1682985400     0.1422981040     5.5454398305
32
# Point 11 Energy = 0.0
C       20.6678876772     3.6281285262     7.4806809386
H       18.9752059194     3.6111313082     6.1542915686
C       19.4440706824     2.9386214515     6.8821038143
H       18.6981157780     2.7570137366     7.6653488666
H       20.5379277457     1.7690901867     5.4075211910
C       19.7897844796     1.6177895625     6.1958728509
H       18.9027084979     1.1556136662     5.7395233790
H       20.2041177119     0.8925431723     6.9043588389
H       21.4138862177     3.8388162742     6.7055107646
H       21.1441709862     3.0054545485     8.2435656069
H       20.3924678078     4.5792666717     7.9466651240
Si       16.3891794581     3.4413084853     4.4449207209
O       16.3088011641     5.0191506104     4.7323476772
O       17.8943962286     3.1599924968     3.8213414651
O       15.3046848016     3.1266446605     3.2274938905
O       16.0708816653     2.6729528597     5.8922854079
Si       16.4873000909     6.6201473724     4.5035318508
Si       14.0269615884     2.2945868062     2.5513362787
Si       18.8122239867     2.3185281171     2.7196705452
Si       15.7984104641     1.0610347253     6.2902610200
H       17.8734024526     6.8716858579     3.8956173811
H       15.5280414864     6.9925255546     3.3376670365
H       16.2987370565     7.5060239211     5.6372725495
H       12.7997729337     3.2336095642     2.8904275439
H       14.1049199399     2.8748041943     1.0121934382
H       18.4225576470     3.3636689240     1.4316765733
H       13.8328037404     1.0897620316     2.6459155743
H       18.5442318232     1.1284697373     2.3961888591
H       16.4561280608     0.9820194162     7.8066200049
H       14.3132447512     1.0308201318     6.8059862349
H       20.2656636011     2.7364058573     2.8103078330
H       16.1652941557     0.1556915711     5.5486605316
32
# Point 12 Energy = 0.0
C       20.6716215771     3.6233850789     7.4719477228
H       18.9744556162     3.6091111113     6.1517120781
C       19.4439539336     2.9361951056     6.8786767257
H       18.7001563608     2.7568224649     7.6643597108
H       20.5298240449     1.7629143793     5.4009185604
C       19.7842522967     1.6140979292     6.1922059529
H       18.8939946631     1.1536963818     5.7397587420
H       20.1990134435     0.8878430226     6.8993749182
H       21.4150244302     3.8319534331     6.6937259184
H       21.1495239140     3.0006726006     8.2337865658
H       20.3997113014     4.5755316628     7.9378797331
Si       16.3811896179     3.4440776539     4.4533889695
O       16.3060351691     5.0209966800     4.7346629564
O       17.8843532076     3.1658944595     3.8197540799
O       15.2912616702     3.1382492349     3.2357629159
O       16.0667891809     2.6832495593     5.9093617757
Si       16.4837857919     6.6214996703     4.5137433828
Si       14.0397475016     2.2710889031     2.5498866273
Si       18.8062528967     2.3012002228     2.7379446650
Si       15.8043283240     1.0597104071     6.2788202799
H       17.8679347989     6.8714580545     3.8920918136
H       15.5217030383     6.9937606451     3.3439006046
H       16.3017543059     7.5086614447     5.6400443002
H       12.7992371799     3.2205620574     2.8514240355
H       14.1350140108     2.8831169815     1.0093017176
H       18.4160848416     3.3687384361     1.4424669039
H       13.8543610961     1.0889377235     2.6312200778
H       18.5457071467     1.1325524333     2.4119221138
H       16.4618480803     0.9946615053     7.8104050138
H       14.3244782895     1.0363248349     6.8277866544
H       20.2522744367     2.7464272281     2.8163341997
H       16.1623084337     0.1699106945     5.5525956448
32
# Point 13 Energy = 0.0
C       20.6755915963     3.6184246493     7.4624674279
H       18.9735558470     3.6067766172     6.1489357623
C       19.4438560693     2.9335555181     6.8750357260
H       18.7024611284     2.7566316457     7.6634156217
H       20.5211529049     1.7561615683     5.3940241672
C       19.7784071778     1.6100430178     6.1884977029
H       18.8848078319     1.1514159593     5.7403350540
H       20.1937466152     0.8828811179     6.8943616150
H       21.4161542722     3.8246625000     6.6809327855
H       21.1552971557     2.9957761295     8.2232233024
H       20.4074194134     4.5716853848     7.9282339152
Si       16.3725633326     3.4464537423     4.4625345011
O       16.3027865413     5.0224738217     4.7373345501
O       17.8733519758     3.1711749812     3.8183672171
O       15.2767898085     3.1492845942     3.2452081082
O       16.0626260908     2.6934952039     5.9273189070
Si       16.4797437110     6.6223900125     4.5238590254
Si       14.0535648856     2.2483067024     2.5471798089
Si       18.7998345827     2.2841991984     2.7569666703
Si       15.8104397022     1.0589589275     6.2683998756
H       17.8615663383     6.8706758431     3.8879110042
H       15.5144314964     6.9942413453     3.3502803698
H       16.3045480219     7.5110147397     5.6425682475
H       12.8000620600     3.2074970638     2.8092631755
H       14.1677264757     2.8939898398     1.0067713717
H       18.4084938122     3.3736960517     1.4539740088
H       13.8771714802     1.0888796088     2.6143756432
H       18.5474867468     1.1366427283     2.4291709720
H       16.4682646257     1.0079902438     7.8148382865
H       14.3370864191     1.0416595136     6.8516126574
H       20.2376045328     2.7573813346     2.8224891056
H       16.1593879482     0.1848823953     5.5572787738
32
# Point 14 Energy = 0.0
C       20.6797625129     3.6132887195     7.4522556829
H       18.9724930885     3.6041165592     6.1459624568
C       19.4437683968     2.9307131208     6.8711971676
H       18.7050193220     2.7564515336     7.6625241176
H       20.5119421992     1.7488381589     5.3868975799
C       19.7722747248     1.6056313086     6.1847977055
H       18.8751924094     1.1487560842     5.7413020669
H       20.1883484351     0.8776839745     6.8893860123
H       21.4172413936     3.8169849896     6.6671556621
H       21.1614587245     2.9908287352     8.2119060216
H       20.4155323788     4.5677710800     7.9177193742
Si       16.3633214020     3.4483515824     4.4723352772
O       16.2990328750     5.0234951177     4.7403080665
O       17.8614162254     3.1757627138     3.8171831575
O       15.2613137136     3.1596216402     3.2557989382
O       16.0584215895     2.7036264929     5.9461332807
Si       16.4751279028     6.6227370981     4.5338002217
Si       14.0683690761     2.2263677136     2.5431877372
Si       18.7930324406     2.2675056791     2.7767070495
Si       15.8167569015     1.0587094300     6.2590012604
H       17.8542383516     6.8692658591     3.8830139084
H       15.5061832908     6.9938439183     3.3567137764
H       16.3070326223     7.5130128820     5.6447420899
H       12.8025555949     3.1947603050     2.7641184023
H       14.2029417110     2.9077060526     1.0048171518
H       18.3997308623     3.3784826793     1.4661501153
H       13.9011208274     1.0897667723     2.5953498682
H       18.5496071315     1.1407178379     2.4479198971
H       16.4753849538     1.0219584959     7.8199312109
H       14.3511313873     1.0467566822     6.8774018383
H       20.2216484545     2.7692576949     2.8287146833
H       16.1565797009     0.2005310880     5.5627335820
32
# Point 15 Energy = 0.0
C       20.6840953155     3.6080187454     7.4413325767
H       18.9712533240     3.6011198354     6.1427920375
C       19.4436803043     2.9276784033     6.8671781712
H       18.7078162378     2.7562921964     7.6616910785
H       20.5022227571     1.7409510183     5.3796019655
C       19.7658813815     1.6008695533     6.1811567590
H       18.8651950240     1.1457007548     5.7427080418
H       20.1828497070     0.8722782298     6.8845170023
H       21.4182496694     3.8089625540     6.6524256942
H       21.1679712552     2.9858939185     8.1998701765
H       20.4239847428     4.5638317720     7.9063318833
Si       16.3534883283     3.4496864177     4.4827622558
O       16.2947540432     5.0239736391     4.7435230195
O       17.8485749992     3.1795865811     3.8162011357
O       15.2448845916     3.1691317526     3.2674944813
O       16.0542041861     2.7135806583     5.9657719822
Si       16.4698936108     6.6224598659     4.5434837986
Si       14.0841097394     2.2053942051     2.5378886628
Si       18.7859178351     2.2511014243     2.7971332371
Si       15.8232934263     1.0588900282     6.2506152679
H       17.8458951507     6.8671543764     3.8773390566
H       15.4969192831     6.9924446456     3.3631019687
H       16.3091205664     7.5145844308     5.6464589717
H       12.8070251620     3.1827250376     2.7161998152
H       14.2405191193     2.9245199641     1.0036773584
H       18.3897531728     3.3830426230     1.4789457810
H       13.9260972313     1.0917769540     2.5741339775
H       18.5521098370     1.1447611662     2.4681427670
H       16.4832108379     1.0365199408     7.8256854085
H       14.3666738776     1.0515541318     6.9050728233
H       20.2044052427     2.7820376002     2.8349548666
H       16.1539306407     0.2167795760     5.5689733381
