32
# Point -15 Energy = 0.0
C       20.6930252137     3.7827872790     7.4798873993
H       18.9474321223     3.6614800191     6.2197705837
C       19.4982429902     3.0149696751     6.9187776759
H       18.7961307948     2.7701591489     7.7244220531
H       20.7294367654     1.9679614062     5.4716598297
C       19.9408796989     1.7418890055     6.2001201956
H       19.1190567795     1.2482357060     5.6678053387
H       20.3531044090     1.0142397223     6.9074622443
H       21.4264685039     3.9838405423     6.6898307436
H       21.1975632891     3.2091679641     8.2626502823
H       20.3898690874     4.7432447281     7.9080505941
Si       16.4389217092     3.3435955077     4.3833716945
O       16.1026337432     4.7306706680     5.2596631874
O       17.6383720336     2.7685172995     3.5319824492
O       15.7272101966     2.9074182597     2.9312055305
O       16.3062542438     2.9280994582     6.0075189082
Si       16.3451480163     6.2423977722     4.5789559884
Si       14.1266179321     2.7983397785     2.4450058371
Si       18.7829180484     2.2018360143     2.5103056395
Si       15.7880578381     1.3696128295     6.3391001247
H       17.7374298719     6.6927985214     3.9492739874
H       15.4211712747     6.6733619556     3.3705590051
H       16.1170357501     7.2284165477     5.6855304540
H       12.9499581905     3.5555735387     3.1352554113
H       14.1369868877     3.3006499996     1.0686861299
H       18.4405506276     3.0428329430     1.4783869174
H       13.6353283192     1.3604432292     2.4505961161
H       18.2604566810     0.9558888435     2.5707342925
H       16.2795861649     0.8413294197     7.7035859644
H       14.2151850359     1.0125645889     6.4505158574
H       20.2011168341     2.3352306987     2.9796235924
H       16.1258315467     0.0457489295     5.4468713325
32
# Point -14 Energy = 0.0
C       20.6878369202     3.7657667520     7.4845914796
H       18.9479254455     3.6558481473     6.2159905028
C       19.4905976643     3.0059323226     6.9178580293
H       18.7831930094     2.7668443701     7.7207146706
H       20.7139278337     1.9477709996     5.4716247464
C       19.9255360908     1.7283949165     6.2023064383
H       19.0996712065     1.2383968573     5.6728061083
H       20.3348762637     1.0004907194     6.9110776123
H       21.4245336126     3.9657613651     6.6973234564
H       21.1872548680     3.1872170914     8.2670205481
H       20.3880711415     4.7263259703     7.9149473227
Si       16.4379709422     3.3533489671     4.3811432637
O       16.1161520698     4.7616526556     5.2226902716
O       17.6612669059     2.7891097878     3.5494274582
O       15.7009456680     2.9129231681     2.9458308665
O       16.2908047373     2.9106455698     5.9934547626
Si       16.3604184151     6.2808419509     4.5645518097
Si       14.1088095795     2.7680942458     2.4482573796
Si       18.7957486086     2.2379650877     2.5066824680
Si       15.7863745963     1.3560173283     6.3540751701
H       17.7555305877     6.7151633414     3.9462692364
H       15.4357195338     6.7116378230     3.3634344720
H       16.1346827847     7.2604323238     5.6787346463
H       12.9324532865     3.5241430453     3.1286343630
H       14.1100282977     3.2445087662     1.0605602868
H       18.4441743111     3.0774639068     1.4665099246
H       13.6427100660     1.3238985206     2.4814900802
H       18.2980853956     0.9708096256     2.5423637179
H       16.2992331539     0.8485428036     7.7159758926
H       14.2202495016     1.0090417627     6.4832982269
H       20.2198592923     2.3796218991     2.9585840316
H       16.1333388100     0.0486899091     5.4589361168
32
# Point -13 Energy = 0.0
C       20.6827579921     3.7499397095     7.4892682956
H       18.9485455408     3.6505297993     6.2124022623
C       19.4834384191     2.9975295833     6.9170332027
H       18.7709995345     2.7638391570     7.7171515872
H       20.6991633331     1.9289203877     5.4715098134
C       19.9111776190     1.7158286083     6.2044840516
H       19.0814624828     1.2291522917     5.6778756776
H       20.3180754924     0.9878442861     6.9145956185
H       21.4225214062     3.9492298160     6.7047275660
H       21.1773973225     3.1667216432     8.2712782611
H       20.3859392530     4.7104238870     7.9218677427
Si       16.4371608756     3.3622622649     4.3793664077
O       16.1299897766     4.7907069436     5.1858597689
O       17.6838496722     2.8097058453     3.5673571073
O       15.6750492068     2.9185716322     2.9611379738
O       16.2754192243     2.8921759527     5.9791078584
Si       16.3753076448     6.3170950458     4.5502742204
Si       14.0921741959     2.7397878387     2.4519509476
Si       18.8068979714     2.2721871516     2.5037996499
Si       15.7846161894     1.3419840796     6.3682112853
H       17.7727197588     6.7357164167     3.9430156430
H       15.4497231118     6.7470603169     3.3563469644
H       16.1515309377     7.2902323212     5.6719110996
H       12.9163926232     3.4946285228     3.1228489875
H       14.0856516359     3.1917865965     1.0539756097
H       18.4468011076     3.1100031127     1.4550831586
H       13.6501355530     1.2905410898     2.5107439067
H       18.3329239504     0.9854668077     2.5150462879
H       16.3175423830     0.8553182542     7.7273682290
H       14.2252476575     1.0055775685     6.5136836801
H       20.2368851150     2.4211620713     2.9377926804
H       16.1404836134     0.0513729983     5.4700898150
32
# Point -12 Energy = 0.0
C       20.6778469146     3.7353142097     7.4938740945
H       18.9493194437     3.6455392475     6.2089780784
C       19.4768037502     2.9897666323     6.9162756134
H       18.7595874726     2.7611462770     7.7137152601
H       20.6851816844     1.9113952681     5.4712823344
C       19.8978407904     1.7041806406     6.2066291332
H       19.0644577973     1.2204861172     5.6830016547
H       20.3027441307     0.9762893545     6.9179926581
H       21.4204850268     3.9342530273     6.7119902138
H       21.1680622710     3.1476851463     8.2753788468
H       20.3835391046     4.6955535652     7.9287655862
Si       16.4364808956     3.3703465427     4.3780400789
O       16.1440911689     4.8178265699     5.1492201550
O       17.7061069960     2.8302945188     3.5857806675
O       15.6495335954     2.9243567430     2.9771077727
O       16.2601528796     2.8727159236     5.9644603164
Si       16.3897346183     6.3511668964     4.5361887721
Si       14.0766537862     2.7134646284     2.4559682929
Si       18.8164684918     2.3044674630     2.5017533608
Si       15.7827574689     1.3275384343     6.3815077494
H       17.7889321402     6.7545072893     3.9395859283
H       15.4630909114     6.7796554113     3.3493757996
H       16.1675046018     7.3178088180     5.6651463162
H       12.9017332386     3.4670873054     3.1178086869
H       14.0637371736     3.1426282199     1.0487207950
H       18.4485557713     3.1403957802     1.4441705510
H       13.6574956009     1.2602493414     2.5382135168
H       18.3649592914     0.9997137338     2.4889347674
H       16.3345011751     0.8616601408     7.7378050385
H       14.2301155486     1.0022084512     6.5416923897
H       20.2522686735     2.4597992276     2.9174363872
H       16.1472381865     0.0538010750     5.4803645439
32
# Point -11 Energy = 0.0
C       20.6731584810     3.7218977870     7.4983637086
H       18.9502710889     3.6408906287     6.2056890914
C       19.4707283744     2.9826491649     6.9155570135
H       18.7489907137     2.7587704828     7.7103879098
H       20.6720148603     1.8951803995     5.4709095322
C       19.8855566069     1.6934421261     6.2087179224
H       19.0486788313     1.2123836451     5.6881724651
H       20.2889182533     0.9658162692     6.9212454685
H       21.4184733266     3.9208363221     6.7190566602
H       21.1593170283     3.1301112483     8.2792766214
H       20.3809339577     4.6817294011     7.9355927586
Si       16.4359182707     3.3776135876     4.3771631554
O       16.1584008007     4.8430110590     5.1128187929
O       17.7280223162     2.8508657066     3.6047081356
O       15.6244107452     2.9302669990     2.9937218684
O       16.2450591038     2.8522914793     5.9494959749
Si       16.4036223571     6.3830702418     4.5223584427
Si       14.0621919005     2.6891635858     2.4601989506
Si       18.8245577595     2.3347775692     2.5006384688
Si       15.7807740950     1.3127045723     6.3939627353
H       17.8041079122     6.7715830707     3.9360493595
H       15.4757382612     6.8094513451     3.3425971262
H       16.1825340215     7.3431577372     5.6585224545
H       12.8884352577     3.4415760627     3.1134287167
H       14.0441680218     3.0971591276     1.0445965980
H       18.4495611982     3.1685871344     1.4338310687
H       13.6646873387     1.2329074576     2.5637726336
H       18.3941922677     1.0134070301     2.4641798081
H       16.3501015430     0.8675687918     7.7473221417
H       14.2347957742     0.9989696412     6.5673450997
H       20.2660836643     2.4954838662     2.8976984490
H       16.1535764682     0.0559784601     5.4897862278
32
# Point -10 Energy = 0.0
C       20.6687435891     3.7096979163     7.5026907273
H       18.9514212032     3.6365986127     6.2025054158
C       19.4652433306     2.9761837920     6.9148481158
H       18.7392400687     2.7567181278     7.7071509667
H       20.6596890031     1.8802613733     5.4703574967
C       19.8743512070     1.6836057221     6.2107255730
H       19.0341426352     1.2048323995     5.6933757669
H       20.2766288277     0.9564174510     6.9243294216
H       21.4165306464     3.9089844387     6.7258706397
H       21.1512245671     3.1140038632     8.2829245678
H       20.3781840709     4.6689651853     7.9423001435
Si       16.4354582833     3.3840767358     4.3767342350
O       16.1728631032     4.8662666990     5.0767022035
O       17.7495760436     2.8714117243     3.6241495781
O       15.5996919004     2.9362875771     3.0109619853
O       16.2301892247     2.8309297283     5.9341998188
Si       16.4168971570     6.4128213593     4.5088448180
Si       14.0487340974     2.6669194371     2.4645404058
Si       18.8312585662     2.3630915492     2.5005494231
Si       15.7786429846     1.2975052469     6.4055718880
H       17.8181916216     6.7869900363     3.9324735223
H       15.4875861815     6.8364795708     3.3360850437
H       16.1965538087     7.3662785600     5.6521190202
H       12.8764617547     3.4181500470     3.1096308209
H       14.0268306093     3.0554876525     1.0414170318
H       18.4499416328     3.1945182848     1.4241186858
H       13.6716151049     1.2084065660     2.5873113986
H       18.4206329777     1.0264046607     2.4409331012
H       16.3643402448     0.8730402132     7.7559479641
H       14.2392380208     0.9958940840     6.5906612223
H       20.2784030895     2.5281621495     2.8787612636
H       16.1594750444     0.0579112361     5.4983730949
32
# Point -9 Energy = 0.0
C       20.6646493151     3.6987202143     7.5068077770
H       18.9527875267     3.6326763871     6.1993962457
C       19.4603756588     2.9703764410     6.9141193818
H       18.7303627497     2.7549968390     7.7039859374
H       20.6482234547     1.8666208505     5.4695932243
C       19.8642447143     1.6746631387     6.2126282275
H       19.0208602456     1.1978197777     5.6986008688
H       20.2658999722     0.9480853195     6.9272212975
H       21.4146971252     3.8986984573     6.7323745331
H       21.1438430527     3.0993658196     8.2862752508
H       20.3753473859     4.6572729672     7.9488369657
Si       16.4350845973     3.3897488737     4.3767516356
O       16.1874239184     4.8876045996     5.0409141772
O       17.7707456548     2.8919234282     3.6441154115
O       15.5753876073     2.9423978462     3.0288102574
O       16.2155916334     2.8086589818     5.9185588339
Si       16.4294912393     6.4404376811     4.4957045926
Si       14.0362277633     2.6467602950     2.4688996610
Si       18.8366597789     2.3893940785     2.5015769503
Si       15.7763405367     1.2819627286     6.4163307463
H       17.8311348445     6.8007700023     3.9289210192
H       15.4985645181     6.8607718505     3.3299074034
H       16.2095058089     7.3871733593     5.6460084418
H       12.8657787413     3.3968612258     3.1063440992
H       14.0116148912     3.0177016561     1.0390114951
H       18.4498167975     3.2181378251     1.4150846303
H       13.6781891934     1.1866432316     2.6087385616
H       18.4443088458     1.0385755443     2.4193374076
H       16.3772163359     0.8780683767     7.7637066986
H       14.2433971006     0.9930146099     6.6116611532
H       20.2892988535     2.5577927822     2.8608026843
H       16.1649107388     0.0596068116     5.5061397904
32
# Point -8 Energy = 0.0
C       20.6609185796     3.6889690249     7.5106669970
H       18.9543847135     3.6291364751     6.1963300605
C       19.4561484586     2.9652328663     6.9133407891
H       18.7223823913     2.7536151701     7.7008738997
H       20.6376315167     1.8542405785     5.4685837364
C       19.8552519469     1.6666062992     6.2144018719
H       19.0088376879     1.1913342423     5.7038371119
H       20.2567498305     0.9408130791     6.9298976386
H       21.4130084237     3.8899772230     6.7385101150
H       21.1372256164     3.0861990794     8.2892808918
H       20.3724787319     4.6466632352     7.9551519435
Si       16.4347795750     3.3946435530     4.3772130976
O       16.2020302755     4.9070409796     5.0054962137
O       17.7915062123     2.9123920688     3.6646157311
O       15.5515080863     2.9485729164     3.0472484780
O       16.2013118454     2.7855091745     5.9025613281
Si       16.4413418680     6.4659385985     4.4829910561
Si       14.0246229004     2.6287086014     2.4731930892
Si       18.8408456549     2.4136759832     2.5038087771
Si       15.7738435105     1.2660986275     6.4262332215
H       17.8428950382     6.8129622737     3.9254515695
H       15.5086110549     6.8823614292     3.3241273151
H       16.2213374872     7.4058467813     5.6402581625
H       12.8563553613     3.3777574864     3.1035054575
H       13.9984151415     2.9838707687     1.0372254322
H       18.4493042788     3.2393967452     1.4067770058
H       13.6843272625     1.1675205037     2.6279797185
H       18.4652581628     1.0497970800     2.3995299659
H       16.3887318258     0.8826449557     7.7706169992
H       14.2472338783     0.9903628940     6.6303644162
H       20.2988412208     2.5843389159     2.8439976200
H       16.1698620626     0.0610743899     5.5130956499
32
# Point -7 Energy = 0.0
C       20.6575898994     3.6804470709     7.5142204201
H       18.9562243055     3.6259905059     6.1932747659
C       19.4525807363     2.9607583578     6.9124819488
H       18.7153187780     2.7525822607     7.6977954678
H       20.6279205171     1.8431012051     5.4672962574
C       19.8473823560     1.6594271007     6.2160223560
H       18.9980760058     1.1853651663     5.7090737085
H       20.2491903685     0.9345943831     6.9323347225
H       21.4114956185     3.8828170340     6.7442190821
H       21.1314199526     3.0745043128     8.2918937308
H       20.3696295190     4.6371445697     7.9611937446
Si       16.4345245790     3.3987749987     4.3781155482
O       16.2166308387     4.9245967177     4.9704871489
O       17.8118307004     2.9328090142     3.6856599816
O       15.5280633363     2.9547837067     3.0662577097
O       16.1873923693     2.7615121781     5.8861967543
Si       16.4523917479     6.4893451741     4.4707537880
Si       14.0138725001     2.6127808109     2.4773468421
Si       18.8438958437     2.4359345518     2.5073289488
Si       15.7711290793     1.2499342152     6.4352715849
H       17.8534357830     6.8236035962     3.9221220631
H       15.5176720098     6.9012828151     3.3188026566
H       16.2320020220     7.4223057536     5.6349303816
H       12.8481640222     3.3608814504     3.1010602155
H       13.9871304168     2.9540465136     1.0359212475
H       18.4485189601     3.2582494800     1.3992413729
H       13.6899547407     1.1509478628     2.6449770187
H       18.4835291385     1.0599567868     2.3816409945
H       16.3988914611     0.8867601157     7.7766923487
H       14.2507152601     0.9879697353     6.6467895899
H       20.3070984141     2.6077693845     2.8285177794
H       16.1743093202     0.0623251717     5.5192451804
32
# Point -6 Energy = 0.0
C       20.6546970885     3.6731551905     7.5174203852
H       18.9583146819     3.6232491031     6.1901978503
C       19.4496872401     2.9569575318     6.9115121936
H       18.7091875516     2.7519074965     7.6947307033
H       20.6190919417     1.8331823120     5.4656982965
C       19.8406400152     1.6531173087     6.2174652991
H       18.9885713624     1.1799028084     5.7142994207
H       20.2432272358     0.9294230935     6.9345083803
H       21.4101850525     3.8772114932     6.7494436448
H       21.1264678793     3.0642805158     8.2940663798
H       20.3668473329     4.6287233405     7.9669115310
Si       16.4343002751     3.4021582641     4.3794548343
O       16.2311763052     4.9402970314     4.9359229190
O       17.8316903959     2.9531657082     3.7072565825
O       15.5050632161     2.9609972009     3.0858178435
O       16.1738727117     2.7367021207     5.8694554547
Si       16.4625892703     6.5106800288     4.4590385932
Si       14.0039329337     2.5989871965     2.4812971109
Si       18.8458853058     2.4561733630     2.5122173065
Si       15.7681751007     1.2334907497     6.4434363381
H       17.8627268669     6.8327283760     3.9189868161
H       15.5257023145     6.9175717832     3.3139858844
H       16.2414582412     7.4365592723     5.6300820999
H       12.8411805497     3.3462693500     3.0989626521
H       13.9776649859     2.9282626331     1.0349789389
H       18.4475727440     3.2746542148     1.3925211698
H       13.6950053389     1.1368411701     2.6596886881
H       18.4991783381     1.0689532608     2.3657927363
H       16.4077027970     0.8904032570     7.7819412604
H       14.2538143943     0.9858652744     6.6609542021
H       20.3141361884     2.6280589232     2.8145315030
H       16.1782349449     0.0633726277     5.5245883416
32
# Point -5 Energy = 0.0
C       20.6522689330     3.6670920668     7.5202199746
H       18.9606609983     3.6209217828     6.1870665535
C       19.4474782748     2.9538341208     6.9104006794
H       18.7039998870     2.7516001708     7.6916590289
H       20.6111415710     1.8244624435     5.4637577509
C       19.8350235984     1.6476684449     6.2187060105
H       18.9803151277     1.1749382780     5.7195022404
H       20.2388596069     0.9252930267     6.9363938368
H       21.4090981700     3.8731513548     6.7541271569
H       21.1224048640     3.0555246174     8.2957522024
H       20.3641754926     4.6214033996     7.9722555204
Si       16.4340869342     3.4048094011     4.3812254383
O       16.2456198200     4.9541711991     4.9018363653
O       17.8510552483     2.9734536360     3.7294125447
O       15.4825174817     2.9671767354     3.1059071611
O       16.1607894733     2.7111156932     5.8523283917
Si       16.4718887436     6.5299672748     4.4478874739
Si       13.9947643008     2.5873316545     2.4849903036
Si       18.8468842230     2.4744021221     2.5185489665
Si       15.7649604861     1.2167898371     6.4507161258
H       17.8707443645     6.8403689396     3.9160978049
H       15.5326658377     6.9312654369     3.3097239094
H       16.2496705776     7.4486182272     5.6257652033
H       12.8353843332     3.3339499396     3.0971764950
H       13.9699286672     2.9065354124     1.0342965029
H       18.4465742629     3.2885731174     1.3866580764
H       13.6994215305     1.1251225199     2.6720885288
H       18.5122691216     1.0766969234     2.3520985262
H       16.4151764162     0.8935638011     7.7863674873
H       14.2565109599     0.9840792665     6.6728747488
H       20.3200173918     2.6451883650     2.8022034908
H       16.1816239019     0.0642327915     5.5291208606
32
# Point -4 Energy = 0.0
C       20.6503288505     3.6622539621     7.5225734802
H       18.9632651267     3.6190168594     6.1838480541
C       19.4459595109     2.9513907679     6.9091165091
H       18.6997621522     2.7516691467     7.6885591557
H       20.6040596372     1.8169191384     5.4614430372
C       19.8305263618     1.6430716707     6.2197194364
H       18.9732939690     1.1704634905     5.7246690835
H       20.2360800205     0.9221976921     6.9379655885
H       21.4082513462     3.8706243747     6.7582147889
H       21.1192595314     3.0482310880     8.2969057265
H       20.3616525827     4.6151857778     7.9771775670
Si       16.4338647401     3.4067456312     4.3834201831
O       16.2599174015     4.9662523172     4.8682570757
O       17.8698942777     2.9936642901     3.7521330734
O       15.4604357892     2.9732823188     3.1265019129
O       16.1481765266     2.6847924290     5.8348068759
Si       16.4802506111     6.5472324834     4.4373386292
Si       13.9863307131     2.5778115187     2.4883831374
Si       18.8469578968     2.4906365006     2.5263937873
Si       15.7614656566     1.1998538194     6.4570976922
H       17.8774707138     6.8465558195     3.9135048696
H       15.5385355557     6.9424023141     3.3060580269
H       16.2566090458     7.4584952553     5.6220265712
H       12.8307584425     3.3239434645     3.0956753461
H       13.9638370472     2.8888640176     1.0337901095
H       18.4456285740     3.2999725046     1.3816923127
H       13.7031549691     1.1157200028     2.6821653935
H       18.5228701069     1.0831105765     2.3406618740
H       16.4213262667     0.8962320017     7.7899702430
H       14.2587915267     0.9826413922     6.6825668246
H       20.3248015046     2.6591448188     2.7916944119
H       16.1844641452     0.0649245559     5.5328345829
32
# Point -3 Energy = 0.0
C       20.6488945490     3.6586344655     7.5244369056
H       18.9661256047     3.6175413610     6.1805096804
C       19.4451318002     2.9496288279     6.9076288843
H       18.6964755667     2.7521225251     7.6854090313
H       20.5978310179     1.8105289716     5.4587232638
C       19.8271361468     1.6393176735     6.2204801432
H       18.9674899607     1.1664711121     5.7297855123
H       20.2348742391     0.9201300325     6.9391973336
H       21.4076557217     3.8696151819     6.7616542461
H       21.1170531700     3.0423915637     8.2974830997
H       20.3593119675     4.6100683952     7.9816317641
Si       16.4336141043     3.4079855047     4.3860299305
O       16.2740283787     4.9765770819     4.8352112583
O       17.8881759910     3.0137891335     3.7754211532
O       15.4388276671     2.9792709877     3.1475759208
O       16.1360652639     2.6577749436     5.8168822991
Si       16.4876416574     6.5625026742     4.4274264721
Si       13.9786004985     2.5704173978     2.4914426445
Si       18.8461666376     2.5048979726     2.5358158150
Si       15.7576730664     1.1827061690     6.4625658794
H       17.8828947927     6.8513180519     3.9112558782
H       15.5432936761     6.9510225197     3.3030238862
H       16.2622492395     7.4662046107     5.6189081973
H       12.8272896979     3.3162607081     3.0944430293
H       13.9593115529     2.8752308726     1.0333940515
H       18.4448368284     3.3088229534     1.3776628710
H       13.7061668120     1.1085673912     2.6899226348
H       18.5310536730     1.0881297840     2.3315755606
H       16.4261700877     0.8983997578     7.7927444302
H       14.2606499671     0.9815815862     6.6900453419
H       20.3285441482     2.6699218340     2.7831603831
H       16.1867471155     0.0654699553     5.5357178585
32
# Point -2 Energy = 0.0
C       20.6479776970     3.6562242703     7.5257685054
H       18.9692376041     3.6165009568     6.1770191470
C       19.4449910136     2.9485481834     6.9059072936
H       18.6941358762     2.7529673219     7.6821858194
H       20.5924354801     1.8052676140     5.4555684493
C       19.8248354223     1.6363965615     6.2209623509
H       18.9628807300     1.1629544968     5.7348354982
H       20.2352211522     0.9190821773     6.9400619682
H       21.4073170549     3.8701051827     6.7643965336
H       21.1157992578     3.0379945039     8.2974425919
H       20.3571813023     4.6060458002     7.9855750679
Si       16.4333159933     3.4085490321     4.3890432775
O       16.2879158368     4.9851855831     4.8027216393
O       17.9058688226     3.0338195524     3.7992771160
O       15.4177024699     2.9850971998     3.1691002191
O       16.1244849048     2.6301091186     5.7985458774
Si       16.4940352035     6.5758063101     4.4181816530
Si       13.9715463048     2.5651330542     2.4941460901
Si       18.8445656469     2.5172136397     2.5468727025
Si       15.7535677767     1.1653718732     6.4671036652
H       17.8870119945     6.8546834713     3.9093968445
H       15.5469317165     6.9571678674     3.3006514875
H       16.2665723494     7.4717620388     5.6164473111
H       12.8249686752     3.3109021467     3.0934738535
H       13.9562793553     2.8656021015     1.0330604729
H       18.4442959088     3.3150993635     1.3746076774
H       13.7084279171     1.1036037630     2.6953775219
H       18.5368945208     1.0917030910     2.3249207463
H       16.4297298942     0.9000614041     7.7946808806
H       14.2620878962     0.9809303593     6.6953248232
H       20.3312965608     2.6775195517     2.7767523153
H       16.1884682617     0.0658944096     5.5377559604
32
# Point -1 Energy = 0.0
C       20.6475836245     3.6550109926     7.5265293619
H       18.9725929295     3.6158998978     6.1733448208
C       19.4455279139     2.9481470819     6.9039217412
H       18.6927330612     2.7542091614     7.6788659191
H       20.5878479899     1.8011099144     5.4519497971
C       19.8236013819     1.6342977719     6.2211400254
H       18.9594396534     1.1599076138     5.7398012406
H       20.2370927429     0.9190452189     6.9405316653
H       21.4072356045     3.8720725134     6.7663967616
H       21.1155030272     3.0350249031     8.2967451497
H       20.3552820529     4.6031089501     7.9889679370
Si       16.4329522688     3.4084577739     4.3924462558
O       16.3015470652     4.9921210984     4.7708073825
O       17.9229416017     3.0537467959     3.8236981893
O       15.3970693175     2.9907132662     3.1910427402
O       16.1134628507     2.6018442143     5.7797884098
Si       16.4994112886     6.5871732841     4.4096310825
Si       13.9651450895     2.5619353431     2.4964807999
Si       18.8422048980     2.5276160385     2.5596150990
Si       15.7491380558     1.1478777872     6.4706922379
H       17.8898243016     6.8566789830     3.9079719915
H       15.5494505382     6.9608820088     3.2989651974
H       16.2695652002     7.4751846409     5.6146764884
H       12.8237896311     3.3078572400     3.0927727801
H       13.9546730874     2.8599280676     1.0327588829
H       18.4440980265     3.3187809754     1.3725636826
H       13.7099188838     1.1007730845     2.6985606202
H       18.5404683074     1.0937920927     2.3207660937
H       16.4320324885     0.9012144454     7.7957666016
H       14.2631151152     0.9807190876     6.6984197455
H       20.3331050365     2.6819448428     2.7726151282
H       16.1896275660     0.0662269104     5.5389315312
32
# Point 0 Energy = 0
C       20.6477110000     3.6549790000     7.5266840000
H       18.9761800000     3.6157410000     6.1694560000
C       19.4467280000     2.9484220000     6.9016430000
H       18.6922510000     2.7558520000     7.6754250000
H       20.5840390000     1.7980300000     5.4478400000
C       19.8234060000     1.6330100000     6.2209870000
H       18.9571360000     1.1573250000     5.7446630000
H       20.2404540000     0.9200090000     6.9405780000
H       21.4074060000     3.8754920000     6.7676150000
H       21.1161610000     3.0334640000     8.2953550000
H       20.3536290000     4.6012450000     7.9917750000
Si       16.4325060000     3.4077350000     4.3962220000
O       16.3148940000     4.9974300000     4.7394840000
O       17.9393640000     3.0735620000     3.8486780000
O       15.3769370000     2.9960700000     3.2133680000
O       16.1030250000     2.5730330000     5.7606000000
Si       16.5037570000     6.5966350000     4.4017980000
Si       13.9593780000     2.5607940000     2.4984440000
Si       18.8391290000     2.5361430000     2.5740860000
Si       15.7443760000     1.1302530000     6.4733110000
H       17.8913405600     6.8573308000     3.9070238400
H       15.5508605600     6.9622108000     3.2979838400
H       16.2712205600     7.4764908000     5.6136238400
H       12.8237502400     3.3071035200     3.0923555200
H       13.9544302400     2.8581435200     1.0324755200
H       18.4443303200     3.3198514400     1.3715668800
H       13.7106302400     1.1000235200     2.6995155200
H       18.5418503200     1.0943714400     2.3191668800
H       16.4331100800     0.9018602400     7.7959848800
H       14.2637500800     0.9809802400     6.6993448800
H       20.3340103200     2.6832114400     2.7708868800
H       16.1902300800     0.0665002400     5.5392248800
32
# Point 1 Energy = 0.0
C       20.6483535263     3.6561140344     7.5262005098
H       18.9799854987     3.6160260887     6.1653232823
C       19.4485743432     2.9493695699     6.8990435681
H       18.6926707046     2.7578995280     7.6718392125
H       20.5809792071     1.7960036815     5.4432152064
C       19.8242210781     1.6325230386     6.2204792070
H       18.9559406941     1.1552016083     5.7494018692
H       20.2452692641     0.9219653472     6.9401748894
H       21.4078185170     3.8803403231     6.7680161383
H       21.1177638353     3.0332954425     8.2932403349
H       20.3522303170     4.6004419282     7.9939642328
Si       16.4319630325     3.4063996442     4.4003516172
O       16.3279342074     5.0011561343     4.7087608875
O       17.9551096973     3.0932533706     3.8742094170
O       15.3573101461     3.0011183034     3.2360401552
O       16.0931935398     2.5437236033     5.7409686853
Si       16.5070664555     6.6042183061     4.3946959583
Si       13.9542224011     2.5616811161     2.5000482414
Si       18.8353827703     2.5428377092     2.5903242269
Si       15.7392721872     1.1125200826     6.4749332125
H       17.8915764741     6.8566568371     3.9065866014
H       15.5511818354     6.9611917415     3.2977128966
H       16.2715361350     7.4756975904     5.6133043179
H       12.8248486288     3.3086184733     3.0922601927
H       13.9554814717     2.8601822934     1.0322191478
H       18.4450830331     3.3182991070     1.3716553988
H       13.7105490115     1.1013167903     2.6983003142
H       18.5411253820     1.0934284049     2.3201654276
H       16.4329910264     0.9019917275     7.7953124338
H       14.2640130582     0.9817419191     6.6981050928
H       20.3340519113     2.6813434480     2.7717054218
H       16.1902812095     0.0667448072     5.5386072627
32
# Point 2 Energy = 0.0
C       20.6494986351     3.6583993713     7.5250506645
H       18.9839931680     3.6167556336     6.1609184212
C       19.4510453999     2.9509849101     6.8960969923
H       18.6939677229     2.7603538186     7.6680842024
H       20.5786361146     1.7950064884     5.4380534643
C       19.8260143797     1.6328261540     6.2195928734
H       18.9558218251     1.1535327778     5.7539973821
H       20.2514972603     0.9249051992     6.9392962468
H       21.4084581978     3.8865918215     6.7675703333
H       21.1202940919     3.0345001029     8.2903729477
H       20.3510874538     4.6006847132     7.9955078401
Si       16.4313108087     3.4044713476     4.4048133572
O       16.3406504228     5.0033448021     4.6786440432
O       17.9701538504     3.1128079934     3.9002821153
O       15.3381930962     3.0058085907     3.2590200669
O       16.0839894695     2.5139665930     5.7208815093
Si       16.5093405088     6.6099504128     4.3883348451
Si       13.9496589937     2.5645634871     2.5013145961
Si       18.8310057256     2.5477474037     2.6083610731
Si       15.7338211292     1.0947031674     6.4755305813
H       17.8905541522     6.8546738072     3.9066929472
H       15.5504433583     6.9578632791     3.2981522171
H       16.2705147147     7.4728222513     5.6137284157
H       12.8270858345     3.3123688757     3.0925349374
H       13.9577613290     2.8659669604     1.0320129021
H       18.4464409727     3.3141161673     1.3728678514
H       13.7096699331     1.1046194576     2.6949827964
H       18.5383760938     1.0909621955     2.3237905131
H       16.4317086983     0.9016056086     7.7937231392
H       14.2639326686     0.9830330213     6.6947058078
H       20.3332628698     2.6763714746     2.7752017285
H       16.1897917209     0.0669941132     5.5370485487
32
# Point 3 Energy = 0.0
C       20.6511252515     3.6618107217     7.5232114652
H       18.9881822900     3.6179282196     6.1562148002
C       19.4541119754     2.9532593291     6.8927777384
H       18.6961082821     2.7632132418     7.6641342430
H       20.5769700675     1.7950114510     5.4323337062
C       19.8287448311     1.6339060269     6.2183028501
H       18.9567392752     1.1523142195     5.7584246240
H       20.2590846740     0.9288148248     6.9379136805
H       21.4093034914     3.8942131577     6.7662553552
H       21.1237225124     3.0370491579     8.2867292454
H       20.3501941271     4.6019501297     7.9963848283
Si       16.4305375902     3.4019768407     4.4095810797
O       16.3530305140     5.0040484792     4.6491384104
O       17.9844710624     3.1322148632     3.9268782997
O       15.3195936554     3.0100901457     3.2822617822
O       16.0754358476     2.4838233289     5.7003256292
Si       16.5105872781     6.6138652944     4.3827269586
Si       13.9456793804     2.5693926146     2.5022665604
Si       18.8260260816     2.5509232264     2.6282149034
Si       15.7280281342     1.0768376556     6.4750780726
H       17.8883024482     6.8514055458     3.9073803449
H       15.5486830168     6.9522761408     3.2993040415
H       16.2681657835     7.4678847992     5.6149110711
H       12.8304682054     3.3182974126     3.0932258776
H       13.9612185306     2.8753944799     1.0318865617
H       18.4484737742     3.3072984736     1.3752393236
H       13.7080087197     1.1098918483     2.6896383644
H       18.5336705394     1.0869841102     2.3300546773
H       16.4293120878     0.9007161380     7.7911913812
H       14.2635537578     0.9848892644     6.6891643953
H       20.3316639222     2.6683297057     2.7814899644
H       16.1887834929     0.0672911531     5.5345251243
32
# Point 4 Energy = 0.0
C       20.6532055594     3.6663207258     7.5206656803
H       18.9925294859     3.6195409496     6.1511880419
C       19.4577401518     2.9561821614     6.8890624284
H       18.6990525460     2.7664737355     7.6599636649
H       20.5759392126     1.7959915098     5.4260380142
C       19.8323676870     1.6357485292     6.2165851060
H       18.9586505872     1.1515418090     5.7626571548
H       20.2679725728     0.9336789419     6.9359997558
H       21.4103276770     3.9031684000     6.7640569357
H       21.1280108933     3.0409100794     8.2822913950
H       20.3495364259     4.6042112129     7.9965805879
Si       16.4296342137     3.3989439287     4.4146250694
O       16.3650685282     5.0033214648     4.6202453513
O       17.9980388233     3.1514622298     3.9539751120
O       15.3015192899     3.0139125160     3.3057157200
O       16.0675558751     2.4533577521     5.6792871182
Si       16.5108219355     6.6159977710     4.3778807994
Si       13.9422778546     2.5761142102     2.5029353649
Si       18.8204663572     2.5524203986     2.6498941334
Si       15.7219042212     1.0589615828     6.4735498000
H       17.8848566823     6.8468756884     3.9086839523
H       15.5459472413     6.9444827016     3.3011650866
H       16.2645043829     7.4609055840     5.6168626757
H       12.8350043365     3.3263349651     3.0943885535
H       13.9658039132     2.8883510281     1.0318820594
H       18.4512436518     3.2978457829     1.3788037109
H       13.7055881322     1.1170972915     2.6823516156
H       18.5270725267     1.0815168827     2.3389543706
H       16.4258567525     0.8993428669     7.7876892925
H       14.2629306499     0.9873476851     6.6815002815
H       20.3292676199     2.6572595600     2.7906730945
H       16.1872848133     0.0676820551     5.5310134332
32
# Point 5 Energy = 0.0
C       20.6557051633     3.6718992365     7.5174024152
H       18.9970090024     3.6215895169     6.1458163437
C       19.4618915818     2.9597408617     6.8849302629
H       18.7027548033     2.7701287763     7.6555471768
H       20.5755002436     1.7979197570     5.4191521562
C       19.8368350954     1.6383388112     6.2144172236
H       18.9615115497     1.1512115045     5.7666673478
H       20.2780969873     0.9394808214     6.9335286556
H       21.4114991284     3.9134194256     6.7609694548
H       21.1331122739     3.0460469587     8.2770480020
H       20.3490927374     4.6074375259     7.9960873503
Si       16.4285944020     3.3954011633     4.4199119049
O       16.3767649358     5.0012194821     4.5919626088
O       18.0108380372     3.1705374248     3.9815442806
O       15.2839771736     3.0172260825     3.3293287500
O       16.0603732107     2.4226358856     5.6577508848
Si       16.5100666667     6.6163832136     4.3738009375
Si       13.9394506492     2.5846688827     2.5033593374
Si       18.8143434361     2.5522978001     2.6733967284
Si       15.7154664608     1.0411154154     6.4709191908
H       17.8802585484     6.8411075571     3.9106362851
H       15.5422907042     6.9345367474     3.3037265034
H       16.2595511315     7.4519049475     5.6195889349
H       12.8407045380     3.3364012722     3.0960874427
H       13.9714691501     2.9047136137     1.0320521010
H       18.4548048173     3.2857614999     1.3835935456
H       13.7024366806     1.1262019722     2.6732154690
H       18.5186410217     1.0745939802     2.3504695392
H       16.4214050183     0.8975104779     7.7831870011
H       14.2621271484     0.9904461967     6.6717353020
H       20.3260777461     2.6432096347     2.8028418111
H       16.1853305567     0.0682155548     5.5264904125
32
# Point 6 Energy = 0.0
C       20.6585830052     3.6785130572     7.5134175683
H       19.0015927240     3.6240684750     6.1400806978
C       19.4665233028     2.9639210349     6.8803632326
H       18.7071631201     2.7741694021     7.6508599572
H       20.5756082849     1.8007694727     5.4116657202
C       19.8420957535     1.6416613171     6.2117784847
H       18.9652757124     1.1513195409     5.7704262576
H       20.2893883638     0.9462020864     6.9304763294
H       21.4127813916     3.9249256556     6.7569965282
H       21.1389706974     3.0524200215     8.2709945891
H       20.3488337392     4.6115948974     7.9949046755
Si       16.4274147030     3.3913787878     4.4254041927
O       16.3881269701     4.9978005374     4.5642843884
O       18.0228530780     3.1894276716     4.0095516329
O       15.2669738413     3.0199845474     3.3530440217
O       16.0539115999     2.3917263999     5.6357002692
Si       16.5083522197     6.6150584648     4.3704886940
Si       13.9371958177     2.5949900813     2.5035838800
Si       18.8076681143     2.5506185161     2.6987094728
Si       15.7087378817     1.0233427005     6.4671585371
H       17.8745578739     6.8341241898     3.9132678457
H       15.5377780028     6.9224958014     3.3069748142
H       16.2533346540     7.4409037838     5.6230919250
H       12.8475792231     3.3484012323     3.0983946730
H       13.9781654364     2.9243460566     1.0324589021
H       18.4592025424     3.2710537947     1.3896396756
H       13.6985914161     1.1371719474     2.6623337544
H       18.5084287659     1.0662599545     2.3645627202
H       16.4160261967     0.8952490853     7.7776519759
H       14.2612162020     0.9942237846     6.6598938464
H       20.3220882662     2.6262361637     2.8180732221
H       16.1829616998     0.0689435383     5.5209328759
32
# Point 7 Energy = 0.0
C       20.6617927971     3.6861276254     7.5087142018
H       19.0062514347     3.6269709401     6.1339653694
C       19.4715896117     2.9687068245     6.8753469326
H       18.7122213959     2.7785843417     7.6458786298
H       20.5762196704     1.8045147413     5.4035733506
C       19.8480977713     1.6457000928     6.2086513279
H       18.9698974498     1.1518617594     5.7739053292
H       20.3017750895     0.9538236473     6.9268224082
H       21.4141344294     3.9376460103     6.7521512126
H       21.1455232581     3.0599880271     8.2641343082
H       20.3487230576     4.6166471172     7.9930393004
Si       16.4260954585     3.3869054937     4.4310611697
O       16.3991684419     4.9931217032     4.5372013387
O       18.0340731935     3.2081177812     4.0379575156
O       15.2505161760     3.0221415450     3.3768020792
O       16.0481964228     2.3606975327     5.6131179507
Si       16.5057141231     6.6120587791     4.3679402965
Si       13.9355112112     2.6070109052     2.5036591357
Si       18.8004463602     2.5474473735     2.7258083617
Si       15.7017478183     1.0056877425     6.4622406998
H       17.8678081210     6.8259477854     3.9166045747
H       15.5324786080     6.9084150123     3.3108898851
H       16.2458861362     7.4279212600     5.6273672906
H       12.8556405674     3.3622353280     3.1013901592
H       13.9858429593     2.9471129723     1.0331721499
H       18.4644729708     3.2537325674     1.3969714375
H       13.6940877585     1.1499792817     2.6498126347
H       18.4964840176     1.0565673325     2.3811802555
H       16.4097954088     0.8925923022     7.7710516108
H       14.2602793975     0.9987185641     6.6460035947
H       20.3172838010     2.6064019921     2.8364303509
H       16.1802256828     0.0699176186     5.5143204980
32
# Point 8 Energy = 0.0
C       20.6652827723     3.6947061397     7.5033027031
H       19.0109545354     3.6302891129     6.1274579148
C       19.4770413769     2.9740809009     6.8698704587
H       18.7178684890     2.7833601665     7.6405810770
H       20.5772907647     1.8091302170     5.3948743129
C       19.8547872595     1.6504387281     6.2050209080
H       18.9753301835     1.1528341436     5.7770757383
H       20.3151816530     0.9623251768     6.9225497016
H       21.4155145549     3.9515378546     6.7464562535
H       21.1526995156     3.0687068771     8.2564780203
H       20.3487175091     4.6225550941     7.9905054970
Si       16.4246402228     3.3820108804     4.4368383742
O       16.4099100346     4.9872414781     4.5107007856
O       18.0444919303     3.2265921789     4.0667163045
O       15.2346106236     3.0236553651     3.4005404772
O       16.0432533872     2.3296189073     5.5899852174
Si       16.5021959788     6.6074201840     4.3661484903
Si       13.9343951503     2.6206588977     2.5036407106
Si       18.7926783589     2.5428526158     2.7546578097
Si       15.6945311308     0.9881971961     6.4561379002
H       17.8600702218     6.8165998836     3.9206695667
H       15.5264707705     6.8923524742     3.3154470091
H       16.2372445175     7.4129764893     5.6324066662
H       12.8648996906     3.3777909684     3.1051592890
H       13.9944496609     2.9728691640     1.0342679364
H       18.4706419052     3.2338121494     1.4056162471
H       13.6889670774     1.1645957824     2.6357673671
H       18.4828484264     1.0455781454     2.4002510890
H       16.4027936705     0.8895778453     7.7633514820
H       14.2594060537     1.0039685736     6.6300953482
H       20.3116381934     2.5837775695     2.8579608381
H       16.1771749810     0.0711908402     5.5066338663
32
# Point 9 Energy = 0.0
C       20.6689968794     3.7042116573     7.4972011389
H       19.0156711294     3.6340139456     6.1205495565
C       19.4828277678     2.9800250177     6.8639272981
H       18.7240401024     2.7884816661     7.6349475045
H       20.5787807791     1.8145916929     5.3855741159
C       19.8621112151     1.6558607415     6.2008769425
H       18.9815295464     1.1542320496     5.7799105656
H       20.3295322239     0.9716863455     6.9176466743
H       21.4168754350     3.9665592856     6.7399442342
H       21.1604233373     3.0785326435     8.2480451659
H       20.3487674206     4.6292790224     7.9873246974
Si       16.4230566663     3.3767215518     4.4426880720
O       16.4203786615     4.9802159221     4.4847661357
O       18.0541085350     3.2448322537     4.0957770274
O       15.2192645517     3.0244845539     3.4241945402
O       16.0391099062     2.2985578221     5.5662827274
Si       16.4978451019     6.6011757312     4.3650997854
Si       13.9338435822     2.6358647968     2.5035875142
Si       18.7843604079     2.5369029212     2.7852115264
Si       15.6871294361     0.9709168728     6.4488233118
H       17.8514076173     6.8061001599     3.9254797807
H       15.5198361076     6.8743620653     3.3206138525
H       16.2274503294     7.3960858148     5.6381937872
H       12.8753691202     3.3949560588     3.1097944892
H       14.0039295403     3.0014764909     1.0358273060
H       18.4777252991     3.2113075537     1.4155998773
H       13.6832635365     1.1810013766     2.6203130114
H       18.4675599503     1.0333601016     2.4216887361
H       16.3951081982     0.8862449511     7.7545175900
H       14.2586937682     1.0100077916     6.6122040683
H       20.3051157025     2.5584396154     2.8826971789
H       16.1738687453     0.0728135269     5.4978571480
32
# Point 10 Energy = 0.0
C       20.6728752606     3.7146048262     7.4904345329
H       19.0203698980     3.6381359846     6.1132349313
C       19.4888955611     2.9865196946     6.8575145009
H       18.7306680757     2.7939318814     7.6289597506
H       20.5806492177     1.8208754558     5.3756824153
C       19.8700149402     1.6619492700     6.1962118405
H       18.9884499227     1.1560512935     5.7823828455
H       20.3447474584     0.9818854331     6.9121050492
H       21.4181686260     3.9826664965     6.7326567307
H       21.1686129079     3.0894181305     8.2388625203
H       20.3488184148     4.6367761418     7.9835254898
Si       16.4213553142     3.3710664124     4.4485595557
O       16.4306080893     4.9721037832     4.4593784495
O       18.0629264288     3.2628204245     4.1250831298
O       15.2044844228     3.0245966483     3.4476976473
O       16.0357927373     2.2675835596     5.5419899000
Si       16.4927181522     6.5933606397     4.3647785904
Si       13.9338534375     2.6525507582     2.5035628769
Si       18.7754825424     2.5296712296     2.8174115055
Si       15.6795874949     0.9538957983     6.4402693846
H       17.8418925255     6.7944680107     3.9310500859
H       15.5126659335     6.8545035728     3.3263555528
H       16.2165545337     7.3772666634     5.6447101015
H       12.8870576728     3.4135999326     3.1153887221
H       14.0142246200     3.0327813066     1.0379345181
H       18.4857267463     3.1862402064     1.4269459853
H       13.6770221356     1.1991707943     2.6035768218
H       18.4506484631     1.0199905519     2.4453893423
H       16.3868290369     0.8826359503     7.7445143463
H       14.2582442942     1.0168708149     6.5923679479
H       20.2976683533     2.5304731922     2.9106548756
H       16.1703673824     0.0748371418     5.4879754138
32
# Point 11 Energy = 0.0
C       20.6768573416     3.7261110465     7.4831160753
H       19.0250867885     3.6425896476     6.1055321954
C       19.4953108104     2.9936080283     6.8507242048
H       18.7377952302     2.7997199667     7.6226774926
H       20.5831877366     1.8280447297     5.3654416161
C       19.8787607710     1.6687465838     6.1912339163
H       18.9964436028     1.1582010050     5.7846835355
H       20.3611226939     0.9930760679     6.9062074333
H       21.4193439306     4.0001167659     6.7247341660
H       21.1772342842     3.1017029627     8.2291159782
H       20.3486750426     4.6452661879     7.9791375107
Si       16.4197161201     3.3645540231     4.4543344702
O       16.4406075344     4.9624409063     4.4343224263
O       18.0711512082     3.2802055631     4.1545926457
O       15.1905336580     3.0232147106     3.4708926004
O       16.0335911196     2.2362728563     5.5170845234
Si       16.4863629411     6.5834933314     4.3647142208
Si       13.9340238052     2.6717725461     2.5036630936
Si       18.7663653844     2.5208893534     2.8512809000
Si       15.6721124122     0.9367514542     6.4304910318
H       17.8310427682     6.7815402110     3.9369573638
H       15.5045008506     6.8318554837     3.3321024667
H       16.2038140930     7.3561466919     5.6513435300
H       12.9005059203     3.4353334926     3.1229076381
H       14.0247963467     3.0686925089     1.0409349768
H       18.4949307968     3.1581653699     1.4396947639
H       13.6685027158     1.2203863387     2.5848037773
H       18.4326782059     1.0051403379     2.4714258367
H       16.3780220084     0.8784657331     7.7334517006
H       14.2582903205     1.0241472138     6.5704598589
H       20.2895772323     2.4998304898     2.9419578659
H       16.1670369259     0.0768203925     5.4771455449
32
# Point 12 Energy = 0.0
C       20.6809297755     3.7372770373     7.4753114960
H       19.0296570009     3.6473709264     6.0976017309
C       19.5015623902     3.0007598073     6.8434785156
H       18.7448476596     2.8055493597     7.6160196450
H       20.5850624761     1.8353704063     5.3543144246
C       19.8869620377     1.6756867699     6.1854276788
H       19.0037527157     1.1607819280     5.7861944212
H       20.3769132978     1.0041628675     6.8992171611
H       21.4205167921     4.0172366596     6.7162684379
H       21.1859392734     3.1133844293     8.2186474669
H       20.3489166432     4.6533551445     7.9745343536
Si       16.4176515976     3.3593048665     4.4602659518
O       16.4506634690     4.9537071470     4.4100956193
O       18.0785185453     3.2983610270     4.1840790215
O       15.1762898189     3.0233962084     3.4942070555
O       16.0312624829     2.2064138109     5.4919172536
Si       16.4809365771     6.5742855087     4.3662407265
Si       13.9356352286     2.6885591873     2.5037203658
Si       18.7560378525     2.5124504150     2.8855801855
Si       15.6640651239     0.9210342717     6.4199917482
H       17.8211803959     6.7687362878     3.9444163027
H       15.4974655195     6.8108837647     3.3395840598
H       16.1925428491     7.3351359906     5.6599332512
H       12.9132307893     3.4529668314     3.1286101943
H       14.0371035877     3.1002466688     1.0435405500
H       18.5036688410     3.1301092909     1.4529963903
H       13.6646348468     1.2388619136     2.5678296848
H       18.4123985315     0.9908967863     2.4979195942
H       16.3688050180     0.8750824561     7.7214896344
H       14.2580807439     1.0332846355     6.5479939732
H       20.2800587482     2.4683196208     2.9743123635
H       16.1626899707     0.0803299750     5.4654261024
32
# Point 13 Energy = 0.0
C       20.6665358639     3.7382005445     7.4995960531
H       19.0243701818     3.6505852548     6.1108927313
C       19.4978734761     2.9988828306     6.8510264618
H       18.7387579850     2.7864032565     7.6169863614
H       20.5933036257     1.8618863876     5.3477851386
C       19.8977843858     1.6854814906     6.1778523962
H       19.0194594978     1.1660794367     5.7735185373
H       20.3955693539     1.0112384068     6.8837241091
H       21.4057473826     4.0397341667     6.7481707744
H       21.1759673106     3.1076302032     8.2343350355
H       20.3217962942     4.6419062089     8.0130924842
Si       16.4172386230     3.3585217283     4.4681844263
O       16.4525407749     4.9497135746     4.4112457554
O       18.0888805109     3.3353783799     4.2247070475
O       15.1722000764     3.0334079067     3.5072086793
O       16.0327364801     2.1645142043     5.4495802636
Si       16.5112851827     6.5660133989     4.3034124433
Si       13.8978992146     2.6999824013     2.5616800936
Si       18.7614826838     2.5447633003     2.9252420699
Si       15.6612551272     0.8779712060     6.3712131914
H       17.8546786903     6.6972725367     3.8842117912
H       15.5386357713     6.7603599916     3.2639230681
H       16.2303043044     7.3944410720     5.5602666576
H       12.9128988371     3.4578606571     3.2440453902
H       13.9281395171     3.1215145835     1.0971968358
H       18.5341877108     3.1601224633     1.4788563766
H       13.6384617722     1.2499052301     2.6290163446
H       18.4188151547     1.0208934379     2.5066696262
H       16.3569060759     0.8296787826     7.6749028136
H       14.2621825894     1.0050853810     6.4798317934
H       20.2855797780     2.4846359207     3.0220998289
H       16.1745063679     0.0732376564     5.4066907806
32
# Point 14 Energy = 0.0
C       20.6708082689     3.7504954579     7.4904197456
H       19.0286318511     3.6565577793     6.1021863049
C       19.5042727866     3.0071192887     6.8426251363
H       18.7463538200     2.7928412206     7.6094071609
H       20.5949581614     1.8710468521     5.3346948181
C       19.9062063252     1.6938570967     6.1702643296
H       19.0270706720     1.1699245251     5.7734175629
H       20.4119814947     1.0237819210     6.8745001810
H       21.4065950626     4.0583909264     6.7382050410
H       21.1853677033     3.1204419807     8.2220588861
H       20.3222984453     4.6507318161     8.0075235908
Si       16.4144155761     3.3541194412     4.4742412852
O       16.4623695530     4.9410628626     4.3888769971
O       18.0937842082     3.3536587797     4.2546477018
O       15.1580595211     3.0337424344     3.5304535340
O       16.0318737644     2.1369017437     5.4229025747
Si       16.5081514866     6.5576932921     4.3092159438
Si       13.9007876936     2.7127753943     2.5610266369
Si       18.7485246259     2.5349718101     2.9617691803
Si       15.6517140532     0.8644066947     6.3574939275
H       17.8472236528     6.6841464953     3.8964662830
H       15.5346028418     6.7437377765     3.2761746052
H       16.2221117800     7.3730841348     5.5748243201
H       12.9242540784     3.4685652130     3.2472360925
H       13.9417144738     3.1477996836     1.0985191701
H       18.5432270155     3.1288314491     1.4944253346
H       13.6395703178     1.2639291393     2.6127651509
H       18.3935454373     1.0058902339     2.5357798072
H       16.3452941374     0.8263145937     7.6600278254
H       14.2616053043     1.0185397216     6.4534961237
H       20.2725602246     2.4487588361     3.0593441150
H       16.1680462632     0.0791834056     5.3921759938
32
# Point 15 Energy = 0.0
C       20.6568787978     3.7524484642     7.5136172545
H       19.0235480958     3.6606317701     6.1148222859
C       19.5012633008     3.0063021971     6.8493181092
H       18.7414341184     2.7744681553     7.6094410286
H       20.6036730787     1.8994283956     5.3273391528
C       19.9179603684     1.7052534109     6.1618105260
H       19.0439275304     1.1764832416     5.7599505277
H       20.4319878511     1.0329236257     6.8579921697
H       21.3915949747     4.0820881564     6.7692823394
H       21.1764307812     3.1161578201     8.2363861105
H       20.2955837651     4.6396444697     8.0448392458
Si       16.4140114569     3.3531234482     4.4819758030
O       16.4649403243     4.9367331788     4.3912158232
O       18.1017712869     3.3890469934     4.2964564019
O       15.1546771606     3.0420223049     3.5432005281
O       16.0365198265     2.0976910903     5.3782043127
Si       16.5379481712     6.5474554745     4.2482458944
Si       13.8642090362     2.7244753770     2.6190510665
Si       18.7516408615     2.5638817792     3.0039583448
Si       15.6484093334     0.8239461049     6.3047529204
H       17.8780893977     6.6127035670     3.8422571964
H       15.5741396533     6.6904436375     3.2054488596
H       16.2597288871     7.4284845993     5.4746173183
H       12.9284829578     3.4724602169     3.3613306013
H       13.8335549015     3.1713940401     1.1559442032
H       18.5746791286     3.1538896631     1.5228143966
H       13.6135244088     1.2753814798     2.6712063465
H       18.3957797655     1.0334492778     2.5475078663
H       16.3315681922     0.7812247953     7.6100637490
H       14.2664259342     0.9959742926     6.3810978458
H       20.2749563793     2.4587342434     3.1118890822
H       16.1786408739     0.0749567293     5.3311280496
