32
# Point -15 Energy = 0.0
C       20.6150582550     3.6349299646     7.6039422238
H       18.9912255313     3.6636723642     6.1835159824
C       19.4090386218     2.9796217343     6.9331286015
H       18.6179426012     2.8193372344     7.6775715758
H       20.5495080482     1.7725303821     5.5278450388
C       19.7531593998     1.6457609905     6.2716078936
H       18.8829145120     1.2126065168     5.7644490060
H       20.1114976323     0.9190468379     7.0092263803
H       21.4074903311     3.8318276836     6.8725081273
H       21.0330625786     2.9877886288     8.3806104860
H       20.3433062362     4.5877105653     8.0689266945
Si       16.4153576946     3.1981575533     4.4148261248
O       16.2472181391     4.7085716006     5.2490509417
O       17.9152684060     3.0408203804     3.7855157230
O       15.4039821930     3.0286790485     3.1442842181
O       16.1714895913     2.1504112109     5.5209170273
Si       16.4556266189     6.2040388647     4.4123940812
Si       13.9047211796     2.7167580685     2.5443947291
Si       18.8588882716     2.5719610596     2.5186661022
Si       15.8697866245     0.9669983330     6.5087385680
H       17.7840034757     6.8701691965     3.6556516543
H       15.5550816558     6.7951144138     3.1319348049
H       16.2320877044     7.4748640175     5.3740116223
H       12.8488956481     3.5261614703     3.1996837076
H       13.8777138509     3.0155544393     1.1013339062
H       18.5011126841     3.3756539810     1.3131747846
H       13.6777539936     1.2964813562     2.8097873381
H       18.5312623533     1.1531333003     2.2723499269
H       16.7082951503     1.1582565473     7.5993348521
H       14.5134567282     1.1414331742     6.7016136952
H       20.3690967843     2.6913109235     2.7179452833
H       16.3126781051     0.3339401580     5.4582242590
32
# Point -14 Energy = 0.0
C       20.6197157483     3.6416096496     7.5934512226
H       18.9898844604     3.6619043108     6.1801382928
C       19.4139384095     2.9801914400     6.9283042439
H       18.6269069190     2.8167099856     7.6763219501
H       20.5541156214     1.7783339442     5.5183560229
C       19.7616836039     1.6478259509     6.2656527349
H       18.8915345924     1.2098369436     5.7624028656
H       20.1267528240     0.9230714893     7.0018752193
H       21.4082873683     3.8411857121     6.8585682268
H       21.0437785838     2.9973767706     8.3692461147
H       20.3455289863     4.5937425292     8.0583591324
Si       16.4136964839     3.2074076224     4.4156570051
O       16.2459698200     4.7275552050     5.2174008253
O       17.9150245590     3.0403223869     3.7916487354
O       15.4021427686     3.0213808365     3.1471294845
O       16.1642785992     2.1712713199     5.5396960504
Si       16.4624662872     6.2347216394     4.4156258187
Si       13.9091945484     2.7020417666     2.5352354308
Si       18.8562537913     2.5677329210     2.5242010843
Si       15.8483115126     0.9710292961     6.5108891746
H       17.8045212158     6.8724879675     3.6841228886
H       15.5600434152     6.8209781619     3.1491047449
H       16.2441685563     7.4808424325     5.4000687511
H       12.8463797615     3.5070021793     3.1846752991
H       13.8873470480     3.0022234181     1.0908826011
H       18.4952064394     3.3695921232     1.3187691030
H       13.6794219677     1.2788578194     2.7946318538
H       18.5320831374     1.1469889615     2.2774967776
H       16.6753344783     1.1330931877     7.6249271255
H       14.4812462845     1.1297821731     6.7009443153
H       20.3653236688     2.6904743285     2.7233860696
H       16.2974391397     0.3057275276     5.4679961951
32
# Point -13 Energy = 0.0
C       20.6241708231     3.6475026046     7.5835950599
H       18.9887214499     3.6599729212     6.1770765307
C       19.4186177546     2.9804205338     6.9238017401
H       18.6354629635     2.8139454529     7.6751909236
H       20.5583642098     1.7835255745     5.5093416130
C       19.7696770792     1.6495025841     6.2599760240
H       18.8996277064     1.2070082903     5.7604142290
H       20.1410640857     0.9265603594     6.9947968504
H       21.4090822654     3.8495460425     6.8454643427
H       21.0539010341     3.0060038850     8.3585300338
H       20.3477528919     4.5990264552     8.0484546334
Si       16.4124177177     3.2175031690     4.4162572457
O       16.2455452573     4.7467887078     5.1853667627
O       17.9150539639     3.0403308133     3.7975850155
O       15.4003752164     3.0148240616     3.1502283524
O       16.1573648699     2.1933884535     5.5581990953
Si       16.4688556075     6.2649008141     4.4184220568
Si       13.9137160611     2.6878404441     2.5268882175
Si       18.8538208702     2.5638250122     2.5295719438
Si       15.8286061039     0.9761992881     6.5123499816
H       17.8229239284     6.8741957003     3.7109939178
H       15.5642853734     6.8448872794     3.1654350889
H       16.2546918355     7.4859903194     5.4247398317
H       12.8440845304     3.4883761077     3.1705832692
H       13.8965760107     2.9891138585     1.0812068919
H       18.4896333299     3.3638764258     1.3241883776
H       13.6814213225     1.2617888886     2.7805836659
H       18.5328855926     1.1412199548     2.2825062838
H       16.6437439480     1.1087949284     7.6488545669
H       14.4510103014     1.1180300731     6.7004298189
H       20.3617653044     2.6897226999     2.7286511465
H       16.2827611914     0.2786902968     5.4774818489
32
# Point -12 Energy = 0.0
C       20.6283873604     3.6525967561     7.5744154978
H       18.9877058126     3.6578580417     6.1743464345
C       19.4230467968     2.9802852525     6.9196440355
H       18.6435681583     2.8110043176     7.6741928773
H       20.5622619696     1.7880999963     5.5008355418
C       19.7771343203     1.6507702075     6.2546027747
H       18.9071923165     1.2040917037     5.7584945951
H       20.1544269559     0.9294880610     6.9880228888
H       21.4098505048     3.8569119102     6.8332469502
H       21.0633940412     3.0136543032     8.3485114120
H       20.3499255217     4.6035477328     8.0392534801
Si       16.4115265907     3.2284009659     4.4166120283
O       16.2459469888     4.7662148029     5.1529628820
O       17.9153554027     3.0408143840     3.8033073787
O       15.3986619053     3.0089989194     3.1535858321
O       16.1507684154     2.2167105657     5.5763949873
Si       16.4747639476     6.2945410617     4.4207556744
Si       13.9182450812     2.6741636751     2.5193788032
Si       18.8515869826     2.5602229771     2.5347562297
Si       15.8107145520     0.9824597923     6.5131349986
H       17.8392375024     6.8753505648     3.7362327368
H       15.5677720175     6.8668024529     3.1809105987
H       16.2636839342     7.4903163864     5.4480084546
H       12.8419850372     3.4702915404     3.1574701959
H       13.9053379493     2.9762536720     1.0723315475
H       18.4843864962     3.3585049662     1.3294185571
H       13.6836962764     1.2452797788     2.7676594351
H       18.5336705451     1.1358118500     2.2873420784
H       16.6137226683     1.0855114230     7.6710305039
H       14.4228378397     1.1063007039     6.7000255015
H       20.3584204224     2.6890448930     2.7337179223
H       16.2687662870     0.2529983419     5.4865625263
32
# Point -11 Energy = 0.0
C       20.6323299100     3.6568866831     7.5659501166
H       18.9868073932     3.6555434437     6.1719607489
C       19.4271968243     2.9797673310     6.9158514171
H       18.6511819750     2.8078535106     7.6733402858
H       20.5658173686     1.7920566842     5.4928691469
C       19.7840510728     1.6516136072     6.2495563404
H       18.9142284850     1.2010629251     5.7566548706
H       20.1668389063     0.9318362519     6.9815837200
H       21.4105673424     3.8632924627     6.8219615648
H       21.0722229491     3.0203205817     8.3392355424
H       20.3519950573     4.6072984577     8.0307910647
Si       16.4110284047     3.2400588120     4.4167062757
O       16.2471768641     4.7857789368     5.1202028483
O       17.9159277621     3.0417427753     3.8087979392
O       15.3969861289     3.0038982383     3.1572050706
O       16.1445095458     2.2411861046     5.5942531596
Si       16.4801656187     6.3236079787     4.4225986153
Si       13.9227415348     2.6610261400     2.5127290753
Si       18.8495496735     2.5569131570     2.5397307381
Si       15.7946691832     0.9897673005     6.5132569451
H       17.8534965223     6.8760036280     3.7598121489
H       15.5704771737     6.8866859213     3.1955185447
H       16.2711792105     7.4938257646     5.4698594838
H       12.8400568268     3.4527633837     3.1453944312
H       13.9135719410     2.9636762669     1.0642779786
H       18.4794590221     3.3534759861     1.3344445504
H       13.6861896769     1.2293415458     2.7558708978
H       18.5344391178     1.1307509597     2.2919674092
H       16.5854595976     1.0633592604     7.6913977174
H       14.3967990235     1.0946955623     6.6996936652
H       20.3552876629     2.6884306987     2.7385630652
H       16.2555728252     0.2287816404     5.4951299823
32
# Point -10 Energy = 0.0
C       20.6359625657     3.6603732765     7.5582325193
H       18.9859956910     3.6530170813     6.1699292215
C       19.4310389150     2.9788541619     6.9124417037
H       18.6582643374     2.8044669746     7.6726437918
H       20.5690375038     1.7953990083     5.4854720572
C       19.7904224249     1.6520227898     6.2448589802
H       18.9207358197     1.1979023979     5.7549059191
H       20.1782969302     0.9335933144     6.9755092594
H       21.4112069357     3.8687018215     6.8116490569
H       21.0803527448     3.0260030760     8.3307442272
H       20.3539095636     4.6102773830     8.0230978156
Si       16.4109277954     3.2524366931     4.4165242427
O       16.2492358939     4.8054306161     5.0870988973
O       17.9167692973     3.0430869395     3.8140381550
O       15.3953315730     2.9995186415     3.1610867134
O       16.1386073399     2.2667656934     5.6117434232
Si       16.4850406458     6.3520690782     4.4239208182
Si       13.9271655221     2.6484490580     2.5069560982
Si       18.8477059279     2.5538821459     2.5444719274
Si       15.7804973633     0.9980828477     6.5127274373
H       17.8657445773     6.8761989537     3.7817090022
H       15.5723853477     6.9045025985     3.2092473433
H       16.2772204210     7.4965212798     5.4902776949
H       12.8382756584     3.4358152508     3.1344084424
H       13.9212191219     2.9514215662     1.0570632175
H       18.4748439739     3.3487873011     1.3392503322
H       13.6888420166     1.2139926462     2.7452241800
H       18.5351915066     1.1260239518     2.2963458806
H       16.5591380024     1.0424208666     7.7099235859
H       14.3729534124     1.0832845950     6.6994101061
H       20.3523649706     2.6878697717     2.7431632411
H       16.2432968006     0.2061302198     5.5030900691
32
# Point -9 Energy = 0.0
C       20.6392496071     3.6630635690     7.5512921182
H       18.9852403578     3.6502709228     6.1682586622
C       19.4345445917     2.9775385753     6.9094301449
H       18.6647763860     2.8008253141     7.6721121546
H       20.5719287260     1.7981341840     5.4786718722
C       19.7962435361     1.6519928060     6.2405315953
H       18.9267142037     1.1945950571     5.7532583854
H       20.1887984287     0.9347541188     6.9698285305
H       21.4117428745     3.8731590431     6.8023453930
H       21.0877488561     3.0307097204     8.3230754042
H       20.3556175733     4.6124897076     8.0161990999
Si       16.4112290448     3.2654964710     4.4160498085
O       16.2521243728     4.8251229414     5.0536621302
O       17.9178779476     3.0448190900     3.8190090390
O       15.3936826634     2.9958599931     3.1652292111
O       16.1330801858     2.2934017688     5.6288362170
Si       16.4893745801     6.3798933992     4.4246908421
Si       13.9314778244     2.6364591978     2.5020724228
Si       18.8460525088     2.5511169922     2.5489560594
Si       15.7682209907     1.0073718305     6.5115568727
H       17.8760331831     6.8759734762     3.8019047709
H       15.5734913685     6.9202196240     3.2220873356
H       16.2818578773     7.4984028936     5.5092484904
H       12.8366178660     3.4194782111     3.1245590543
H       13.9282231154     2.9395350751     1.0507002935
H       18.4705345445     3.3444365040     1.3438191458
H       13.6915923307     1.1992578437     2.7357200534
H       18.5359275430     1.1216180015     2.3004415536
H       16.5349292528     1.0227469223     7.7265959902
H       14.3513511368     1.0721093634     6.6991621747
H       20.3496499284     2.6873520775     2.7474951589
H       16.2320471939     0.1850973055     5.5103653755
32
# Point -8 Energy = 0.0
C       20.6421557642     3.6649702474     7.5451541611
H       18.9845113698     3.6473005141     6.1669531714
C       19.4376861036     2.9758183334     6.9068295081
H       18.6706808392     2.7969151760     7.6717523561
H       20.5744968988     1.8002729188     5.4724940728
C       19.8015099713     1.6515232827     6.2365936632
H       18.9321641355     1.1911298530     5.7517226786
H       20.1983416544     0.9353194835     6.9645694576
H       21.4121483659     3.8766877476     6.7940816483
H       21.0943775257     3.0344554734     8.3162630325
H       20.3570683090     4.6139465525     8.0101153577
Si       16.4119361132     3.2792013899     4.4152668374
O       16.2558417443     4.8448119615     5.0199028824
O       17.9192513863     3.0469124547     3.8236914839
O       15.3920246630     2.9929246911     3.1696291779
O       16.1279459719     2.3210480376     5.6455029114
Si       16.4931580841     6.4070509517     4.4248765803
Si       13.9356401681     2.6250877833     2.4980864289
Si       18.8445860506     2.5486051392     2.5531594779
Si       15.7578569253     1.0176032522     6.5097544235
H       17.8844205610     6.8753567248     3.8203861948
H       15.5737998519     6.9338057858     3.2340316076
H       16.2851484355     7.4994670078     5.5267586606
H       12.8350604948     3.4037894519     3.1158877024
H       13.9345302512     2.9280668573     1.0451986404
H       18.4665240130     3.3404209174     1.3481338375
H       13.6943788025     1.1851670153     2.7273542301
H       18.5366469728     1.1175206961     2.3042191731
H       16.5129903125     1.0043614814     7.7414183383
H       14.3320351414     1.0611876559     6.6989465812
H       20.3471398458     2.6868680280     2.7515358004
H       16.2219238734     0.1657051348     5.5168952825
32
# Point -7 Energy = 0.0
C       20.6446463896     3.6661110777     7.5398398341
H       18.9837791178     3.6441044575     6.1660144222
C       19.4404366204     2.9736955383     6.9046502209
H       18.6759422646     2.7927285309     7.6715697512
H       20.5767475753     1.8018289898     5.4669619924
C       19.8062179489     1.6506178776     6.2330632249
H       18.9370869873     1.1874991950     5.7503089936
H       20.2069260640     0.9352955529     6.9597587111
H       21.4123963288     3.8793156714     6.7868841042
H       21.1002060864     3.0372616726     8.3103370562
H       20.3582118119     4.6146643436     8.0048623152
Si       16.4130525889     3.2935155063     4.4141595671
O       16.2603863744     4.8644559566     4.9858311390
O       17.9208869967     3.0493409528     3.8280666104
O       15.3903436948     2.9907168886     3.1742817889
O       16.1232221894     2.3496588408     5.6617161383
Si       16.4963863899     6.4335121072     4.4244460347
Si       13.9396154125     2.6143693379     2.4950027243
Si       18.8433030801     2.5463342909     2.5570589126
Si       15.7494173578     1.0287488481     6.5073280671
H       17.8909703561     6.8743705538     3.8371458996
H       15.5733245427     6.9452309028     3.2450768437
H       16.2871544286     7.4997057284     5.5427971648
H       12.8335813760     3.3887908581     3.1084307549
H       13.9400896965     2.9170704646     1.0405645559
H       18.4628056342     3.3367374787     1.3521772186
H       13.6971392944     1.1717538953     2.7201177196
H       18.5373496609     1.1137198701     2.3076444095
H       16.4934627591     0.9872678479     7.7544049592
H       14.3150431283     1.0505188523     6.6987669056
H       20.3448317712     2.6864085369     2.7552626757
H       16.2130166727     0.1479513747     5.5226346444
32
# Point -6 Energy = 0.0
C       20.6466875749     3.6665083413     7.5353663878
H       18.9830144557     3.6406839110     6.1654419375
C       19.4427703639     2.9711760595     6.9029005250
H       18.6805272784     2.7882619904     7.6715682244
H       20.5786860983     1.8028188194     5.4620968281
C       19.8103645059     1.6492837453     6.2299569012
H       18.9414851754     1.1836984153     5.7490273529
H       20.2145525660     0.9346931885     6.9554215989
H       21.4124594438     3.8810742153     6.7807743766
H       21.1052031613     3.0391554009     8.3053234087
H       20.3589990290     4.6146642136     8.0004512089
Si       16.4145815938     3.3084031726     4.4127129686
O       16.2657553023     4.8840147953     4.9514569123
O       17.9227818099     3.0520788830     3.8321160939
O       15.3886267256     2.9892417721     3.1791811553
O       16.1189259596     2.3791885786     5.6774501005
Si       16.4990587362     6.4592470589     4.4233680390
Si       13.9433676914     2.6043406187     2.4928225409
Si       18.8421999950     2.5442922566     2.5606317667
Si       15.7429101014     1.0407822701     6.5042846286
H       17.8957504138     6.8730289627     3.8521828912
H       15.5720876633     6.9544652974     3.2552240911
H       16.2879426731     7.4991062359     5.5573558034
H       12.8321591814     3.3745276944     3.1022198297
H       13.9448535410     2.9066019498     1.0368016498
H       18.4593725066     3.3333825949     1.3559324045
H       13.6998118024     1.1590549179     2.7139972095
H       18.5380357218     1.1102034252     2.3106840968
H       16.4764727755     0.9714541217     7.7655772614
H       14.3004090543     1.0400890074     6.6986312615
H       20.3427224636     2.6859650206     2.7586540691
H       16.2054052356     0.1318150656     5.5275518364
32
# Point -5 Energy = 0.0
C       20.6482462383     3.6661883262     7.5317472629
H       18.9821887323     3.6370421582     6.1652333377
C       19.4446626986     2.9682690324     6.9015866213
H       18.6844046906     2.7835162186     7.6717503291
H       20.5803176439     1.8032610823     5.4579176750
C       19.8139475922     1.6475310595     6.2272899260
H       18.9453622540     1.1797252989     5.7478876567
H       20.2212236728     0.9335274161     6.9515819944
H       21.4123101871     3.8819980239     6.7757695491
H       21.1093388109     3.0401689066     8.3012440355
H       20.3593818920     4.6139714693     7.9968889904
Si       16.4165256692     3.3238286298     4.4109130497
O       16.2719440060     4.9034494239     4.9167905454
O       17.9249324276     3.0551006692     3.8358224433
O       15.3868615342     2.9885049557     3.1843206552
O       16.1150740038     2.4095912644     5.6926808416
Si       16.5011778376     6.4842254052     4.4216128807
Si       13.9468625307     2.5950397041     2.4915441012
Si       18.8412730201     2.5424668026     2.5638563709
Si       15.7383388120     1.0536784114     6.5006298229
H       17.8988316693     6.8713380526     3.8655028782
H       15.5701193344     6.9614794210     3.2644793796
H       16.2875836080     7.4976503275     5.5704297276
H       12.8307734827     3.3610474681     3.0972820748
H       13.9487768644     2.8967190142     1.0339112516
H       18.4562174481     3.3303519977     1.3593831053
H       13.7023348429     1.1471082271     2.7089754500
H       18.5387055910     1.1069591642     2.3133064567
H       16.4621316680     0.9568979036     7.7749607310
H       14.2881641878     1.0298751739     6.6985503108
H       20.3408083453     2.6855293676     2.7616892574
H       16.1991593043     0.1172616243     5.5316266478
32
# Point -4 Energy = 0.0
C       20.6492902007     3.6651808856     7.5289922051
H       18.9812738207     3.6331842608     6.1653845510
C       19.4460901965     2.9649864394     6.9007127974
H       18.6875456123     2.7784954499     7.6721174067
H       20.5816472253     1.8031763566     5.4544415747
C       19.8169661147     1.6453726021     6.2250761885
H       18.9487229476     1.1755796920     5.7468997381
H       20.2269435766     0.9318169432     6.9482622928
H       21.4119208670     3.8821246091     6.7718822994
H       21.1125846456     3.0403390932     8.2981169269
H       20.3593134031     4.6126151388     7.9941785031
Si       16.4188866592     3.3397557190     4.4087470948
O       16.2789462007     4.9227214938     4.8818429341
O       17.9273349431     3.0583806715     3.8391692281
O       15.3850366758     2.9885120017     3.1896932092
O       16.1116825743     2.4408202177     5.7073864638
Si       16.5027494067     6.5084158639     4.4191528123
Si       13.9500669495     2.5865052433     2.4911629478
Si       18.8405181560     2.5408455250     2.5667121975
Si       15.7357031490     1.0674128866     6.4963682875
H       17.9002871637     6.8692961337     3.8771184237
H       15.5674570931     6.9662436547     3.2728541875
H       16.2861505861     7.4953141456     5.5820177792
H       12.8294048228     3.3483989818     3.0936404073
H       13.9518177966     2.8874802991     1.0318927700
H       18.4533328891     3.3276406103     1.3625138638
H       13.7046477817     1.1359528637     2.7050316326
H       18.5393600490     1.1039746513     2.3154813022
H       16.4505366172     0.9435700307     7.7825826802
H       14.2783377964     1.0198488359     6.6985356736
H       20.3390854488     2.6850938883     2.7643486948
H       16.1943392314     0.1042468116     5.5348482863
32
# Point -3 Energy = 0.0
C       20.6497882570     3.6635190605     7.5271073709
H       18.9802421519     3.6291167858     6.1658899898
C       19.4470306870     2.9613427659     6.9002815396
H       18.6899235349     2.7732070986     7.6726696850
H       20.5826796720     1.8025868212     5.4516835730
C       19.8194199442     1.6428234169     6.2233282798
H       18.9515731411     1.1712631813     5.7460734150
H       20.2317181701     0.9295837392     6.9454833913
H       21.4112636693     3.8814940196     6.7691210186
H       21.1149139170     3.0397070712     8.2959561580
H       20.3587477319     4.6106275911     7.9923186333
Si       16.4216655968     3.3561476979     4.4062038449
O       16.2867536737     4.9417931080     4.8466256746
O       17.9299848669     3.0618930598     3.8421412551
O       15.3831414491     2.9892680542     3.1952915087
O       16.1087673593     2.4728278816     5.7215472961
Si       16.5037817277     6.5317861005     4.4159624597
Si       13.9529495535     2.5787758518     2.4916722384
Si       18.8399311261     2.5394157472     2.5691800355
Si       15.7349988940     1.0819616502     6.4915036067
H       17.9001911780     6.8668939883     3.8870489419
H       15.5641455080     6.9687282862     3.2803657653
H       16.2837193116     7.4920680833     5.5921226717
H       12.8280347992     3.3366315538     3.0913137154
H       13.9539375778     2.8789448060     1.0307440068
H       18.4507107873     3.3252424328     1.3653102434
H       13.7066911149     1.1256281106     2.7021417606
H       18.5400002120     1.1012371008     2.3171802173
H       16.4417714832     0.9314374056     7.7884705976
H       14.2709575551     1.0099785111     6.6985986945
H       20.3375493668     2.6846512572     2.7666141639
H       16.1909965828     0.0927197618     5.5372136075
32
# Point -2 Energy = 0.0
C       20.6497102500     3.6612387532     7.5260954269
H       18.9790667524     3.6248475928     6.1667426983
C       19.4474632971     2.9573547144     6.9002936310
H       18.6915143894     2.7676614384     7.6734063633
H       20.5834195977     1.8015159944     5.4496567825
C       19.8213099001     1.6399005143     6.2220575424
H       18.9539198398     1.1667788307     5.7454185417
H       20.2355550294     0.9268526684     6.9432646861
H       21.4103107145     3.8801485513     6.7674899265
H       21.1163015963     3.0383177619     8.2947719379
H       20.3576403228     4.6080442123     7.9913044455
Si       16.4248625982     3.3729671387     4.4032736275
O       16.2953561525     4.9606266596     4.8111511515
O       17.9328770592     3.0656117363     3.8447247037
O       15.3811658654     2.9907775628     3.2011082012
O       16.1063433729     2.5055657359     5.7351460160
Si       16.5042852737     6.5543026466     4.4120191463
Si       13.9554806198     2.5718896244     2.4930630129
Si       18.8395073256     2.5381644385     2.5712421311
Si       15.7362180392     1.0973007219     6.4860383255
H       17.8986184683     6.8641152913     3.8953205649
H       15.5602358844     6.9689036644     3.2870373370
H       16.2803674109     7.4878768547     5.6007510336
H       12.8266461580     3.3257943731     3.0903170358
H       13.9551006176     2.8711714206     1.0304614342
H       18.4483425611     3.3231504461     1.3677589744
H       13.7084067109     1.1161729688     2.7002790104
H       18.5406274991     1.0987332895     2.3183767128
H       16.4359075753     0.9204650606     7.7926509554
H       14.2660497532     1.0002316492     6.6987495035
H       20.3361952049     2.6841944510     2.7684688971
H       16.1891747605     0.0826252339     5.5387256029
32
# Point -1 Energy = 0.0
C       20.6490271435     3.6583784398     7.5259556489
H       18.9777212863     3.6203856627     6.1679344820
C       19.4473684867     2.9530409617     6.9007482431
H       18.6922965914     2.7618713281     7.6743256876
H       20.5838713640     1.7999885080     5.4483724498
C       19.8226377233     1.6366226169     6.2212741227
H       18.9557711132     1.1621309607     5.7449450563
H       20.2384633751     0.9236511625     6.9416240839
H       21.4090341256     3.8781324910     6.7669891863
H       21.1167244447     3.0362195390     8.2945706699
H       20.3559480081     4.6049031220     7.9911273086
Si       16.4284767634     3.3901758820     4.3999484434
O       16.3047411998     4.9791847311     4.7754325811
O       17.9360056692     3.0695102920     3.8469072255
O       15.3791006211     2.9930440728     3.2071360440
O       16.1044248371     2.5389842758     5.7481677301
Si       16.5042723537     6.5759308817     4.4073031496
Si       13.9576321733     2.5658837360     2.4953244387
Si       18.8392417726     2.5370781492     2.5728823000
Si       15.7393488589     1.1134059875     6.4799739583
H       17.8956435795     6.8609371972     3.9019659017
H       15.5557860475     6.9667405372     3.2928981959
H       16.2761741193     7.4826997234     5.6079133284
H       12.8252228895     3.3159359541     3.0906617160
H       13.9552745515     2.8642185183     1.0310404420
H       18.4462190359     3.3213565325     1.3698480667
H       13.7097380191     1.1076257318     2.6994140856
H       18.5412435843     1.0964494884     2.3190463587
H       16.4330043464     0.9106176117     7.7951483493
H       14.2636393652     0.9905759679     6.6989963038
H       20.3350175409     2.6837166860     2.7698976725
H       16.1889096098     0.0739052512     5.5393921296
32
# Point 0 Energy = 0
C       20.6477110000     3.6549790000     7.5266840000
H       18.9761800000     3.6157410000     6.1694560000
C       19.4467280000     2.9484220000     6.9016430000
H       18.6922510000     2.7558520000     7.6754250000
H       20.5840390000     1.7980300000     5.4478400000
C       19.8234060000     1.6330100000     6.2209870000
H       18.9571360000     1.1573250000     5.7446630000
H       20.2404540000     0.9200090000     6.9405780000
H       21.4074060000     3.8754920000     6.7676150000
H       21.1161610000     3.0334640000     8.2953550000
H       20.3536290000     4.6012450000     7.9917750000
Si       16.4325060000     3.4077350000     4.3962220000
O       16.3148940000     4.9974300000     4.7394840000
O       17.9393640000     3.0735620000     3.8486780000
O       15.3769370000     2.9960700000     3.2133680000
O       16.1030250000     2.5730330000     5.7606000000
Si       16.5037570000     6.5966350000     4.4017980000
Si       13.9593780000     2.5607940000     2.4984440000
Si       18.8391290000     2.5361430000     2.5740860000
Si       15.7443760000     1.1302530000     6.4733110000
H       17.8913405600     6.8573308000     3.9070238400
H       15.5508605600     6.9622108000     3.2979838400
H       16.2712205600     7.4764908000     5.6136238400
H       12.8237502400     3.3071035200     3.0923555200
H       13.9544302400     2.8581435200     1.0324755200
H       18.4443303200     3.3198514400     1.3715668800
H       13.7106302400     1.1000235200     2.6995155200
H       18.5418503200     1.0943714400     2.3191668800
H       16.4331100800     0.9018602400     7.7959848800
H       14.2637500800     0.9809802400     6.6993448800
H       20.3340103200     2.6832114400     2.7708868800
H       16.1902300800     0.0665002400     5.5392248800
32
# Point 1 Energy = 0.0
C       20.6457356791     3.6510811559     7.5282731531
H       18.9744181195     3.6109243054     6.1712970432
C       19.4455248931     2.9435189168     6.9029737141
H       18.6913609400     2.7496198403     7.6767004658
H       20.5839251298     1.7956660697     5.4480658257
C       19.8236170875     1.6290834468     6.2212027697
H       18.9580229876     1.1523674015     5.7445811066
H       20.2415377794     0.9159564212     6.9401395835
H       21.4053991462     3.8722725388     6.7693596614
H       21.1145919417     3.0301024785     8.2971233215
H       20.3506444026     4.5971104307     7.9932324321
Si       16.4369468600     3.4256078269     4.3920902193
O       16.3257969886     5.0153281884     4.7033208657
O       17.9429445463     3.0777428800     3.8500286350
O       15.3746675857     2.9998575602     3.2197978263
O       16.1021561088     2.6076629701     5.7724330876
Si       16.5027531727     6.6163811782     4.3954911287
Si       13.9606950951     2.5566537854     2.5024080775
Si       18.8391634438     2.5353477859     2.5748414527
Si       15.7512808320     1.1478190946     6.4660486300
H       17.8857813423     6.8532551853     3.9105363969
H       15.5455287448     6.9552794259     3.3023327736
H       16.2655878355     7.4692056503     5.6178987484
H       12.8222153586     3.2993413202     3.0954021176
H       13.9525434072     2.8530005119     1.0347605670
H       18.4426664928     3.3186279375     1.3729071890
H       13.7110330336     1.0934011526     2.7005515790
H       18.5424502034     1.0924874688     2.3187191430
H       16.4362607947     0.8941600629     7.7951800655
H       14.2664052651     0.9714142408     6.6998006054
H       20.3331671982     2.6826755626     2.7714260346
H       16.1931581842     0.0603492061     5.5382411404
32
# Point 2 Energy = 0.0
C       20.6430761435     3.6467274590     7.5307130555
H       18.9724115975     3.6059470482     6.1734465718
C       19.4437434623     2.9383541964     6.9047350114
H       18.6896119869     2.7431931762     7.6781475623
H       20.5835320478     1.7929228700     5.4490550228
C       19.8232740415     1.6248648317     6.2219272376
H       18.9584413551     1.1472653809     5.7447084273
H       20.2417268139     0.9115253911     6.9403209007
H       21.4029865052     3.8685208806     6.7722122349
H       21.1119995489     3.0261887962     8.2998709012
H       20.3469567720     4.5925420125     7.9954814987
Si       16.4417948916     3.4437570934     4.3875505495
O       16.3374306120     5.0328452104     4.6669592123
O       17.9467391352     3.0820286268     3.8509519596
O       15.3722856076     3.0044078094     3.2264197472
O       16.1018295311     2.6428244790     5.7836595394
Si       16.5012757999     6.6351347059     4.3883730670
Si       13.9615622759     2.5534948963     2.5072022026
Si       18.8393390611     2.5346807147     2.5751381452
Si       15.7600414604     1.1660812462     6.4581848168
H       17.8790359832     6.8486636285     3.9125512258
H       15.5398655722     6.9459115210     3.3059896784
H       16.2593578736     7.4607950042     5.6207578787
H       12.8206069835     3.2926919263     3.0998025695
H       13.9495927528     2.8488423710     1.0378893845
H       18.4412168676     3.3176775163     1.3738617820
H       13.7108979936     1.0877920719     2.7024895111
H       18.5430457280     1.0907852349     2.3176858654
H       16.4424831013     0.8874867204     7.7927497166
H       14.2716271207     0.9618510478     6.7003649962
H       20.3324812617     2.6821058416     2.7715056997
H       16.1977107126     0.0553922913     5.5364593882
32
# Point 3 Energy = 0.0
C       20.6397080254     3.6419644868     7.5339909245
H       18.9701368066     3.6008215807     6.1758925721
C       19.4413693639     2.9329526085     6.9069206639
H       18.6869921456     2.7365930597     7.6797614591
H       20.5828627707     1.7898279322     5.4508125424
C       19.8223817204     1.6203778445     6.2231666180
H       18.9584026327     1.1420267059     5.7450557606
H       20.2410359956     0.9067510422     6.9411346220
H       21.4001406322     3.8642874293     6.7761584825
H       21.1083676641     3.0217822704     8.3035903236
H       20.3425289433     4.5875866343     7.9985004309
Si       16.4470444801     3.4621418460     4.3826015949
O       16.3497733351     5.0499440632     4.6304151050
O       17.9507386813     3.0863915178     3.8514413982
O       15.3697841428     3.0097193676     3.2332280324
O       16.1020554070     2.6784645165     5.7942740359
Si       16.4993420086     6.6528568387     4.3804372671
Si       13.9619588684     2.5513479826     2.5128106895
Si       18.8396488370     2.5341262406     2.5749660727
Si       15.7706322740     1.1850136403     6.4497166957
H       17.8711733097     6.8435127134     3.9131238206
H       15.5339541034     6.9340836118     3.3090083166
H       16.2526156271     7.4511998654     5.6222256200
H       12.8189148906     3.2871969459     3.1055558270
H       13.9455585807     2.8457224723     1.0418555492
H       18.4399692427     3.3169871359     1.3744237344
H       13.7101762655     1.0832287958     2.7052940601
H       18.5436388479     1.0892485417     2.3160510197
H       16.4517954803     0.8818108895     7.7887056160
H       14.2794352110     0.9522668146     6.7010333617
H       20.3319445831     2.6814958580     2.7711164063
H       16.2038997235     0.0515707479     5.5338967375
32
# Point 4 Energy = 0.0
C       20.6356085694     3.6368401260     7.5380911735
H       18.9675710802     3.5955606886     6.1786223288
C       19.4383898228     2.9273398548     6.9095232972
H       18.6834920944     2.7298419095     7.6815367759
H       20.5819200414     1.7864090092     5.4533418513
C       19.8209458279     1.6156468274     6.2249262468
H       18.9579191546     1.1366595109     5.7456342199
H       20.2394816732     0.9016696626     6.9425921576
H       21.3968346396     3.8596234907     6.7811807634
H       21.1036823431     3.0169440593     8.3082708750
H       20.3373258314     4.5822926530     8.0022644578
Si       16.4526886692     3.4807204254     4.3772437344
O       16.3628012849     5.0665877225     4.5937053847
O       17.9549332334     3.0908033969     3.8514920650
O       15.3671569080     3.0157893528     3.2402175580
O       16.1028425416     2.7145292834     5.8042737107
Si       16.4969689340     6.6695079649     4.3716807502
Si       13.9618662671     2.5502415476     2.5192170172
Si       18.8400852353     2.5336680862     2.5743170994
Si       15.7830241742     1.2045897507     6.4406404177
H       17.8622588885     6.8377584275     3.9123139157
H       15.5278832266     6.9197771428     3.3114477501
H       16.2454467166     7.4403592363     5.6223282117
H       12.8171305959     3.2828954598     3.1126579357
H       13.9404247303     2.8436924211     1.0466525115
H       18.4389107316     3.3165423248     1.3745877035
H       13.7088212759     1.0797419111     2.7089291100
H       18.5442314888     1.0878603723     2.3138010219
H       16.4642066701     0.8771046744     7.7830559591
H       14.2898472021     0.9426397436     6.7017973566
H       20.3315486210     2.6808389798     2.7702504915
H       16.2117321269     0.0488259838     5.5305715080
32
# Point 5 Energy = 0.0
C       20.6307565862     3.6314033609     7.5429955675
H       18.9646926250     3.5901774164     6.1816225466
C       19.4347935706     2.9215423375     6.9125344927
H       18.6791051122     2.7229631661     7.6834676758
H       20.5807063107     1.7826940097     5.4566449810
C       19.8189728805     1.6106965963     6.2272106201
H       18.9570040123     1.1311721069     5.7464552345
H       20.2370816417     0.8963184579     6.9447036728
H       21.3930421611     3.8545811764     6.7872582007
H       21.0979318348     3.0117368938     8.3138986813
H       20.3313143597     4.5767096433     8.0067460094
Si       16.4587189745     3.4994503227     4.3714791245
O       16.3764880141     5.0827389411     4.5568476908
O       17.9593118330     3.0952355973     3.8511007937
O       15.3643981351     3.0226130837     3.2473838757
O       16.1041982234     2.7509640370     5.8136581112
Si       16.4941735714     6.6850474802     4.3621043815
Si       13.9612678929     2.5502014723     2.5264039994
Si       18.8406400875     2.5332892107     2.5731849958
Si       15.7971846930     1.2247820126     6.4309511940
H       17.8523548750     6.8313581501     3.9101848611
H       15.5217480653     6.9029809974     3.3133719277
H       16.2379380757     7.4282118593     5.6210931502
H       12.8152472868     3.2798233416     3.1211021906
H       13.9341785326     2.8428015857     1.0522737379
H       18.4380276183     3.3163271526     1.3743499798
H       13.7067888405     1.0773596006     2.7133579423
H       18.5448254899     1.0866028435     2.3109247491
H       16.4797161113     0.8733414261     7.7758052244
H       14.3028787939     0.9329497443     6.7026448374
H       20.3312841126     2.6801283823     2.7689021412
H       16.2212102787     0.0470995941     5.5265027694
32
# Point 6 Energy = 0.0
C       20.6251326474     3.6257037230     7.5486834858
H       18.9614806721     3.5846846858     6.1848795727
C       19.4305709787     2.9155866785     6.9159449811
H       18.6738271867     2.7159807247     7.6855480473
H       20.5792238447     1.7787106511     5.4607226361
C       19.8164702886     1.6055520092     6.2300234923
H       18.9556710916     1.1255726029     5.7475305985
H       20.2338552014     0.8907350213     6.9474781512
H       21.3887375754     3.8492129356     6.7943669575
H       21.0911067634     3.0062244252     8.3204569424
H       20.3244636879     4.5708878100     8.0119150478
Si       16.4651254038     3.5182880387     4.3653117999
O       16.3908045793     5.0983600647     4.5198606254
O       17.9638625632     3.0996587772     3.8502662492
O       15.3615026243     3.0301838793     3.2547233773
O       16.1061281893     2.7877129207     5.8224292401
Si       16.4909719487     6.6994337268     4.3517128944
Si       13.9601492896     2.5512507627     2.5343540523
Si       18.8413046347     2.5329716583     2.5715655404
Si       15.8130781128     1.2455615125     6.4206433801
H       17.8415189697     6.8242741839     3.9068023985
H       15.5156493414     6.8836941427     3.3148485832
H       16.2301772823     7.4146990123     5.6185478684
H       12.8132599448     3.2780128667     3.1308794226
H       13.9268109196     2.8430968757     1.0587129503
H       18.4373054109     3.3163241363     1.3737086237
H       13.7040373096     1.0761074110     2.7185435575
H       18.5454226051     1.0854570660     2.3074135896
H       16.4983143054     0.8704953890     7.7669541270
H       14.3185436299     0.9231781479     6.7035597329
H       20.3311411296     2.6793568467     2.7670674953
H       16.2323324681     0.0463333132     5.5217099394
32
# Point 7 Energy = 0.0
C       20.6187180888     3.6197921953     7.5551317664
H       18.9579144519     3.5790955512     6.1883791969
C       19.4257132952     2.9095001378     6.9197444728
H       18.6676563021     2.7089190190     7.6877713423
H       20.5774744288     1.7744873693     5.4655740371
C       19.8134460977     1.6002385403     6.2333677230
H       18.9539349678     1.1198691302     5.7488723061
H       20.2298231752     0.8849580488     6.9509232703
H       21.3838949488     3.8435727978     6.8024800736
H       21.0831993781     3.0004722939     8.3279258058
H       20.3167438478     4.5648787722     8.0177389010
Si       16.4718954070     3.5371883645     4.3587473717
O       16.4057178783     5.1134122613     4.4827633779
O       17.9685716618     3.1040427566     3.8489886661
O       15.3584648983     3.0384917319     3.2622330794
O       16.1086358695     2.8247181957     5.8305912748
Si       16.4873818004     6.7126231334     4.3405167722
Si       13.9584975018     2.5534075153     2.5430491056
Si       18.8420688577     2.5326966766     2.5694562971
Si       15.8306654808     1.2668970035     6.4097103977
H       17.8298079122     6.8164736832     3.9022354282
H       15.5096975523     6.8619331807     3.3159501526
H       16.2222584095     7.3997665727     5.6147214004
H       12.8111644246     3.2774901146     3.1419778629
H       13.9183157022     2.8446206048     1.0659639778
H       18.4367278601     3.3165141465     1.3726632071
H       13.7005276084     1.0760061602     2.7244487660
H       18.5460243958     1.0844031287     2.3032612912
H       16.5199831473     0.8685410314     7.7564994586
H       14.3368531528     0.9133060777     6.7045217871
H       20.3311083598     2.6785174726     2.7647444194
H       16.2450937370     0.0464683323     5.5162123710
32
# Point 8 Energy = 0.0
C       20.6114973769     3.6137176838     7.5623158769
H       18.9539754764     3.5734212799     6.1921077745
C       19.4202144534     2.9033081192     6.9239226191
H       18.6605940881     2.7018008004     7.6901314962
H       20.5754603571     1.7700504875     5.4711975514
C       19.8099098369     1.5947797274     6.2372458724
H       18.9518113762     1.1140680447     5.7504930025
H       20.2250082461     0.8790242541     6.9550458203
H       21.3784905848     3.8377125613     6.8115686849
H       21.0742054805     2.9945440158     8.3362833863
H       20.3081287971     4.5587320972     8.0241836980
Si       16.4790158220     3.5561048560     4.3517940003
O       16.4211937884     5.1278560011     4.4455771057
O       17.9734252888     3.1083560244     3.8472707400
O       15.3552808790     3.0475247019     3.2699115961
O       16.1117236739     2.8619206171     5.8381513083
Si       16.4834153089     6.7245711902     4.3285292606
Si       13.9563024693     2.5566874315     2.5524716078
Si       18.8429228527     2.5324438647     2.5668573720
Si       15.8499050065     1.2887553154     6.3981452107
H       17.8172683341     6.8079421453     3.8965500393
H       15.5040027638     6.8377301813     3.3167473993
H       16.2142691474     7.3833732215     5.6096370361
H       12.8089594081     3.2782780399     3.1543843639
H       13.9086911639     2.8474133101     1.0740217902
H       18.4362788753     3.3168761387     1.3712157719
H       13.6962236438     1.0770746126     2.7310369429
H       18.5466325541     1.0834195175     2.2984643677
H       16.5446963604     0.8674525394     7.7444344415
H       14.3578167359     0.9033157931     6.7055067807
H       20.3311746042     2.6776016862     2.7619332792
H       16.2594858462     0.0474457407     5.5100291634
32
# Point 9 Energy = 0.0
C       20.6034556864     3.6075295507     7.5702092850
H       18.9496451097     3.5676722398     6.1960515475
C       19.4140692506     2.8970355401     6.9284684310
H       18.6526441425     2.6946478544     7.6926223764
H       20.5731836920     1.7654265408     5.4775902248
C       19.8058718942     1.5891988390     6.2416597568
H       18.9493169891     1.1081747532     5.7524055695
H       20.2194349801     0.8729704669     6.9598513604
H       21.3725004346     3.8316849865     6.8216013609
H       21.0641225715     2.9885039994     8.3455052301
H       20.2985931306     4.5524975976     8.0312136417
Si       16.4864705236     3.5749882807     4.3444616448
O       16.4371933789     5.1416494591     4.4083239540
O       17.9784075191     3.1125654613     3.8451169483
O       15.3519459629     3.0572660651     3.2777584853
O       16.1153913490     2.8992577843     5.8451187159
Si       16.4790861401     6.7352305103     4.3157707498
Si       13.9535555552     2.5610994513     2.5626040190
Si       18.8438553267     2.5321915197     2.5637708248
Si       15.8707519768     1.3110994235     6.3859400962
H       17.8039459703     6.7986799525     3.8898122447
H       15.4986838719     6.8111475737     3.3173120170
H       16.2063041769     7.3654930845     5.6033177488
H       12.8066442187     3.2803910118     3.1680837681
H       13.8979383579     2.8515091130     1.0828818880
H       18.4359403048     3.3173869628     1.3693701269
H       13.6910922611     1.0793249539     2.7382718348
H       18.5472487122     1.0824831501     2.2930217198
H       16.5724198592     0.8672026630     7.7307484874
H       14.3814415495     0.8931872834     6.7064861749
H       20.3313271446     2.6766009780     2.7586363414
H       16.2754985591     0.0492049494     5.5031787860
32
# Point 10 Energy = 0.0
C       20.5945825557     3.6012720279     7.5787853951
H       18.9449080845     3.5618549089     6.2001985609
C       19.4072761589     2.8907029015     6.9333718500
H       18.6438146187     2.6874774295     7.6952392851
H       20.5706478088     1.7606379641     5.4847486876
C       19.8013448657     1.5835149286     6.2466112991
H       18.9464701911     1.1021909768     5.7546237269
H       20.2131304150     0.8668288130     6.9653446985
H       21.3659040071     3.8255378343     6.8325461221
H       21.0529528558     2.9824109989     8.3555659312
H       20.2881167842     4.5462197965     8.0387934678
Si       16.4942435806     3.5937874525     4.3367639070
O       16.4536778641     5.1547493777     4.3710297132
O       17.9835031224     3.1166357635     3.8425351535
O       15.3484576616     3.0676967469     3.2857759620
O       16.1196382600     2.9366646359     5.8515066130
Si       16.4743976805     6.7445520765     4.3022631550
Si       13.9502516828     2.5666500123     2.5734304422
Si       18.8448557296     2.5319157077     2.5602019655
Si       15.8931595629     1.3338889803     6.3730874873
H       17.7898723570     6.7887224352     3.8820779028
H       15.4938521041     6.7822721377     3.3177055647
H       16.1984447303     7.3461294636     5.5957745670
H       12.8042217727     3.2838399215     3.1830609700
H       13.8860635290     2.8569406564     1.0925420253
H       18.4356948746     3.3180214795     1.3671335555
H       13.6851038444     1.0827672678     2.7461185584
H       18.5478749698     1.0815688987     2.2869352136
H       16.6031124317     0.8677617308     7.7154278339
H       14.4077329542     0.8829001804     6.7074276665
H       20.3315540572     2.6755042249     2.7548590915
H       16.2931194848     0.0516842703     5.4956789876
32
# Point 11 Energy = 0.0
C       20.5847567774     3.5951446865     7.5879605418
H       18.9396413432     3.5560449766     6.2044793260
C       19.3997501605     2.8844302054     6.9385774454
H       18.6340372731     2.6803912523     7.6979349605
H       20.5678156528     1.7558244791     5.4926454610
C       19.7963070343     1.5778490963     6.2520806507
H       18.9432735714     1.0961797946     5.7571473040
H       20.2061132786     0.8607616128     6.9715217810
H       21.3585621920     3.8194898040     6.8443107441
H       21.0406101106     2.9765100350     8.3663942203
H       20.2765333978     4.5400952472     8.0468137525
Si       16.5022113291     3.6123957575     4.3286540967
O       16.4704413750     5.1670568223     4.3336313815
O       17.9886078281     3.1205232113     3.8394835694
O       15.3447288378     3.0786795915     3.2939127375
O       16.1243786006     2.9740332691     5.8572795902
Si       16.4697519182     6.7524345981     4.2882831741
Si       13.9463223404     2.5731616859     2.5848874354
Si       18.8458485530     2.5315934524     2.5561183253
Si       15.9170532162     1.3570405874     6.3595562397
H       17.7755008466     6.7777098458     3.8736627434
H       15.4900525548     6.7517419699     3.3182416515
H       16.1913905931     7.3250930799     5.5873949168
H       12.8016035770     3.2884184821     3.1992370351
H       13.8730024305     2.8635288438     1.1029476363
H       18.4354328453     3.3187186417     1.3644608350
H       13.6782208888     1.0872215180     2.7545208871
H       18.5485033824     1.0806366655     2.2801945036
H       16.6367146294     0.8691085587     7.6984408643
H       14.4366836874     0.8723430741     6.7082762642
H       20.3317727281     2.6743605971     2.7505690811
H       16.3123576465     0.0547805579     5.4875462047
32
# Point 12 Energy = 0.0
C       20.5747293668     3.5887142728     7.5975633686
H       18.9343692837     3.5500438195     6.2089713452
C       19.3920749331     2.8779307196     6.9440479039
H       18.6239965813     2.6731174361     7.7007830457
H       20.5649537899     1.7507114435     5.5009717058
C       19.7911276283     1.5719326883     6.2578697528
H       18.9399762549     1.0899768061     5.7598753935
H       20.1988079782     0.8544143647     6.9780696999
H       21.3511307000     3.8130950482     6.8566149729
H       21.0279173140     2.9702739026     8.3777058112
H       20.2647454876     4.5336841108     8.0552206560
Si       16.5105207456     3.6309613201     4.3205103784
O       16.4877169214     5.1790256409     4.2964299100
O       17.9939203623     3.1242724749     3.8363405866
O       15.3410772591     3.0901683610     3.3022505993
O       16.1295605984     3.0113970614     5.8628890852
Si       16.4641296783     6.7596398920     4.2734791889
Si       13.9422286958     2.5805637011     2.5967704497
Si       18.8469884847     2.5311900842     2.5518902050
Si       15.9417302491     1.3803929156     6.3457517613
H       17.7599159640     6.7675664003     3.8642284057
H       15.4857821048     6.7195154961     3.3182033826
H       16.1832610481     7.3039312657     5.5775980803
H       12.7991076063     3.2940460038     3.2161658937
H       13.8595251347     2.8712032532     1.1138579893
H       18.4353744746     3.3194786947     1.3617211433
H       13.6708923909     1.0926080307     2.7632226410
H       18.5491629348     1.0796751296     2.2731726238
H       16.6717846016     0.8707509295     7.6806553994
H       14.4669778561     0.8618031565     6.7090997567
H       20.3321507451     2.6730035066     2.7461372702
H       16.3323434264     0.0582140699     5.4790969542
32
# Point 13 Energy = 0.0
C       20.5592509222     3.5723826084     7.6233190208
H       18.9220203997     3.5393129018     6.2314356411
C       19.3818476369     2.8617919083     6.9601747101
H       18.6134991167     2.6446038220     7.7132571963
H       20.5635534840     1.7565077141     5.5071884786
C       19.7893687325     1.5653118806     6.2607925463
H       18.9419880859     1.0835403441     5.7560795232
H       20.1996640919     0.8423429917     6.9740592814
H       21.3360679415     3.8082783243     6.8862826811
H       21.0140712214     2.9487609638     8.3983994055
H       20.2431291850     4.5111769320     8.0895965748
Si       16.5089935910     3.6507806119     4.3345566002
O       16.4870571696     5.1917798441     4.2973126607
O       17.9910884270     3.1419354694     3.8478464266
O       15.3283714901     3.1077826763     3.3297487480
O       16.1309558054     3.0326727786     5.8848825798
Si       16.4754165888     6.7661170958     4.2012159345
Si       13.9302334841     2.5942743540     2.6254377858
Si       18.8410114334     2.5622119057     2.5549354447
Si       15.9728595837     1.3822567363     6.3321573434
H       17.7610372119     6.7040545955     3.7964042074
H       15.4985021515     6.6509186739     3.2638501831
H       16.2051719916     7.3668508612     5.4771612431
H       12.7864052926     3.2939426882     3.2594434850
H       13.8336927657     2.8998641628     1.1447363892
H       18.4221325890     3.3615590691     1.3749109210
H       13.6634335973     1.1012669067     2.7741155492
H       18.5498881835     1.1114025686     2.2591926636
H       16.7195331566     0.8417641635     7.6557879884
H       14.5082656564     0.8178019741     6.7078382954
H       20.3249794359     2.7089201431     2.7480105761
H       16.3644901771     0.0511343299     5.4570352756
32
# Point 14 Energy = 0.0
C       20.5437531317     3.5706483736     7.6325103985
H       18.9121670986     3.5350458699     6.2346153916
C       19.3701235045     2.8580246005     6.9649271390
H       18.5992899181     2.6393619628     7.7150196320
H       20.5590224452     1.7550097155     5.5161141374
C       19.7823653180     1.5623391167     6.2668097088
H       18.9378558911     1.0788685764     5.7588036496
H       20.1911323907     0.8398738724     6.9814431660
H       21.3232483840     3.8072845936     6.8985232158
H       20.9963270543     2.9482401834     8.4098787774
H       20.2242718933     4.5092591704     8.0969057551
Si       16.5138897152     3.6668150736     4.3242290844
O       16.4989487613     5.2003376529     4.2579391653
O       17.9934036816     3.1449536983     3.8424727008
O       15.3213198831     3.1161598598     3.3370324126
O       16.1340633007     3.0676644176     5.8883067540
Si       16.4838865943     6.7710799491     4.1918647429
Si       13.9227088360     2.5973020173     2.6373186592
Si       18.8399704395     2.5620436011     2.5485820537
Si       15.9994620294     1.4043773697     6.3163418163
H       17.7581984533     6.6797740293     3.7937475436
H       15.5091772126     6.6352301793     3.2711623499
H       16.2186293456     7.3409569760     5.4763607088
H       12.7804275169     3.2941940250     3.2771818310
H       13.8153607102     2.9029455489     1.1558383971
H       18.4188235052     3.3617636394     1.3699254253
H       13.6540373204     1.1021097941     2.7831118866
H       18.5503663269     1.1102649855     2.2502615418
H       16.7601052504     0.8446454674     7.6339622881
H       14.5439670456     0.8029315490     6.7074771737
H       20.3229738698     2.7098812005     2.7414463551
H       16.3887037724     0.0539149310     5.4470514986
32
# Point 15 Energy = 0.0
C       20.5294747718     3.5518474762     7.6587264916
H       18.9020310810     3.5228563288     6.2564011771
C       19.3606931761     2.8405438667     6.9812930703
H       18.5888173838     2.6112732388     7.7271927501
H       20.5579027694     1.7566409582     5.5247989596
C       19.7801508908     1.5533602462     6.2716443504
H       18.9391745693     1.0708740100     5.7567344776
H       20.1900605555     0.8256373190     6.9802860957
H       21.3101775522     3.7982193056     6.9291497683
H       20.9822869816     2.9244065085     8.4319200938
H       20.2047742459     4.4850262610     8.1305361598
Si       16.5160792598     3.6869715796     4.3367240092
O       16.5042427862     5.2130435825     4.2564949219
O       17.9934924130     3.1604723929     3.8527361011
O       15.3111771496     3.1359782987     3.3640384262
O       16.1384722832     3.0909064689     5.9091176819
Si       16.4844270883     6.7752244708     4.1162796366
Si       13.9120286450     2.6154769163     2.6663739534
Si       18.8363281239     2.5890876492     2.5510099952
Si       16.0329773470     1.4108258836     6.3019605155
H       17.7464364015     6.6306030096     3.7294596639
H       15.5119159768     6.5578293407     3.2218660079
H       16.2247293232     7.3992982656     5.3709208821
H       12.7709189991     3.3007640732     3.3209707672
H       13.7904950274     2.9353956554     1.1873714037
H       18.4092067359     3.3995587832     1.3820932418
H       13.6450918670     1.1160828631     2.7951615348
H       18.5514962028     1.1385105813     2.2364181687
H       16.8122962090     0.8216013077     7.6060913473
H       14.5900858398     0.7644921984     6.7053135873
H       20.3182669297     2.7399410316     2.7429790382
H       16.4222720143     0.0505521285     5.4251010818
