32
# Point -15 Energy = 0.0
C       20.3389561450     3.4876382229     7.6240696705
H       18.8363185063     3.4808603530     6.1156705024
C       19.2851918763     2.7527477565     6.7984755990
H       18.4769282109     2.3985769849     7.4504983790
H       20.6566513597     1.9249356419     5.3225128814
C       19.8569473771     1.5834554122     5.9957413081
H       19.0936422282     1.0857932326     5.3846245861
H       20.2938956052     0.8276541138     6.6581157485
H       21.1258156771     3.8990418349     6.9762271313
H       20.8212222888     2.8217032304     8.3465974940
H       19.8918759407     4.3199449195     8.1805542939
Si       16.7552996742     3.3170892981     4.4505204678
O       16.5671653296     4.9202955826     4.6972342973
O       18.1180556625     3.1146271716     3.5464349789
O       15.4130481852     2.7296677175     3.7068855612
O       16.8501712897     2.5531417301     5.8876233454
Si       16.5986082152     6.5441873451     4.4170719098
Si       14.0402251378     2.0978609763     3.0122054327
Si       19.1826836049     2.8679124051     2.3071354104
Si       15.4497992501     1.6705616440     6.1905659667
H       17.9931436581     6.9491950573     4.0506096880
H       15.7055276912     7.0415594568     3.2629180640
H       16.2127848113     7.2480172961     5.6852736683
H       13.0576966727     2.7261052553     3.8959839158
H       13.1378803997     1.8974739445     1.5927816374
H       18.9153965267     3.8197598847     1.1552162961
H       14.3126591302     0.7430648367     3.4832142277
H       18.9727140358     1.4802231228     1.7816714413
H       15.7933675440     1.7853760161     7.5303478350
H       14.0034561283     2.1759093646     5.9026203383
H       20.6869018324     3.0056968876     2.6131732512
H       15.4239506051     0.2032253044     5.7045900324
32
# Point -14 Energy = 0.0
C       20.3905500102     3.5182559226     7.6020734314
H       18.8549795827     3.4994811540     6.1254947403
C       19.3123588683     2.7803328779     6.8123029243
H       18.5154834977     2.4458937881     7.4878325024
H       20.6446016316     1.9113126358     5.3252318299
C       19.8556630764     1.5907933867     6.0202981986
H       19.0748796139     1.0909550310     5.4340964814
H       20.2980515212     0.8423791430     6.6873463054
H       21.1681466959     3.9081002252     6.9310186778
H       20.8798485679     2.8601967240     8.3269653526
H       19.9644595044     4.3657838147     8.1513434779
Si       16.7199713221     3.3250838143     4.4837681154
O       16.5421873426     4.9306004720     4.7217286046
O       18.0852321143     3.1009485875     3.5898746768
O       15.3875020240     2.7372986938     3.7234534338
O       16.8010646136     2.5689043827     5.9261169713
Si       16.5837445871     6.5500459245     4.4197980346
Si       14.0503592754     2.1618520943     2.9266076037
Si       19.1263583379     2.8214773081     2.3382610075
Si       15.4701421204     1.5966626051     6.2440736234
H       17.9749676341     6.9389779388     4.0257324159
H       15.6758155493     7.0271400628     3.2723078432
H       16.2219782819     7.2805602784     5.6807758774
H       13.0138480777     2.7900698871     3.7465751818
H       13.2958546615     2.0583584964     1.4364417513
H       18.8380781478     3.7490105258     1.1745742887
H       14.2386156687     0.7793850074     3.3565779186
H       18.9052823508     1.4233403685     1.8480654284
H       15.8282080961     1.6555601831     7.5913574021
H       13.9988369635     2.0386846661     6.0098457358
H       20.6330463370     2.9636390440     2.6196508403
H       15.5178645240     0.1622169567     5.6875746832
32
# Point -13 Energy = 0.0
C       20.4119259804     3.5276440115     7.5960372670
H       18.8651831606     3.5165064348     6.1285809648
C       19.3184557006     2.7983078542     6.8193509318
H       18.5221262686     2.4801958562     7.5034090784
H       20.6297447076     1.8975378618     5.3329791579
C       19.8405016281     1.5943631262     6.0351453287
H       19.0491925474     1.1008796410     5.4577129429
H       20.2758677971     0.8456324254     6.7063886249
H       21.1911940869     3.8993286813     6.9170059850
H       20.8952596216     2.8690373117     8.3243540508
H       20.0019360988     4.3864768749     8.1395784721
Si       16.6996350376     3.3547974590     4.4774644730
O       16.5351944455     4.9609291808     4.7195256205
O       18.0785459386     3.1120342455     3.6114901144
O       15.3858697871     2.7803021815     3.6770828615
O       16.7430764847     2.5932416372     5.9185061448
Si       16.5977105953     6.5783771403     4.4120248115
Si       14.0364335487     2.1704916143     2.9287111317
Si       19.1125128396     2.8072656879     2.3600431126
Si       15.4773159486     1.5407022216     6.2283248300
H       17.9925986410     6.9493203397     4.0139959643
H       15.6930580878     7.0499264372     3.2630155216
H       16.2452664758     7.3247461642     5.6675342170
H       12.9951020062     2.8092612559     3.7386287030
H       13.3038673910     2.0520741058     1.4397255575
H       18.8237844128     3.7229063392     1.1895584770
H       14.2258273272     0.7919812792     3.3808240716
H       18.8811357726     1.4046721125     1.8886426500
H       15.8385435280     1.5358285746     7.5834408519
H       13.9891170010     1.9258516488     6.0297124570
H       20.6182729231     2.9445000258     2.6395871919
H       15.5937248100     0.1481822698     5.5987837927
32
# Point -12 Energy = 0.0
C       20.4579482211     3.5524856748     7.5725499404
H       18.8803056188     3.5320356757     6.1365226315
C       19.3420848701     2.8220074063     6.8302707455
H       18.5576736783     2.5226364413     7.5358223199
H       20.6149565950     1.8833327628     5.3349355554
C       19.8369328019     1.6000531936     6.0569516244
H       19.0295698420     1.1057393086     5.5034439639
H       20.2777330870     0.8580653624     6.7320512993
H       21.2273589267     3.9035605976     6.8723960058
H       20.9481616337     2.9009966595     8.3025604900
H       20.0680830072     4.4248961284     8.1086197386
Si       16.6619487805     3.3618303329     4.5088120717
O       16.5085057620     4.9697418250     4.7449968928
O       18.0428622935     3.0992633405     3.6531190325
O       15.3569442322     2.7905482760     3.6923494044
O       16.6910693978     2.6065946826     5.9538435600
Si       16.5814566027     6.5827729187     4.4186347108
Si       14.0538745945     2.2286650761     2.8400121368
Si       19.0523436364     2.7630494094     2.3903916459
Si       15.5026543047     1.4796458658     6.2864510576
H       17.9724127892     6.9374208974     3.9940725947
H       15.6618376255     7.0370731468     3.2781779778
H       16.2537806302     7.3529304286     5.6673193775
H       12.9583692170     2.8641182427     3.5771916550
H       13.4813001875     2.1984857850     1.3001101566
H       18.7431059136     3.6569677734     1.2111920475
H       14.1692815816     0.8268327661     3.2441695605
H       18.8091176052     1.3523811910     1.9520678116
H       15.8937361115     1.4298267428     7.6402501784
H       13.9981927750     1.8012303846     6.1422907795
H       20.5603863035     2.9020910734     2.6453004372
H       15.6739919741     0.1260226302     5.6002879565
32
# Point -11 Energy = 0.0
C       20.4740984446     3.5613983283     7.5692919729
H       18.8886256370     3.5460720455     6.1392302270
C       19.3468872883     2.8377775241     6.8373232756
H       18.5628597780     2.5522712533     7.5491470329
H       20.6037656249     1.8723699498     5.3457581896
C       19.8251934822     1.6039585988     6.0726321197
H       19.0100734080     1.1147284740     5.5259040216
H       20.2596339876     0.8625218164     6.7523910734
H       21.2451346856     3.8966942338     6.8634618132
H       20.9586320474     2.9103030232     8.3033625307
H       20.0970157382     4.4431532348     8.0988940362
Si       16.6432779434     3.3841918489     4.4980150959
O       16.4997655491     4.9920067509     4.7398516755
O       18.0383259900     3.1069555893     3.6721290136
O       15.3591863575     2.8262969924     3.6416354996
O       16.6342427074     2.6235110403     5.9403345279
Si       16.5909445073     6.6031236422     4.4098101722
Si       14.0344230438     2.2431983688     2.8389365920
Si       19.0420343701     2.7482475731     2.4111270282
Si       15.5185071643     1.4292870353     6.2737436531
H       17.9850072788     6.9427517809     3.9834017163
H       15.6746838894     7.0516643965     3.2677422210
H       16.2702086020     7.3866707981     5.6532017972
H       12.9415832431     2.8925032378     3.5727696518
H       13.4773689695     2.2084402288     1.3037791373
H       18.7323043466     3.6313017347     1.2263183437
H       14.1412764119     0.8419289895     3.2585520491
H       18.7908750502     1.3340481471     1.9899255604
H       15.9240943338     1.3299097100     7.6285685382
H       14.0039116790     1.6917734153     6.1623680454
H       20.5486825421     2.8838768783     2.6659590896
H       15.7453564990     0.1203653595     5.5315996592
32
# Point -10 Energy = 0.0
C       20.5150095115     3.5802973418     7.5448831666
H       18.9007742911     3.5584551952     6.1453818357
C       19.3674136120     2.8572946201     6.8453120617
H       18.5955219706     2.5891126495     7.5765801520
H       20.5872216690     1.8578246872     5.3462375157
C       19.8200110874     1.6078224385     6.0909521351
H       18.9902487162     1.1190296844     5.5667468840
H       20.2597691633     0.8722362819     6.7735836018
H       21.2759113380     3.8963656639     6.8200719356
H       21.0061587030     2.9353186111     8.2798622565
H       20.1570086594     4.4739048438     8.0672758685
Si       16.6040237947     3.3904199144     4.5268803813
O       16.4718661019     4.9994128822     4.7661739314
O       18.0006497609     3.0956808975     3.7110380716
O       15.3277890709     2.8391974099     3.6549418879
O       16.5803633119     2.6339992443     5.9715889720
Si       16.5735256323     6.6063953480     4.4205909368
Si       14.0596537767     2.2939831323     2.7488048445
Si       18.9789857069     2.7076460898     2.4393872308
Si       15.5462022366     1.3817022325     6.3356401581
H       17.9630075203     6.9300918533     3.9686504165
H       15.6421495399     7.0408104554     3.2889106475
H       16.2780826631     7.4105067712     5.6580199325
H       12.9133935267     2.9360828895     3.4014549871
H       13.6697378116     2.3379212905     1.1841591573
H       18.6490463412     3.5719986930     1.2489459386
H       14.1054177498     0.8736682022     3.1152997733
H       18.7155789557     1.2875309665     2.0485086411
H       15.9921634443     1.2498599563     7.6830271728
H       14.0241344650     1.5846973832     6.2791502173
H       20.4876915193     2.8429934239     2.6697033053
H       15.8094689486     0.1110409467     5.5494013429
32
# Point -9 Energy = 0.0
C       20.5270197723     3.5890389602     7.5444860964
H       18.9078646609     3.5694845238     6.1479353031
C       19.3716366246     2.8708409184     6.8525228599
H       18.5997848941     2.6140338290     7.5880834009
H       20.5805695759     1.8493982988     5.3596200075
C       19.8123888184     1.6117566641     6.1072229576
H       18.9773720997     1.1265521959     5.5878643701
H       20.2465254870     0.8775507225     6.7948707916
H       21.2897045945     3.8917634510     6.8160386209
H       21.0128712779     2.9453765457     8.2840531220
H       20.1784809612     4.4902460199     8.0599790810
Si       16.5873406389     3.4049109352     4.5119161663
O       16.4614530837     5.0131593066     4.7584036208
O       17.9984311023     3.0997040259     3.7272153548
O       15.3340620109     2.8668432195     3.6007847888
O       16.5257640455     2.6425861450     5.9522783382
Si       16.5782595015     6.6185057560     4.4109512480
Si       14.0356238393     2.3147034272     2.7435347757
Si       18.9722814895     2.6921456231     2.4583149808
Si       15.5682929492     1.3375775657     6.3274161948
H       17.9702853581     6.9304680871     3.9587094384
H       15.6499739868     7.0466637516     3.2777350501
H       16.2874693708     7.4337216536     5.6435014635
H       12.8985410316     2.9741127918     3.4002210276
H       13.6566118586     2.3645550240     1.1863654167
H       18.6413719302     3.5465611292     1.2633703260
H       14.0624776553     0.8924491534     3.1168506021
H       18.7034674071     1.2691303505     2.0829020913
H       16.0359891953     1.1715101064     7.6721886410
H       14.0427409834     1.4836339249     6.3013224188
H       20.4792184974     2.8260198571     2.6898632360
H       15.8741058980     0.1082980370     5.5006435689
32
# Point -8 Energy = 0.0
C       20.5635394418     3.6021281320     7.5196620344
H       18.9177679905     3.5788623596     6.1524352687
C       19.3896958331     2.8861203350     6.8576361855
H       18.6299339344     2.6448528353     7.6106466428
H       20.5633248765     1.8348541209     5.3579559989
C       19.8063869805     1.6137765530     6.1214584394
H       18.9580844005     1.1301574345     5.6229092003
H       20.2456459090     0.8843203103     6.8108619540
H       21.3160825753     3.8873800579     6.7743290548
H       21.0556662386     2.9633809392     8.2592605372
H       20.2329187643     4.5134414419     8.0286883140
Si       16.5473765651     3.4105845561     4.5378822358
O       16.4328984041     5.0193348635     4.7855207147
O       17.9597294567     3.0904648551     3.7627118972
O       15.3012061798     2.8825138649     3.6116376267
O       16.4710665553     2.6499282372     5.9787441860
Si       16.5599544461     6.6210689714     4.4261686993
Si       14.0686515499     2.3566333160     2.6538693318
Si       18.9074678606     2.6563287554     2.4834092608
Si       15.5955077270     1.3036142440     6.3917274793
H       17.9467421814     6.9180288040     3.9493151329
H       15.6163956551     7.0382126187     3.3050993810
H       16.2947560931     7.4533989890     5.6540191550
H       12.8797310961     3.0043644722     3.2217304382
H       13.8583320555     2.4750151389     1.0889805935
H       18.5565313367     3.4953595156     1.2858794430
H       14.0497141595     0.9192965232     2.9712817224
H       18.6263241059     1.2292784481     2.1351298723
H       16.1089144612     1.1170918006     7.7253392906
H       14.0702590145     1.3982716730     6.4200882933
H       20.4162034485     2.7883019122     2.6906532925
H       15.9211713033     0.1069359213     5.5321336838
32
# Point -7 Energy = 0.0
C       20.5727225050     3.6111313213     7.5218478866
H       18.9243599259     3.5870024564     6.1549835680
C       19.3942253955     2.8975942307     6.8650581556
H       18.6341459187     2.6652551422     7.6207660045
H       20.5619312130     1.8287785355     5.3732597200
C       19.8035911350     1.6175928492     6.1380604119
H       18.9522274988     1.1358706442     5.6426663045
H       20.2381304445     0.8903404107     6.8327172474
H       21.3272446868     3.8854562534     6.7745431606
H       21.0601236694     2.9746339765     8.2664253711
H       20.2483538851     4.5285239321     8.0237916959
Si       16.5328939989     3.4168277967     4.5194135956
O       16.4208317972     5.0242387814     4.7756760509
O       17.9598509712     3.0905602135     3.7760945407
O       15.3114120606     2.9013472355     3.5553021450
O       16.4197353864     2.6494955218     5.9541999661
Si       16.5595808102     6.6247699261     4.4160586439
Si       14.0412764457     2.3838686255     2.6437477062
Si       18.9041838302     2.6398649609     2.5000429605
Si       15.6210250987     1.2660067800     6.3889656042
H       17.9482834657     6.9135251567     3.9397787549
H       15.6184248287     7.0348206183     3.2937638630
H       16.2969438458     7.4661696336     5.6396017659
H       12.8669249409     3.0525031166     3.2232802433
H       13.8396268009     2.5184278389     1.0889055850
H       18.5513072286     3.4696837805     1.2990336942
H       13.9927065361     0.9433303079     2.9572037617
H       18.6202670910     1.2102534172     2.1657459529
H       16.1591094460     1.0598685991     7.7189295596
H       14.0978297309     1.3099661785     6.4453689647
H       20.4108686938     2.7726539414     2.7092472177
H       15.9778413150     0.1029398178     5.5026852578
32
# Point -6 Energy = 0.0
C       20.6057433111     3.6188181797     7.4970515773
H       18.9328658923     3.5936900282     6.1579990445
C       19.4106025762     2.9088146095     6.8674214792
H       18.6623513336     2.6899377549     7.6386912689
H       20.5450906804     1.8146640883     5.3689180588
C       19.7976626651     1.6179158803     6.1477951033
H       18.9342970950     1.1387765472     5.6712781007
H       20.2370759714     0.8941571828     6.8430022780
H       21.3503386057     3.8777213517     6.7348512288
H       21.0990304250     2.9858902533     8.2407249812
H       20.2980460284     4.5446003804     7.9936732779
Si       16.4931433402     3.4222640314     4.5421930354
O       16.3922401044     5.0294154825     4.8035426627
O       17.9211853335     3.0838295648     3.8077201534
O       15.2782159383     2.9199652706     3.5633238398
O       16.3652743156     2.6535997553     5.9753539688
Si       16.5407467614     6.6270603938     4.4358889673
Si       14.0815684845     2.4156728049     2.5565676472
Si       18.8388723297     2.6097557932     2.5211999878
Si       15.6448720087     1.2452807872     6.4539299031
H       17.9235734731     6.9022654129     3.9358673118
H       15.5841929269     7.0290844375     3.3273874987
H       16.3037268397     7.4820045608     5.6563030215
H       12.8576772378     3.0676472836     3.0408150362
H       14.0442687816     2.6083023876     1.0147368726
H       18.4661130108     3.4276600405     1.3205601204
H       14.0043493761     0.9634430443     2.8142408431
H       18.5428287268     1.1776801884     2.2105437117
H       16.2290725108     1.0286394391     7.7712326083
H       14.1278199294     1.2492612428     6.5628114393
H       20.3470636072     2.7394705773     2.7064259096
H       16.0080709794     0.1060132453     5.5451144225
32
# Point -5 Energy = 0.0
C       20.6135567245     3.6286322409     7.5011745209
H       18.9397171081     3.5991985882     6.1605891307
C       19.4164296328     2.9185440981     6.8749871656
H       18.6676507999     2.7062819260     7.6478283287
H       20.5494711352     1.8108297085     5.3854148073
C       19.8003585891     1.6216318298     6.1644636297
H       18.9357834811     1.1425426995     5.6898268685
H       20.2361915835     0.9009320738     6.8650387795
H       21.3602082545     3.8789157660     6.7381992345
H       21.1029595523     2.9989318829     8.2500627493
H       20.3091186347     4.5592079757     7.9906987371
Si       16.4809274746     3.4200491521     4.5211930990
O       16.3785016737     5.0253103982     4.7923694995
O       17.9234866700     3.0797655609     3.8186034517
O       15.2919484517     2.9294720695     3.5063918042
O       16.3181564713     2.6437446774     5.9466111700
Si       16.5349022145     6.6222810498     4.4257122294
Si       14.0523525511     2.4497422574     2.5412890078
Si       18.8385176711     2.5919053133     2.5353538335
Si       15.6708124635     1.2140967211     6.4571600841
H       17.9188839595     6.8929381114     3.9263929475
H       15.5796017127     7.0159967124     3.3165915416
H       16.2986669685     7.4845911205     5.6424477131
H       12.8471986884     3.1263365263     3.0445266075
H       14.0243005955     2.6680724626     1.0127133525
H       18.4623225972     3.4010242736     1.3321854032
H       13.9348637988     0.9946483515     2.7820441105
H       18.5423716313     1.1573444088     2.2375270212
H       16.2786999429     0.9902920792     7.7718827961
H       14.1594825324     1.1770091307     6.5911737964
H       20.3444601424     2.7249679063     2.7225865229
H       16.0560768934     0.0980649277     5.5341254165
32
# Point -4 Energy = 0.0
C       20.6211344549     3.6405888524     7.5052220182
H       18.9464510581     3.6037975231     6.1630559182
C       19.4231044245     2.9283974423     6.8827202488
H       18.6740694469     2.7219896242     7.6571590913
H       20.5564107776     1.8081952381     5.4026769877
C       19.8058510483     1.6257778325     6.1819052241
H       18.9407987210     1.1452685792     5.7093108340
H       20.2391277205     0.9091082977     6.8881639459
H       21.3695143373     3.8830229967     6.7414498742
H       21.1075385559     3.0151898813     8.2596045815
H       20.3185564721     4.5756803016     7.9872082004
Si       16.4689697284     3.4123502743     4.5000552591
O       16.3627352936     5.0156520760     4.7804782041
O       17.9260416225     3.0721661933     3.8292761385
O       15.3065174292     2.9318235588     3.4504151565
O       16.2728168179     2.6286814450     5.9176567383
Si       16.5246652408     6.6120409785     4.4142288550
Si       14.0230259760     2.4925973238     2.5231997085
Si       18.8387708785     2.5712416166     2.5493574781
Si       15.6983078778     1.1818553045     6.4641440956
H       17.9092904845     6.8799409505     3.9151704936
H       15.5697865304     6.9957185821     3.3046501943
H       16.2883137092     7.4817945745     5.6270165932
H       12.8413737229     3.1977735716     3.0491071301
H       14.0083765739     2.7464414753     1.0099664893
H       18.4578637675     3.3706679410     1.3435173957
H       13.8545499976     1.0354609361     2.7369200370
H       18.5442876543     1.1337946239     2.2649435659
H       16.3296623537     0.9551876496     7.7769048559
H       14.1934742704     1.1054821236     6.6228105123
H       20.3423245499     2.7096503450     2.7381804501
H       16.1042691038     0.0859638869     5.5306890845
32
# Point -3 Energy = 0.0
C       20.6276904344     3.6481783488     7.5102302048
H       18.9531962216     3.6077160145     6.1651134394
C       19.4287824913     2.9358864863     6.8890816689
H       18.6787563668     2.7343378338     7.6641061911
H       20.5627401764     1.8053666738     5.4173501276
C       19.8100161735     1.6287134532     6.1957763089
H       18.9445430957     1.1482726457     5.7236093287
H       20.2397067526     0.9144571690     6.9066494288
H       21.3785418919     3.8837482689     6.7467762490
H       21.1100850266     3.0253434384     8.2692571388
H       20.3272247743     4.5870031641     7.9862309971
Si       16.4582876949     3.4084959992     4.4761674028
O       16.3491011632     5.0092479373     4.7689880989
O       17.9290925572     3.0688559392     3.8370684628
O       15.3225523021     2.9416079754     3.3918292288
O       16.2281262431     2.6148063056     5.8834485339
Si       16.5176853120     6.6056684847     4.4064646422
Si       13.9990659170     2.5223355905     2.5114285434
Si       18.8393185020     2.5565963568     2.5597791397
Si       15.7192669384     1.1586444832     6.4680132546
H       17.9032149794     6.8709012748     3.9084590046
H       15.5636808188     6.9822483742     3.2971021741
H       16.2816292326     7.4805347026     5.6170259938
H       12.8355850545     3.2470604017     3.0578015438
H       13.9912180581     2.7978963636     1.0117632700
H       18.4547863616     3.3491907619     1.3528759207
H       13.7952930950     1.0644215325     2.7113047141
H       18.5451376812     1.1172229639     2.2857776106
H       16.3708341952     0.9303016508     7.7802972310
H       14.2212589655     1.0515630819     6.6484102140
H       20.3405651659     2.6985073840     2.7507823509
H       16.1409969573     0.0781709399     5.5281969421
32
# Point -2 Energy = 0.0
C       20.6339193930     3.6529750181     7.5157063787
H       18.9602194396     3.6109074863     6.1668395541
C       19.4343425585     2.9415914121     6.8943540204
H       18.6829653632     2.7438961782     7.6693275573
H       20.5694493888     1.8027472016     5.4298884279
C       19.8142092570     1.6308381307     6.2068962553
H       18.9484790368     1.1512263378     5.7340844928
H       20.2399135314     0.9179733375     6.9215483597
H       21.3875925627     3.8826781696     6.7532861218
H       21.1118888777     3.0316166577     8.2786956293
H       20.3354699892     4.5948560378     7.9869014190
Si       16.4487242520     3.4062929008     4.4504962993
O       16.3365941654     5.0039459919     4.7580298349
O       17.9324769576     3.0679963488     3.8426763669
O       15.3398654560     2.9554504610     3.3322097387
O       16.1848270281     2.6006123497     5.8453963696
Si       16.5119120140     6.6008933741     4.4016449479
Si       13.9800990912     2.5437303990     2.5036286733
Si       18.8398872208     2.5459767816     2.5672593298
Si       15.7344258762     1.1424690413     6.4707476048
H       17.8982974886     6.8640879782     3.9049073696
H       15.5586689777     6.9721619365     3.2932328850
H       16.2764252725     7.4790594545     5.6113265959
H       12.8309521372     3.2818275413     3.0687891707
H       13.9755679320     2.8334168801     1.0164488128
H       18.4519779790     3.3337473359     1.3605695075
H       13.7509455312     1.0853875024     2.6970542742
H       18.5453955669     1.1052761319     2.3015136516
H       16.4026808497     0.9139307129     7.7843553126
H       14.2430850473     1.0128581274     6.6698919563
H       20.3388895594     2.6905130868     2.7605135908
H       16.1678327995     0.0723616964     5.5289448516
32
# Point -1 Energy = 0.0
C       20.6404068599     3.6551653898     7.5213125860
H       18.9677989350     3.6135309771     6.1682773604
C       19.4401949217     2.9456999734     6.8985408091
H       18.6872762588     2.7509577987     7.6730310560
H       20.5765486592     1.8003094665     5.4401039655
C       19.8186136146     1.6322363025     6.2152825744
H       18.9526599856     1.1542148932     5.7409981669
H       20.2400577493     0.9197710952     6.9328461535
H       21.3970848096     3.8798904760     6.7604269550
H       21.1136772930     3.0342272791     8.2875295783
H       20.3440362996     4.5995009554     7.9888805139
Si       16.4401826565     3.4059828884     4.4236404867
O       16.3252111395     4.9999586565     4.7480496348
O       17.9359826363     3.0695860046     3.8464285128
O       15.3581281704     2.9735695412     3.2724274986
O       16.1430928204     2.5865491313     5.8041935005
Si       16.5073020094     6.5978609711     4.4000213434
Si       13.9666817133     2.5565619168     2.4994329745
Si       18.8399946757     2.5392343001     2.5719588108
Si       15.7430133114     1.1331073472     6.4724726144
H       17.8944027638     6.8595696353     3.9044628928
H       15.5544978232     6.9655051357     3.2934174450
H       16.2729072228     7.4776415894     5.6101429167
H       12.8270928977     3.3018678722     3.0807212182
H       13.9627840086     2.8533258602     1.0234937784
H       18.4487367766     3.3240873884     1.3667384120
H       13.7224503690     1.0974098843     2.6934379977
H       18.5444943372     1.0977507768     2.3125001219
H       16.4238270703     0.9048654444     7.7894753163
H       14.2576096886     0.9893990364     6.6869690695
H       20.3368603395     2.6854934137     2.7672445927
H       16.1843727834     0.0684705993     5.5327065032
32
# Point 0 Energy = 0
C       20.6477110000     3.6549790000     7.5266840000
H       18.9761800000     3.6157410000     6.1694560000
C       19.4467280000     2.9484220000     6.9016430000
H       18.6922510000     2.7558520000     7.6754250000
H       20.5840390000     1.7980300000     5.4478400000
C       19.8234060000     1.6330100000     6.2209870000
H       18.9571360000     1.1573250000     5.7446630000
H       20.2404540000     0.9200090000     6.9405780000
H       21.4074060000     3.8754920000     6.7676150000
H       21.1161610000     3.0334640000     8.2953550000
H       20.3536290000     4.6012450000     7.9917750000
Si       16.4325060000     3.4077350000     4.3962220000
O       16.3148940000     4.9974300000     4.7394840000
O       17.9393640000     3.0735620000     3.8486780000
O       15.3769370000     2.9960700000     3.2133680000
O       16.1030250000     2.5730330000     5.7606000000
Si       16.5037570000     6.5966350000     4.4017980000
Si       13.9593780000     2.5607940000     2.4984440000
Si       18.8391290000     2.5361430000     2.5740860000
Si       15.7443760000     1.1302530000     6.4733110000
H       17.8913405600     6.8573308000     3.9070238400
H       15.5508605600     6.9622108000     3.2979838400
H       16.2712205600     7.4764908000     5.6136238400
H       12.8237502400     3.3071035200     3.0923555200
H       13.9544302400     2.8581435200     1.0324755200
H       18.4443303200     3.3198514400     1.3715668800
H       13.7106302400     1.1000235200     2.6995155200
H       18.5418503200     1.0943714400     2.3191668800
H       16.4331100800     0.9018602400     7.7959848800
H       14.2637500800     0.9809802400     6.6993448800
H       20.3340103200     2.6832114400     2.7708868800
H       16.1902300800     0.0665002400     5.5392248800
32
# Point 1 Energy = 0.0
C       20.6563482607     3.6526951533     7.5314417827
H       18.9855695106     3.6176852936     6.1703905427
C       19.4542997602     2.9499885305     6.9036625709
H       18.6984201372     2.7589379082     7.6767176913
H       20.5919171270     1.7958955567     5.4529795730
C       19.8287564421     1.6332794464     6.2240999687
H       18.9619578362     1.1606399113     5.7454401828
H       20.2414188027     0.9188914189     6.9448367703
H       21.4189030068     3.8696311690     6.7742524772
H       21.1200165269     3.0296945779     8.3017711354
H       20.3648942208     4.6004458673     7.9951492317
Si       16.4254835987     3.4116251941     4.3688680142
O       16.3055349922     4.9964184746     4.7327461316
O       17.9423505459     3.0797892387     3.8497918420
O       15.3958248252     3.0229287077     3.1559053414
O       16.0646515751     2.5604174918     5.7154229665
Si       16.5011310507     6.5971853968     4.4071232001
Si       13.9587367167     2.5565958025     2.5002503510
Si       18.8367648596     2.5363945885     2.5738907538
Si       15.7379938845     1.1335159298     6.4733765422
H       17.8888742389     6.8572641742     3.9124378670
H       15.5474102860     6.9620894252     3.3072005003
H       16.2714531333     7.4757388167     5.6218363181
H       12.8208168188     3.2975628688     3.1025767072
H       13.9522203327     2.8486484318     1.0430687315
H       18.4380185724     3.3205692938     1.3752751921
H       13.7161250319     1.0932815398     2.7141939711
H       18.5368818965     1.0947838284     2.3220140644
H       16.4295707961     0.9036696713     7.8041321270
H       14.2607277136     0.9871748914     6.7067219077
H       20.3298560170     2.6833663680     2.7713962710
H       16.1850520831     0.0664970331     5.5481946332
32
# Point 2 Energy = 0.0
C       20.6667824218     3.6486278102     7.5352069288
H       18.9961332209     3.6194991116     6.1710841247
C       19.4632277220     2.9506406165     6.9046050812
H       18.7062676994     2.7605902021     7.6771154231
H       20.6001688335     1.7938962072     5.4554481109
C       19.8348165847     1.6331728917     6.2247486335
H       18.9671662766     1.1642322667     5.7437294387
H       20.2432515918     0.9166528341     6.9457709716
H       21.4318765363     3.8624862221     6.7797464137
H       21.1258679838     3.0233450088     8.3063949983
H       20.3784093108     4.5974961677     7.9985421521
Si       16.4188593036     3.4176398320     4.3421951802
O       16.2969823328     4.9969034412     4.7282137494
O       17.9446541457     3.0880701907     3.8501399335
O       15.4142807757     3.0539902236     3.1008795188
O       16.0279295972     2.5489855943     5.6694971909
Si       16.4992367258     6.5993997893     4.4160812950
Si       13.9652818216     2.5443288871     2.5044422641
Si       18.8323739963     2.5396121543     2.5716553408
Si       15.7234914205     1.1424426953     6.4727707173
H       17.8867274588     6.8591860989     3.9205007815
H       15.5437720329     6.9648427028     3.3212641666
H       16.2736358632     7.4754492027     5.6347588298
H       12.8183668020     3.2733289409     3.1103958133
H       13.9579638140     2.8258896866     1.0550346187
H       18.4290689659     3.3256781230     1.3781098959
H       13.7393728453     1.0777312018     2.7363129335
H       18.5290205514     1.0985669359     2.3215987632
H       16.4124427144     0.9091012600     7.8140755200
H       14.2480994060     1.0073652659     6.7088219134
H       20.3239059092     2.6856087663     2.7687695570
H       16.1685459363     0.0685416689     5.5592551004
32
# Point 3 Energy = 0.0
C       20.6794152368     3.6431147049     7.5376115891
H       19.0079943557     3.6213008443     6.1715292346
C       19.4737820925     2.9506204491     6.9044812644
H       18.7162206925     2.7611868144     7.6768198285
H       20.6087658675     1.7920208194     5.4552156483
C       19.8417130289     1.6328185263     6.2230947821
H       18.9727874913     1.1681576146     5.7399600275
H       20.2462226391     0.9135451329     6.9435824382
H       21.4465754308     3.8542579582     6.7835246105
H       21.1342721806     3.0148839377     8.3088731004
H       20.3946734777     4.5928121074     8.0014811626
Si       16.4123419936     3.4256769523     4.3167948606
O       16.2890472765     4.9987890715     4.7262185646
O       17.9459777211     3.0981514053     3.8500858261
O       15.4317723937     3.0889672878     3.0490738610
O       15.9927505090     2.5389399582     5.6236651165
Si       16.4978520239     6.6030924008     4.4286875960
Si       13.9794987131     2.5245366984     2.5106240411
Si       18.8254375317     2.5453607384     2.5676873563
Si       15.7006418035     1.1565315594     6.4715805576
H       17.8845913824     6.8628487362     3.9309588485
H       15.5395557878     6.9700756033     3.3402907905
H       16.2777439215     7.4756242161     5.6522780750
H       12.8166893658     3.2345128793     3.1149412947
H       13.9734981792     2.7912100261     1.0682144813
H       18.4167733005     3.3345381813     1.3803363951
H       13.7805820636     1.0543721401     2.7647181606
H       18.5177241959     1.1052419735     2.3185225555
H       16.3811345465     0.9170556367     7.8258744884
H       14.2257685234     1.0407697247     6.7054066800
H       20.3156700788     2.6895517615     2.7630439128
H       16.1405067954     0.0727361400     5.5719882115
32
# Point 4 Energy = 0.0
C       20.6945745616     3.6365195276     7.5383102507
H       19.0212314983     3.6231919750     6.1717078264
C       19.4861804812     2.9501700327     6.9033089463
H       18.7286406879     2.7611031963     7.6760248497
H       20.6176703254     1.7902609072     5.4523034446
C       19.8495486242     1.6323437606     6.2193363390
H       18.9788391745     1.1724512656     5.7345856312
H       20.2505714797     0.9098352155     6.9385290283
H       21.4631877865     3.8451765645     6.7850521616
H       21.1457032877     3.0048233480     8.3088942844
H       20.4140913778     4.5868352610     8.0034935375
Si       16.4056195280     3.4355389733     4.2932150667
O       16.2815166167     5.0018987759     4.7270351314
O       17.9460271521     3.1097197895     3.8499772459
O       15.4477643019     3.1274480101     3.0011922777
O       15.9589498823     2.5303851275     5.5787518429
Si       16.4967343453     6.6080032568     4.4448856955
Si       14.0018063235     2.4979456085     2.5184310705
Si       18.8154637602     2.5531474611     2.5623136401
Si       15.6693690071     1.1752328006     6.4698723903
H       17.8821388319     6.8679400771     3.9435131935
H       15.5343762305     6.9773025777     3.3643101847
H       16.2837069608     7.4762005710     5.6741896001
H       12.8163116944     3.1812659094     3.1154545986
H       14.0005938849     2.7462906423     1.0825379459
H       18.4004721546     3.3464391137     1.3822325246
H       13.8396743724     1.0246079516     2.7983141596
H       18.5024963210     1.1142711953     2.3134182285
H       16.3352158054     0.9265399998     7.8394741475
H       14.1939804342     1.0864585910     6.6962912400
H       20.3046749136     2.6947703365     2.7543003144
H       16.1008487944     0.0791841771     5.5859085621
32
# Point 5 Energy = 0.0
C       20.7125102262     3.6292237115     7.5369876717
H       19.0358813424     3.6252553482     6.1715922960
C       19.5005874980     2.9495251151     6.9011129575
H       18.7438217126     2.7607028196     7.6749125917
H       20.6268376905     1.7886090697     5.4467839033
C       19.8584039219     1.6318701605     6.2137031549
H       18.9853348077     1.1771249419     5.7280745127
H       20.2565053889     0.9057954402     6.9309186848
H       21.4818384362     3.8354969447     6.7838438318
H       21.1605454566     2.9937057356     8.3061964597
H       20.4369677968     4.5800238004     8.0041173503
Si       16.3983738293     3.4469374486     4.2719487161
O       16.2741647561     5.0059806517     4.7308759108
O       17.9445227816     3.1224093164     3.8501385856
O       15.4617393688     3.1689084106     2.9578451369
O       15.9263219465     2.5233219870     5.5355453626
Si       16.4956312729     6.6138075515     4.4645507008
Si       14.0325379669     2.4654438145     2.5275375261
Si       18.8020020070     2.5624321296     2.5558732945
Si       15.6297374610     1.1979614000     6.4676921444
H       17.8790341400     6.8740945933     3.9578277824
H       15.5278667739     6.9859630265     3.3932683867
H       16.2914170521     7.4770551337     5.7002044994
H       12.8180179218     3.1137831608     3.1112674210
H       14.0408659975     2.6931589228     1.0980277441
H       18.3795713689     3.3606168728     1.3840828787
H       13.9162575803     0.9901612110     2.8361069917
H       18.4829011046     1.1250675154     2.3069358623
H       16.2743913090     0.9366880084     7.8547006920
H       14.1532922933     1.1433882269     6.6813578610
H       20.2904745377     2.7008104751     2.7426616947
H       16.0496248531     0.0879790560     5.6004727538
32
# Point 6 Energy = 0.0
C       20.7333857921     3.6216177445     7.5333693798
H       19.0519388163     3.6275553931     6.1711473145
C       19.5171100225     2.9489109311     6.8979267352
H       18.7619825579     2.7603320780     7.6736498193
H       20.6362158799     1.7870553672     5.4387847772
C       19.8683334769     1.6315089243     6.2064559631
H       18.9922826954     1.1821655933     5.7209022101
H       20.2641909832     0.9016945621     6.9211073185
H       21.5025835546     3.8254909632     6.7794800755
H       21.1790796400     2.9820906598     8.3005765245
H       20.4634988449     4.5728442056     8.0029139361
Si       16.3902963563     3.4595038932     4.2534193241
O       16.2667669892     5.0107188757     4.7378816794
O       17.9412105679     3.1358098303     3.8508624719
O       15.4732198135     3.2127313015     2.9195342995
O       15.8946341449     2.5176508671     5.4947734247
Si       16.4942940914     6.6201296017     4.4874865671
Si       14.0719207453     2.4280620215     2.5376741847
Si       18.7846569294     2.5726364908     2.5487107532
Si       15.5819513260     1.2241006643     6.4650561911
H       17.8749468285     6.8809052164     3.9735323961
H       15.5196972721     6.9954414946     3.4270229150
H       16.3007391079     7.4780169271     5.7299491447
H       12.8228638745     3.0323432522     3.1018005899
H       14.0956670370     2.6341756260     1.1148188853
H       18.3535606284     3.3762682989     1.3861720317
H       14.0096035756     0.9529793121     2.8772516678
H       18.4585772070     1.1370033072     2.2997299103
H       16.1985026834     0.9467636499     7.8712419757
H       14.1045457698     1.2104072669     6.6605666968
H       20.2726631507     2.7071941413     2.7282922044
H       15.9870602376     0.0991935390     5.6150739927
32
# Point 7 Energy = 0.0
C       20.7572771510     3.6140916392     7.5272279563
H       19.0693606420     3.6301383799     6.1703316887
C       19.5357979635     2.9485379838     6.8937923928
H       18.7832662208     2.7603154423     7.6723845055
H       20.6457472796     1.7855840195     5.4284887088
C       19.8793667792     1.6313569672     6.1978823249
H       18.9996885856     1.1875354478     5.7135431814
H       20.2737524865     0.8977893905     6.9094921890
H       21.5254104418     3.8154385307     6.7716171740
H       21.2014793764     2.9705405007     8.2918944905
H       20.4937705556     4.5657617245     7.9994772790
Si       16.3811024909     3.4728032110     4.2379730349
O       16.2591118697     5.0157464869     4.7481189393
O       17.9358721080     3.1494772656     3.8524045215
O       15.4817848300     3.2582282946     2.8866463374
O       15.8636430846     2.5131788060     5.4570868446
Si       16.4924893205     6.6265571174     4.5134306508
Si       14.1200575707     2.3869457391     2.5486352495
Si       18.7630998135     2.5831552749     2.5411699432
Si       15.5263450583     1.2530107277     6.4619476977
H       17.8695627639     6.8879355367     3.9902302681
H       15.5095873025     7.0050882535     3.4653472517
H       16.3115210743     7.4788787027     5.7629728127
H       12.8321759185     2.9373529665     3.0865522186
H       14.1659890728     2.5719982494     1.1331710675
H       18.3220265053     3.3925674730     1.3887800685
H       14.1186413552     0.9151285182     2.9210732645
H       18.4292485433     1.1494215651     2.2924472619
H       16.1075243068     0.9561641628     7.8886380049
H       14.0488231808     1.2862750212     6.6339631291
H       20.2508852073     2.7134257379     2.7113947691
H       15.9135717415     0.1128728637     5.6290501337
32
# Point 8 Energy = 0.0
C       20.7841735986     3.6070232023     7.5183866353
H       19.0880693391     3.6330329602     6.1690996499
C       19.5566459950     2.9485976454     6.8887592388
H       18.8077407142     2.7609511951     7.6712417208
H       20.6553698852     1.7841695552     5.4161289659
C       19.8915087479     1.6314932724     6.1882896800
H       19.0075567736     1.1931737789     5.7064604002
H       20.2852700033     0.8943164383     6.8965013788
H       21.5502393505     3.8056156309     6.7599937972
H       21.2278096131     2.9596036315     8.2800738904
H       20.5277609604     4.5592283136     7.9934417406
Si       16.3705438868     3.4863520824     4.2258728711
O       16.2510123682     5.0206623921     4.7615798163
O       17.9283321512     3.1629469854     3.8549776621
O       15.4870838495     3.3046662937     2.8594504142
O       15.8331100902     2.5096335432     5.4230451119
Si       16.4900092662     6.6326586021     4.5420608102
Si       14.1769203097     2.3433229235     2.5602829262
Si       18.7370756730     2.5933701453     2.5335860302
Si       15.4633679493     1.2840372033     6.4583182322
H       17.8625944819     6.8947340915     4.0075062012
H       15.4973167164     7.0142437555     3.5079391626
H       16.3236048732     7.4794111149     5.7987585533
H       12.8475354346     2.8293946898     3.0650883167
H       14.2523877006     2.5095146636     1.1534803577
H       18.2846599363     3.4086853731     1.3921764119
H       14.2419805260     0.8786871378     2.9670766363
H       18.3947295488     1.1616509295     2.2857127191
H       16.0015638884     0.9644188142     7.9062793952
H       13.9873885396     1.3696818610     6.6016898599
H       20.2248424195     2.7190000403     2.6922039808
H       15.8297760096     0.1290237341     5.6417027928
32
# Point 9 Energy = 0.0
C       20.8139828252     3.6007706694     7.5067229858
H       19.1079596197     3.6362522201     6.1674033046
C       19.5795987423     2.9492608683     6.8828840076
H       18.8354033559     2.7625109837     7.6703220339
H       20.6650228264     1.7827752076     5.4019872914
C       19.9047445866     1.6319782086     6.1780013248
H       19.0158951869     1.1990006854     5.7000990181
H       20.2987832309     0.8914881035     6.8825868199
H       21.5769292328     3.7962859952     6.7444367330
H       21.2580305099     2.9498035705     8.2651027551
H       20.5653453921     4.5536750097     7.9844890165
Si       16.3584210418     3.4996355675     4.2172960606
O       16.2423165083     5.0250459406     4.7781830103
O       17.9184676244     3.1757450747     3.8587496241
O       15.4888494432     3.3512906514     2.8380992463
O       15.8028173334     2.5066781105     5.3931062581
Si       16.4866812264     6.6379971897     4.5730015043
Si       14.2423342849     2.2984741926     2.5725532169
Si       18.7064128833     2.6026605237     2.5262807046
Si       15.3935692462     1.3165161629     6.4540797704
H       17.8537906961     6.9008453513     4.0249333420
H       15.4827343436     7.0222570999     3.5544274652
H       16.3368352151     7.4793744180     5.8367320021
H       12.8707473816     2.7092971666     3.0370546762
H       14.3548946334     2.4497618039     1.1762893781
H       18.2412657526     3.4238040725     1.3966162430
H       14.3779236695     0.8456448808     3.0149444577
H       18.3549337462     1.1730175145     2.2801196951
H       15.8808632632     0.9711739051     7.9234008190
H       13.9216303101     1.4592634311     6.5639757584
H       20.1943039155     2.7234080834     2.6709823224
H       15.7364925726     0.1476093369     5.6523045142
32
# Point 10 Energy = 0.0
C       20.8465362227     3.5956623783     7.4921705683
H       19.1289028817     3.6397952897     6.1651949000
C       19.6045540091     2.9506760460     6.8762303884
H       18.8661831520     2.7652396046     7.6697003728
H       20.6746473259     1.7813495523     5.3863889682
C       19.9190401838     1.6328522214     6.1673507987
H       19.0247144067     1.2049217508     5.6948793908
H       20.3142905039     0.8894880339     6.8682152544
H       21.6052837571     3.7876886507     6.7248633922
H       21.2920015557     2.9416248756     8.2470320550
H       20.6063038835     4.5495011749     7.9723537348
Si       16.3445904603     3.5121281091     4.2123339887
O       16.2329150100     5.0284755380     4.7977771770
O       17.9062111451     3.1874016786     3.8638407262
O       15.4869026264     3.3973520846     2.8226340427
O       15.7725783923     2.5039320445     5.3676204155
Si       16.4823756985     6.6421474446     4.6058317332
Si       14.3159739671     2.2537009432     2.5854563936
Si       18.6710253778     2.6104157618     2.5195561991
Si       15.3175883121     1.3497815319     6.4491027570
H       17.8429453192     6.9058220467     4.0420799985
H       15.4657646530     7.0285083673     3.6043814917
H       16.3510696469     7.4785330017     5.8762723893
H       12.9037889290     2.5781967112     3.0021880326
H       14.4729655593     2.3958187939     1.2022879388
H       18.1917644602     3.4371326487     1.4023360028
H       14.5245080442     0.8178136189     3.0645238519
H       18.3098724062     1.1828590993     2.2762200066
H       15.7458177901     0.9761809220     7.9390798234
H       13.8530105072     1.5536134308     6.5211371975
H       20.1591100268     2.7261424914     2.6480131571
H       15.6347443863     0.1685461534     5.6601122134
32
# Point 11 Energy = 0.0
C       20.8815971067     3.5919873503     7.4747191834
H       19.1507527512     3.6436489576     6.1624289465
C       19.6313679179     2.9529673897     6.8688682320
H       18.8999452340     2.7693549007     7.6694255818
H       20.6841893315     1.7798248378     5.3696960068
C       19.9343443131     1.6341358418     6.1566754438
H       19.0340277443     1.2108337220     5.6911900541
H       20.3317504328     0.8884683740     6.8538582516
H       21.6350600998     3.7800267344     6.7012818274
H       21.3294894432     2.9355005096     8.2259725789
H       20.6503315440     4.5470640385     7.9568280168
Si       16.3289698730     3.5233139943     4.2109940983
O       16.2227468691     5.0305461231     4.8201460340
O       17.8915534087     3.1974642638     3.8703224418
O       15.4811556091     3.4421316565     2.8129914529
O       15.7422470580     2.5009930950     5.3468262341
Si       16.4770122634     6.6447104871     4.6400941731
Si       14.3973620632     2.2102934431     2.5990752542
Si       18.6309135186     2.6160480136     2.5136892478
Si       15.2361420854     1.3831734814     6.4432155709
H       17.8299045176     6.9092367003     4.0585167703
H       15.4464111906     7.0324285162     3.6573219526
H       16.3661864549     7.4766677840     5.9167249127
H       12.9487393571     2.4375924413     2.9603375639
H       14.6054503680     2.3506845788     1.2323041913
H       18.1361919746     3.4479233484     1.4095488133
H       14.6795569642     0.7967516236     3.1158036797
H       18.2596518515     1.1905403673     2.2745139722
H       15.5969941113     0.9792822148     7.9522429191
H       13.7830115752     1.6513016668     6.4735746714
H       20.1191753978     2.7267042506     2.6235927227
H       15.5257481699     0.1917012934     5.6643845607
32
# Point 12 Energy = 0.0
C       20.9174891741     3.5890443717     7.4548761983
H       19.1723568382     3.6472039162     6.1590375297
C       19.6586452625     2.9554664441     6.8608172292
H       18.9350455429     2.7741034292     7.6692053661
H       20.6927964051     1.7776884659     5.3522718079
C       19.9495545555     1.6352289794     6.1460263502
H       19.0429430255     1.2161622530     5.6887339677
H       20.3498279850     0.8877689523     6.8396332458
H       21.6648254519     3.7726852803     6.6745182703
H       21.3685630827     2.9306661968     8.2025237455
H       20.6955495530     4.5456147435     7.9383886007
Si       16.3111140687     3.5326543512     4.2123347364
O       16.2112361021     5.0306911368     4.8444799455
O       17.8742106631     3.2055082315     3.8777241921
O       15.4715877668     3.4852666600     2.8078699766
O       15.7109400086     2.4971406206     5.3295681674
Si       16.4700860874     6.6451731387     4.6752340719
Si       14.4859414640     2.1698872868     2.6117804881
Si       18.5862090009     2.6193140971     2.5085146165
Si       15.1531944313     1.4174022894     6.4383261376
H       17.8142645553     6.9106468077     4.0742128171
H       15.4245794387     7.0336254018     3.7124593876
H       16.3812609464     7.4731266815     5.9575070878
H       13.0076532906     2.2896332201     2.9093327432
H       14.7511145628     2.3179075970     1.2656030618
H       18.0750848961     3.4560763661     1.4180908838
H       14.8406418359     0.7839946875     3.1668239254
H       18.2045556943     1.1958438783     2.2745792381
H       15.4421376124     0.9854405966     7.9636245242
H       13.7161649190     1.7504400061     6.4267082993
H       20.0745017699     2.7248580568     2.5980715771
H       15.4139046095     0.2170378562     5.6682871714
32
# Point 13 Energy = 0.0
C       20.9572787438     3.5889745772     7.4326911725
H       19.1963749292     3.6521368966     6.1554178859
C       19.6892193782     2.9601157274     6.8526512870
H       18.9744742462     2.7817814030     7.6698996327
H       20.7029297172     1.7762272589     5.3348101553
C       19.9672941387     1.6377631934     6.1363627259
H       19.0539129695     1.2223823196     5.6888306773
H       20.3713145456     0.8892767839     6.8266949689
H       21.6974933958     3.7674657818     6.6443405615
H       21.4124728663     2.9295352518     8.1768809288
H       20.7451734695     4.5475109870     7.9168159925
Si       16.2932620096     3.5411219081     4.2172746070
O       16.2006393905     5.0303628096     4.8710730095
O       17.8563891519     3.2124064174     3.8868076640
O       15.4600801022     3.5266645370     2.8080049050
O       15.6811628806     2.4936583815     5.3175430702
Si       16.4637899038     6.6449619048     4.7107459917
Si       14.5775480041     2.1305242622     2.6289070523
Si       18.5389813133     2.6203389931     2.5047491079
Si       15.0616996168     1.4481389014     6.4281490748
H       17.7982504740     6.9110487881     4.0882334873
H       15.4021607881     7.0331251107     3.7691804845
H       16.3987119407     7.4700241833     5.9978658286
H       13.0742346945     2.1382937982     2.8597497601
H       14.9010702267     2.2903089117     1.3054139035
H       18.0100879175     3.4610789059     1.4281969350
H       15.0040665379     0.7751879565     3.2233683808
H       18.1466486547     1.1987268055     2.2778920812
H       15.2666062114     0.9795768353     7.9680912451
H       13.6437082216     1.8506537568     6.3676172228
H       20.0272940351     2.7208596833     2.5717879411
H       15.2936501249     0.2430689690     5.6611176192
32
# Point 14 Energy = 0.0
C       20.9888714882     3.5951140343     7.4126891771
H       19.2125413835     3.6671826628     6.1541842277
C       19.7056377531     2.9771655257     6.8535067058
H       18.9984872845     2.8167251720     7.6815540029
H       20.6870813662     1.7625350605     5.3380407431
C       19.9581419064     1.6429758118     6.1489635983
H       19.0340331392     1.2354475039     5.7157479988
H       20.3590808379     0.8965391651     6.8433154600
H       21.7232468306     3.7536346403     6.6143732974
H       21.4422166712     2.9377508265     8.1598118557
H       20.7958050914     4.5624033764     7.8878129628
Si       16.2656714083     3.5677631276     4.2274314915
O       16.1951831367     5.0551329946     4.8883013556
O       17.8254509533     3.2193745423     3.9031957544
O       15.4377874757     3.5813817144     2.8148397476
O       15.6322442039     2.5252709151     5.3210924997
Si       16.4779480947     6.6657100767     4.7209564511
Si       14.6549214230     2.1181411424     2.6606061357
Si       18.4717363087     2.6017679124     2.5140748936
Si       15.0216194758     1.4312996719     6.3905875399
H       17.8043998336     6.9139585403     4.0736236539
H       15.4035970883     7.0544060254     3.7978526342
H       16.4453605443     7.5008745662     6.0045744358
H       13.1369352152     2.0216551594     2.8156766741
H       15.0427750838     2.2853815182     1.3637453837
H       17.9327838570     3.4413194139     1.4440557500
H       15.1367253224     0.7996449515     3.3078447740
H       18.0550545693     1.1836552519     2.3083892355
H       15.1915712687     0.8596605713     7.9128832510
H       13.6087397957     1.8431015596     6.3323947513
H       19.9607221531     2.6836187130     2.5566547000
H       15.2616096361     0.2727098526     5.5583842176
32
# Point 15 Energy = 0.0
C       21.0207863114     3.5922647901     7.3896073546
H       19.2298942805     3.6687763033     6.1489286242
C       19.7292160060     2.9787598342     6.8441395392
H       19.0307491092     2.8215255957     7.6804727477
H       20.6910942034     1.7577717038     5.3210449333
C       19.9695592059     1.6423820748     6.1391980080
H       19.0393075634     1.2383328216     5.7155142131
H       20.3739459149     0.8952606809     6.8308166806
H       21.7481950417     3.7454623081     6.5838644298
H       21.4779021491     2.9342256713     8.1338097954
H       20.8370606356     4.5615253106     7.8645013307
Si       16.2420841192     3.5718835032     4.2303708585
O       16.1793063273     5.0499211128     4.9127438365
O       17.8018146501     3.2220162428     3.9100322575
O       15.4208201856     3.6202472773     2.8143322815
O       15.5963862144     2.5181002453     5.3066904878
Si       16.4664198289     6.6605281593     4.7542734654
Si       14.7591709441     2.0906823632     2.6657919173
Si       18.4178809929     2.5993692410     2.5090219435
Si       14.9460431609     1.4660971652     6.3959918136
H       17.7822843824     6.9099736179     4.0856793544
H       15.3765609302     7.0490571723     3.8531177762
H       16.4576675368     7.4922555312     6.0420688704
H       13.2381270211     1.8656753332     2.7353152859
H       15.2141905919     2.2936284714     1.4037766004
H       17.8619759666     3.4437871815     1.4538913585
H       15.3034996266     0.8108411639     3.3530213082
H       17.9906045195     1.1835104753     2.3103532575
H       15.0484187369     0.8793309764     7.9293920133
H       13.5543133830     1.9370801966     6.3057399566
H       19.9061223769     2.6757741873     2.5291014937
H       15.1565786834     0.2972552885     5.5745615665
