32
# Point -15 Energy = 0.0
C       20.7383176790     3.7204341890     7.5246285413
H       18.9958230259     3.6332859699     6.1679871057
C       19.4587330434     2.9629832393     6.9077027778
H       18.8359877162     2.8054157698     7.5560960141
H       20.5290957067     1.7980066802     5.5204228246
C       19.8484176816     1.6447468266     6.2140229157
H       19.0479394699     1.2114357129     5.7856813921
H       20.2447642516     0.9778891657     6.9005265296
H       20.7284813485     3.7177281938     7.5349065382
H       20.8844927376     3.4931954403     7.7891914525
H       20.6629213670     3.9203508065     7.6246136319
Si       16.4463024299     3.4142437862     4.4024955109
O       16.3273812404     5.0045166857     4.7419861742
O       17.9519164510     3.0810250998     3.8509479039
O       15.3875359204     2.9976580083     3.2244749543
O       16.1229572714     2.5826665664     5.7703213291
Si       16.5124780884     6.6032783340     4.3993235086
Si       13.9681829430     2.5581610312     2.5154841080
Si       18.8482704000     2.5416057402     2.5745442905
Si       15.7689883774     1.1411919022     6.4881107361
H       17.8979347301     6.8648283998     3.8991430369
H       15.5552306021     6.9642788732     3.2977917071
H       16.2826184534     7.4859582070     5.6095765163
H       12.8333914385     3.3042315263     3.1112669049
H       13.9577931945     2.8515596896     1.0487642890
H       18.4480626206     3.3214395052     1.3713345418
H       13.7225186903     1.0975393410     2.7213388402
H       18.5524302250     1.0986798938     2.3245735016
H       16.4626262980     0.9175032308     7.8090377611
H       14.2894259846     0.9901567017     6.7195772162
H       20.3435228177     2.6916333362     2.7659214302
H       16.2134383958     0.0756741476     5.5553713758
32
# Point -14 Energy = 0.0
C       20.7324915413     3.7163112711     7.5248335304
H       18.9947117621     3.6322824560     6.1680502901
C       19.4581770523     2.9622080601     6.9072661507
H       18.8267239932     2.8023436870     7.5641019082
H       20.5329925134     1.7982069733     5.5155753099
C       19.8470142557     1.6441353850     6.2145033544
H       19.0421185588     1.2079735799     5.7830389015
H       20.2447882217     0.9742631467     6.9032497143
H       20.7725510196     3.7270181853     7.4820590277
H       20.8985117501     3.4614562457     7.8229037372
H       20.6400244558     3.9651930553     7.6490989213
Si       16.4455307077     3.4138854340     4.4021380729
O       16.3266838164     5.0041280696     4.7418383589
O       17.9512137918     3.0806114521     3.8508134674
O       15.3869414527     2.9975761992     3.2238442942
O       16.1218382066     2.5821335347     5.7697703879
Si       16.5119944933     6.6029129316     4.3994542999
Si       13.9676891437     2.5583167798     2.5145205762
Si       18.8477584644     2.5413031061     2.5745138643
Si       15.7676054304     1.1405862250     6.4872759229
H       17.8975715698     6.8644143068     3.8995773168
H       15.5549917035     6.9641713817     3.2977930949
H       16.2819855775     7.4854358127     5.6097953319
H       12.8328508358     3.3044020138     3.1101973765
H       13.9576052098     2.8519364198     1.0478418211
H       18.4478560350     3.3213543617     1.3713409539
H       13.7218496977     1.0976866417     2.7201078827
H       18.5518358437     1.0984418118     2.3242654650
H       16.4609673708     0.9166330082     7.8083020902
H       14.2879821361     0.9896510116     6.7184371416
H       20.3429912583     2.6911631185     2.7661953970
H       16.2121327309     0.0751663341     5.5544613981
32
# Point -13 Energy = 0.0
C       20.7266552670     3.7121926602     7.5250484871
H       18.9935935189     3.6312826262     6.1681290982
C       19.4576113055     2.9614366894     6.9068466264
H       18.8174447351     2.7992721329     7.5721183928
H       20.5368849167     1.7984113502     5.5107460948
C       19.8456037912     1.6435295369     6.2149997427
H       19.0362946647     1.2045159960     5.7804064421
H       20.2448025525     0.9706402391     6.9059876753
H       20.8164032675     3.7360968417     7.4289717604
H       20.9126442459     3.4298170220     7.8566354809
H       20.6172668832     4.0100930640     7.6735956253
Si       16.4447586155     3.4135281932     4.4017860007
O       16.3259824563     5.0037401815     4.7416963870
O       17.9505134048     3.0802013133     3.8506902166
O       15.3863519330     2.9974947823     3.2232145527
O       16.1207144613     2.5816003917     5.7692229808
Si       16.5115061034     6.6025486867     4.3995926494
Si       13.9672037699     2.5584714299     2.5135520510
Si       18.8472546415     2.5410059695     2.5744979105
Si       15.7662169424     1.1399795572     6.4864423470
H       17.8972052211     6.8640035487     3.9000248558
H       15.5547519388     6.9640643863     3.2977984750
H       16.2813418411     7.4849135381     5.6100212871
H       12.8323152687     3.3045695003     3.1091187672
H       13.9574311175     2.8523129109     1.0469145430
H       18.4476612956     3.3212748654     1.3713607523
H       13.7211903311     1.0978324101     2.7188700460
H       18.5512526040     1.0982089905     2.3239698529
H       16.4592979096     0.9157619736     7.8075702495
H       14.2865320640     0.9891421840     6.7172923021
H       20.3424668018     2.6907003339     2.7664898872
H       16.2108267302     0.0746586942     5.5535538201
32
# Point -12 Energy = 0.0
C       20.7207800208     3.7080214643     7.5252472495
H       18.9924384523     3.6302466199     6.1682073341
C       19.4570006862     2.9606228969     6.9064251920
H       18.8081094244     2.7961527364     7.5801205495
H       20.5407317705     1.7985729440     5.5059093018
C       19.8441432506     1.6428853786     6.2154848958
H       19.0304247590     1.2010255064     5.7777509238
H       20.2447588577     0.9669681907     6.9087078959
H       20.8606111576     3.7455336608     7.3763424962
H       20.9270133638     3.3983418110     7.8903709624
H       20.5948916554     4.0550852882     7.6980835197
Si       16.4439567201     3.4131550095     4.4014187550
O       16.3252558365     5.0033348252     4.7415478071
O       17.9497847496     3.0797723572     3.8505578391
O       15.3857372562     2.9974085520     3.2225617027
O       16.1195503569     2.5810447922     5.7686537880
Si       16.5110006275     6.6021681385     4.3997346523
Si       13.9666953162     2.5586311475     2.5125504198
Si       18.8467271354     2.5406937690     2.5744745166
Si       15.7647785592     1.1393477938     6.4855767352
H       17.8968254127     6.8635737471     3.9004849082
H       15.5545024220     6.9639512900     3.2978046265
H       16.2806781245     7.4843688945     5.6102547178
H       12.8317565022     3.3047432029     3.1080053598
H       13.9572429082     2.8527029734     1.0459559086
H       18.4474523729     3.3211888203     1.3713756038
H       13.7205009596     1.0979831085     2.7175892974
H       18.5506413041     1.0979637893     2.3236568903
H       16.4575706124     0.9148554556     7.8068086492
H       14.2850303414     0.9886129295     6.7161067267
H       20.3419181658     2.6902153525     2.7667856843
H       16.2094715183     0.0741295542     5.5526104509
32
# Point -11 Energy = 0.0
C       20.7148705850     3.7038102353     7.5254356644
H       18.9912518252     3.6291832475     6.1682905279
C       19.4563511423     2.9597768486     6.9060081932
H       18.7987239782     2.7929954789     7.5881146311
H       20.5445410130     1.7987019886     5.5010728103
C       19.8426405206     1.6422128914     6.2159665854
H       19.0245174176     1.1975106962     5.7750802670
H       20.2446656550     0.9632581586     6.9114189076
H       20.9050273856     3.7551830897     7.3239969214
H       20.9416089115     3.3670329826     7.9241141892
H       20.5728659850     4.1001670510     7.7225681678
Si       16.4431310980     3.4127695607     4.4010413607
O       16.3245078301     5.0029158587     4.7413960193
O       17.9490344992     3.0793296972     3.8504221289
O       15.3851043956     2.9973186104     3.2218908855
O       16.1183526757     2.5804713591     5.7680685659
Si       16.5104799205     6.6017750427     4.3998821661
Si       13.9661715476     2.5587944523     2.5115208571
Si       18.8461836996     2.5403715241     2.5744502795
Si       15.7632987650     1.1386958116     6.4846861790
H       17.8964337935     6.8631299849     3.9009594718
H       15.5542448525     6.9638334816     3.2978127756
H       16.2799947639     7.4838065444     5.6104965281
H       12.8311811446     3.3049207389     3.1068612538
H       13.9570483838     2.8531036442     1.0449708031
H       18.4472363378     3.3210995111     1.3713912164
H       13.7197912236     1.0981371418     2.7162721992
H       18.5500116815     1.0977105897     2.3233345320
H       16.4557938746     0.9139205698     7.8060247979
H       14.2834855902     0.9880664045     6.7148872306
H       20.3413528451     2.6897153582     2.7670896654
H       16.2080772587     0.0735834458     5.5516395788
32
# Point -10 Energy = 0.0
C       20.7089272382     3.6995591023     7.5256130007
H       18.9900337568     3.6280924815     6.1683782168
C       19.4556628760     2.9588985497     6.9055951633
H       18.7892885467     2.7898003878     7.5961001016
H       20.5483127292     1.7987983955     5.4962361765
C       19.8410956956     1.6415120220     6.2164443806
H       19.0185726729     1.1939716240     5.7723940726
H       20.2445230273     0.9595100676     6.9141202375
H       20.9496566765     3.7650501269     7.2719430175
H       20.9564274005     3.3358896490     7.9578632462
H       20.5511901850     4.1453355596     7.7470496297
Si       16.4422816756     3.4123718018     4.4006536815
O       16.3237384465     5.0024832557     4.7412408125
O       17.9482625010     3.0788732084     3.8502827929
O       15.3844531347     2.9972248804     3.2212021191
O       16.1171214807     2.5798801396     5.7674672541
Si       16.5099439948     6.6013693423     4.4000348722
Si       13.9656321598     2.5589612740     2.5104635766
Si       18.8456240159     2.5400390078     2.5744248368
Si       15.7617776679     1.1380237160     6.4837707345
H       17.8960303197     6.8626721298     3.9014480530
H       15.5539791294     6.9637108702     3.2978227035
H       16.2792919366     7.4832265055     5.6107463719
H       12.8305889853     3.3051021072     3.1056867530
H       13.9568470787     2.8535147674     1.0439594335
H       18.4470127563     3.3210066521     1.3714072392
H       13.7190608037     1.0982944639     2.7149190725
H       18.5493633511     1.0974491645     2.3230025308
H       16.4539679479     0.9129574759     7.8052186746
H       14.2818979474     0.9875027764     6.7136340516
H       20.3407705412     2.6892000861     2.7674012823
H       16.2066439212     0.0730204089     5.5506412708
32
# Point -9 Energy = 0.0
C       20.7029501982     3.6952683729     7.5257787378
H       18.9887843501     3.6269744177     6.1684700938
C       19.4549360682     2.9579881458     6.9051858105
H       18.7798032419     2.7865676191     7.6040765802
H       20.5520470579     1.7988622363     5.4913991725
C       19.8395089059     1.6407828642     6.2169180457
H       19.0125906189     1.1904084703     5.7696921149
H       20.2443310898     0.9557240051     6.9168116256
H       20.9945005203     3.7751366383     7.2201851907
H       20.9714658609     3.3049115448     7.9916164843
H       20.5298659009     4.1905885939     7.7715282415
Si       16.4414084252     3.4119617318     4.4002556582
O       16.3229476878     5.0020370327     4.7410820391
O       17.9474686749     3.0784028466     3.8501396650
O       15.3837833515     2.9971272929     3.2204954680
O       16.1158568602     2.5792712256     5.7668498642
Si       16.5093928234     6.6009510253     4.4001925114
Si       13.9650769772     2.5591315077     2.5093787969
Si       18.8450478929     2.5396960902     2.5743979849
Si       15.7602154173     1.1373316514     6.4828305282
H       17.8956149164     6.8622001288     3.9019502591
H       15.5537051375     6.9635833777     3.2978342179
H       16.2785697182     7.4826288426     5.6110039489
H       12.8299799037     3.3052872457     3.1044821252
H       13.9566386946     2.8539361427     1.0429220098
H       18.4467813379     3.3209100355     1.3714234624
H       13.7183095421     1.0984549893     2.7135302450
H       18.5486961014     1.0971793739     2.3226607981
H       16.4520930894     0.9119664000     7.8043903517
H       14.2802675880     0.9869222139     6.7123474521
H       20.3401710728     2.6886694088     2.7677201914
H       16.2051715746     0.0724405286     5.5496156850
32
# Point -8 Energy = 0.0
C       20.6969400403     3.6909390710     7.5259327129
H       18.9875040855     3.6258296682     6.1685661859
C       19.4541713184     2.9570463734     6.9047802177
H       18.7702686063     2.7832979073     7.6120440689
H       20.5557446597     1.7988941820     5.4865620175
C       19.8378808100     1.6400260954     6.2173877953
H       19.0065719190     1.1868219065     5.7669746364
H       20.2440905326     0.9519007139     6.9194933047
H       21.0395522770     3.7854363404     7.1687172471
H       20.9867206752     3.2740982536     8.0253726565
H       20.5088906279     4.2359234080     7.7960044938
Si       16.4405117348     3.4115395777     4.3998475443
O       16.3221358461     5.0015774437     4.7409197783
O       17.9466533891     3.0779188817     3.8499929285
O       15.3830953865     2.9970258640     3.2197713178
O       16.1145593644     2.5786449843     5.7662167605
Si       16.5088265518     6.6005203140     4.4003549687
Si       13.9645063289     2.5593049876     2.5082670623
Si       18.8444556447     2.5393429562     2.5743699094
Si       15.7586127257     1.1366200482     6.4818661106
H       17.8951876681     6.8617142422     3.9024658461
H       15.5534229203     6.9634510289     3.2978472398
H       16.2778282744     7.4820139008     5.6112690538
H       12.8293542196     3.3054759764     3.1032479101
H       13.9564234339     2.8543674312     1.0418590518
H       18.4465422536     3.3208096752     1.3714400193
H       13.7175378945     1.0986185636     2.7121064445
H       18.5480103397     1.0969013571     2.3223097071
H       16.4501701196     0.9109479770     7.8035403467
H       14.2785952583     0.9863250709     6.7110281079
H       20.3395547500     2.6881236390     2.7680464499
H       16.2036609440     0.0718441609     5.5485634658
32
# Point -7 Energy = 0.0
C       20.6908971129     3.6865716523     7.5260744143
H       18.9861931797     3.6246584350     6.1686662097
C       19.4533689370     2.9560735024     6.9043781209
H       18.7606849007     2.7799915414     7.6200022351
H       20.5594057958     1.7988944153     5.4817245133
C       19.8362116760     1.6392419272     6.2178534402
H       19.0005168039     1.1832122089     5.7642414817
H       20.2438016280     0.9480404193     6.9221650688
H       21.0848123589     3.7959499165     7.1175419085
H       21.0021885637     3.2434492243     8.0591302095
H       20.4882643721     4.2813374655     7.8204787030
Si       16.4395916721     3.4111053856     4.3994293374
O       16.3213030043     5.0011045568     4.7407539136
O       17.9458166560     3.0774213248     3.8498424615
O       15.3823892039     2.9969205395     3.2190298091
O       16.1132292025     2.5780015735     5.7655680292
Si       16.5082452108     6.6000772447     4.4005219870
Si       13.9639201222     2.5594815952     2.5071286914
Si       18.8438471640     2.5389795201     2.5743404494
Si       15.7569698886     1.1358891252     6.4808777111
H       17.8947485490     6.8612144730     3.9029944031
H       15.5531324034     6.9633137638     3.2978615845
H       16.2770677431     7.4813818105     5.6115413769
H       12.8287118935     3.3056682201     3.1019844768
H       13.9562010604     2.8548083944     1.0407708648
H       18.4462952739     3.3207053830     1.3714567347
H       13.7167458054     1.0987850880     2.7106481260
H       18.5473059522     1.0966150110     2.3219492400
H       16.4481994603     0.9099025372     7.8026688303
H       14.2768812841     0.9857115767     6.7096764043
H       20.3389214760     2.6875627145     2.7683797371
H       16.2021122459     0.0712314543     5.5474848868
32
# Point -6 Energy = 0.0
C       20.6848217904     3.6821666641     7.5262033901
H       18.9848518822     3.6234609853     6.1687699301
C       19.4525292709     2.9550698770     6.9039793111
H       18.7510524243     2.7766488839     7.6279508020
H       20.5630307815     1.7988631961     5.4768865269
C       19.8345018265     1.6384306459     6.2183148559
H       18.9944255660     1.1795797149     5.7614925614
H       20.2434647082     0.9441434315     6.9248267830
H       21.1302800224     3.8066768863     7.0666604476
H       21.0178662828     3.2129639742     8.0928876967
H       20.4679868828     4.3268282560     7.8449512493
Si       16.4386483486     3.4106592278     4.3990010723
O       16.3204492699     5.0006184671     4.7405843560
O       17.9449585384     3.0769102268     3.8496881893
O       15.3816648224     2.9968112730     3.2182711174
O       16.1118666304     2.5773411821     5.7649037972
Si       16.5076488406     6.5996218806     4.4006933279
Si       13.9633183273     2.5596612000     2.5059640333
Si       18.8432224057     2.5386057382     2.5743094987
Si       15.7552872606     1.1351391320     6.4798656065
H       17.8942975423     6.8607008631     3.9035355430
H       15.5528335229     6.9631715328     3.2978770792
H       16.2762882554     7.4807327337     5.6118206204
H       12.8280529377     3.3058638769     3.1006922144
H       13.9559714047     2.8552587729     1.0396577822
H       18.4460402288     3.3205970012     1.3714734811
H       13.7159332974     1.0989544506     2.7091557825
H       18.5465829049     1.0963202695     2.3215794403
H       16.4461815879     0.9088304579     7.8017760257
H       14.2751260506     0.9850819770     6.7082927677
H       20.3382712134     2.6869866329     2.7687197932
H       16.2005257721     0.0706025884     5.5463802777
32
# Point -5 Energy = 0.0
C       20.6787144510     3.6777246578     7.5263191818
H       18.9834804437     3.6222375882     6.1688771060
C       19.4516526690     2.9540358444     6.9035835722
H       18.7413714829     2.7732703041     7.6358894911
H       20.5666199303     1.7988007844     5.4720479164
C       19.8327515856     1.6375925404     6.2187719126
H       18.9882984981     1.1759247623     5.7587277859
H       20.2430801093     0.9402100657     6.9274783081
H       21.1759545530     3.8176167695     7.0160741535
H       21.0337506170     3.1826420128     8.1266437091
H       20.4480578869     4.3723932776     7.8694225299
Si       16.4376818742     3.4102011762     4.3985627819
O       16.3195747492     5.0001192696     4.7404110125
O       17.9440790967     3.0763856373     3.8495300329
O       15.3809222570     2.9966980158     3.2174954181
O       16.1104719042     2.5766640003     5.7642241912
Si       16.5070374791     6.5991542846     4.4008687462
Si       13.9627009095     2.5598436676     2.5047734399
Si       18.8425813205     2.5382215635     2.5742769462
Si       15.7535651981     1.1343703211     6.4788300760
H       17.8938346278     6.8601734537     3.9040888696
H       15.5525262110     6.9630242838     3.2978935454
H       16.2754899423     7.4800668339     5.6121064792
H       12.8273773608     3.3060628440     3.0993715160
H       13.9557342903     2.8557183016     1.0385201406
H       18.4457769420     3.3204843672     1.3714901259
H       13.7151003883     1.0991265356     2.7076299126
H       18.5458411588     1.0960170634     2.3212003494
H       16.4441169828     0.9077321208     7.8008621577
H       14.2733299451     0.9844365202     6.7068776297
H       20.3376039208     2.6863953890     2.7690663510
H       16.1989018146     0.0699577436     5.5452499712
32
# Point -4 Energy = 0.0
C       20.6725754763     3.6732461895     7.5264213259
H       18.9820791157     3.6209885151     6.1689874902
C       19.4507394823     2.9529717556     6.9031906824
H       18.7316423890     2.7698561780     7.6438180230
H       20.5701735538     1.7987074406     5.4672085318
C       19.8309612791     1.6367279028     6.2192244764
H       18.9821358927     1.1722476893     5.7559470658
H       20.2426481713     0.9362406423     6.9301195010
H       21.2218352564     3.8287690783     6.9657843224
H       21.0498383802     3.1524828444     8.1603968757
H       20.4284770908     4.4180300385     7.8938929592
Si       16.4366923571     3.4097313019     4.3981144974
O       16.3186795472     4.9996070592     4.7402337860
O       17.9431783886     3.0758476047     3.8493679097
O       15.3801615194     2.9965807164     3.2167028873
O       16.1090452807     2.5759702197     5.7635293377
Si       16.5064111621     6.5986745187     4.4010479905
Si       13.9620678298     2.5600288602     2.5035572665
Si       18.8419238544     2.5378269467     2.5742426765
Si       15.7518040591     1.1335829469     6.4777714010
H       17.8933597829     6.8596322845     3.9046539776
H       15.5522103961     6.9628719623     3.2979107992
H       16.2746729342     7.4793842755     5.6123986409
H       12.8266851676     3.3062650153     3.0980227784
H       13.9554895340     2.8561867094     1.0373582790
H       18.4455052311     3.3203673142     1.3715065319
H       13.7142470927     1.0993012242     2.7060710205
H       18.5450806703     1.0957053199     2.3208120070
H       16.4420061290     0.9066079119     7.7999274526
H       14.2714933571     0.9837754570     6.7054314264
H       20.3369195528     2.6857889757     2.7694191367
H       16.1972406662     0.0692971015     5.5440943035
32
# Point -3 Energy = 0.0
C       20.6664052513     3.6687318191     7.5265093532
H       18.9806481506     3.6197140396     6.1691008302
C       19.4497900633     2.9518779645     6.9028004139
H       18.7218654615     2.7664068884     7.6517361178
H       20.5736919619     1.7985834255     5.4623682149
C       19.8291312340     1.6358370276     6.2196724087
H       18.9759380429     1.1685488346     5.7531503121
H       20.2421692379     0.9322354869     6.9327502152
H       21.2679214556     3.8401333160     6.9157922561
H       21.0661264169     3.1224859695     8.1941458628
H       20.4092441831     4.4637360577     7.9183629679
Si       16.4356799038     3.4092496757     4.3976562479
O       16.3177637672     4.9990819307     4.7400525757
O       17.9422564696     3.0752961765     3.8492017337
O       15.3793826179     2.9964593213     3.2158937011
O       16.1075870172     2.5752600330     5.7628193631
Si       16.5057699232     6.5981826447     4.4012308032
Si       13.9614190449     2.5602166364     2.5023158711
Si       18.8412499496     2.5374218356     2.5742065700
Si       15.7500042034     1.1327772661     6.4766898657
H       17.8928729817     6.8590773948     3.9052304534
H       15.5518860027     6.9627145119     3.2979286511
H       16.2738373612     7.4786852239     5.6126967861
H       12.8259763595     3.3064702822     3.0966464023
H       13.9552369463     2.8566637201     1.0361725388
H       18.4452249073     3.3202456707     1.3715225568
H       13.7133734208     1.0994783942     2.7044796155
H       18.5443013919     1.0953849637     2.3204144507
H       16.4398495146     0.9054582211     7.7989721386
H       14.2696166779     0.9830990402     6.7039545990
H       20.3362180600     2.6851673834     2.7697778697
H       16.1955426201     0.0686208445     5.5429136137
32
# Point -2 Energy = 0.0
C       20.6602041638     3.6641821108     7.5265827899
H       18.9791878016     3.6184144376     6.1692168676
C       19.4488047666     2.9507548281     6.9024125332
H       18.7120410260     2.7629228246     7.6596434949
H       20.5771754622     1.7984289998     5.4575267995
C       19.8272617790     1.6349202122     6.2201155670
H       18.9697052416     1.1648285369     5.7503374364
H       20.2416436563     0.9281949301     6.9353703006
H       21.3142124898     3.8517089763     6.8660992609
H       21.0826116040     3.0926508864     8.2278893744
H       20.3903588365     4.5095088665     7.9428330032
Si       16.4346446190     3.4087563676     4.3971880611
O       16.3168275115     4.9985439788     4.7398672773
O       17.9413133925     3.0747313992     3.8490314151
O       15.3785855576     2.9963337746     3.2150680361
O       16.1060973712     2.5745336342     5.7620943937
Si       16.5051137941     6.5976787238     4.4014169205
Si       13.9607545072     2.5604068513     2.5010496148
Si       18.8405595439     2.5370061754     2.5741685031
Si       15.7481659924     1.1319535376     6.4755857563
H       17.8923741958     6.8585088224     3.9058178746
H       15.5515529518     6.9625518740     3.2979469069
H       16.2729833530     7.4779698458     5.6130005885
H       12.8252509342     3.3066785328     3.0952427916
H       13.9549763310     2.8571490518     1.0349632640
H       18.4449357761     3.3201192611     1.3715380540
H       13.7124793792     1.0996579200     2.7028562122
H       18.5435032713     1.0950559162     2.3200077166
H       16.4376476308     0.9042834423     7.7979964457
H       14.2677003011     0.9824075249     6.7024475933
H       20.3354993892     2.6845306008     2.7701422632
H       16.1938079696     0.0679291560     5.5417082440
32
# Point -1 Energy = 0.0
C       20.6539726051     3.6595976321     7.5266411576
H       18.9776983225     3.6170899865     6.1693353388
C       19.4477839481     2.9496027063     6.9020268011
H       18.7021694140     2.7594043823     7.6675398732
H       20.5806243601     1.7982444243     5.4526841116
C       19.8253532434     1.6339777562     6.2205538041
H       18.9634377816     1.1610871351     5.7475083508
H       20.2410717773     0.9241193070     6.9379796034
H       21.3607077154     3.8634955457     6.8167066512
H       21.0992908518     3.0629770922     8.2616261509
H       20.3718207109     4.5553460087     7.9673035272
Si       16.4335866059     3.4082514471     4.3967099626
O       16.3158708806     4.9979932981     4.7396777829
O       17.9403492078     3.0741533180     3.8488568609
O       15.3777703397     2.9962040182     3.2142260690
O       16.1045766003     2.5737912183     5.7613545556
Si       16.5044428043     6.5971628164     4.4016060728
Si       13.9600741643     2.5605993565     2.4997588612
Si       18.8398525708     2.5365799088     2.5741283478
Si       15.7462897886     1.1311120218     6.4744593612
H       17.8918633940     6.8579266045     3.9064158111
H       15.5512111604     6.9623839877     3.2979653669
H       16.2721110385     7.4772383085     5.6133097153
H       12.8245088856     3.3068896526     3.0938123537
H       13.9547074853     2.8576424172     1.0337308007
H       18.4446376367     3.3199879058     1.3715528720
H       13.7115649704     1.0998396730     2.7012013299
H       18.5426862518     1.0947180958     2.3195918386
H       16.4354009720     0.9030839730     7.7970006051
H       14.2657446214     0.9817011679     6.7009108594
H       20.3347634831     2.6838786142     2.7705120237
H       16.1920370084     0.0672222201     5.5404785395
32
# Point 0 Energy = 0
C       20.6477110000     3.6549790000     7.5266840000
H       18.9761800000     3.6157410000     6.1694560000
C       19.4467280000     2.9484220000     6.9016430000
H       18.6922510000     2.7558520000     7.6754250000
H       20.5840390000     1.7980300000     5.4478400000
C       19.8234060000     1.6330100000     6.2209870000
H       18.9571360000     1.1573250000     5.7446630000
H       20.2404540000     0.9200090000     6.9405780000
H       21.4074060000     3.8754920000     6.7676150000
H       21.1161610000     3.0334640000     8.2953550000
H       20.3536290000     4.6012450000     7.9917750000
Si       16.4325060000     3.4077350000     4.3962220000
O       16.3148940000     4.9974300000     4.7394840000
O       17.9393640000     3.0735620000     3.8486780000
O       15.3769370000     2.9960700000     3.2133680000
O       16.1030250000     2.5730330000     5.7606000000
Si       16.5037570000     6.5966350000     4.4017980000
Si       13.9593780000     2.5607940000     2.4984440000
Si       18.8391290000     2.5361430000     2.5740860000
Si       15.7443760000     1.1302530000     6.4733110000
H       17.8913405600     6.8573308000     3.9070238400
H       15.5508605600     6.9622108000     3.2979838400
H       16.2712205600     7.4764908000     5.6136238400
H       12.8237502400     3.3071035200     3.0923555200
H       13.9544302400     2.8581435200     1.0324755200
H       18.4443303200     3.3198514400     1.3715668800
H       13.7106302400     1.1000235200     2.6995155200
H       18.5418503200     1.0943714400     2.3191668800
H       16.4331100800     0.9018602400     7.7959848800
H       14.2637500800     0.9809802400     6.6993448800
H       20.3340103200     2.6832114400     2.7708868800
H       16.1902300800     0.0665002400     5.5392248800
32
# Point 1 Energy = 0.0
C       20.6414197066     3.6503267352     7.5267108095
H       18.9746330513     3.6143677218     6.1695785541
C       19.4456372390     2.9472130313     6.9012608546
H       18.6822860830     2.7522660440     7.6832985662
H       20.5874196322     1.7977859420     5.4429942449
C       19.8214203284     1.6320172048     6.2214149685
H       18.9508001337     1.1535424360     5.7418012634
H       20.2397906242     0.9158643035     6.9431652953
H       21.4543072415     3.8876983254     6.7188264052
H       21.1332191847     3.0041112275     8.3290747073
H       20.3357838761     4.6472034732     8.0162479372
Si       16.4314028621     3.4072070753     4.3957241704
O       16.3138969365     4.9968541589     4.7392857942
O       17.9383577744     3.0729574635     3.8484947070
O       15.3760854928     2.9959316478     3.2124939792
O       16.1014427846     2.5722591541     5.7598308246
Si       16.5030563840     6.5960953144     4.4019924071
Si       13.9586659112     2.5609906269     2.4971053708
Si       18.8383887147     2.5356953616     2.5740412966
Si       15.7424249403     1.1293767134     6.4721409319
H       17.8908056362     6.8567214193     3.9076415027
H       15.5505010402     6.9620322351     3.2980021037
H       16.2703120268     7.4757274668     5.6139426060
H       12.8229749456     3.3073200186     3.0908726772
H       13.9541443397     2.8586520680     1.0311977441
H       18.4440135760     3.3197096570     1.3715798931
H       13.7096751330     1.1002093268     2.6977992768
H       18.5409953611     1.0940158389     2.3187328388
H       16.4307754022     0.9006126167     7.7949494709
H       14.2617170226     0.9802449856     6.6977500793
H       20.3332397934     2.6825290272     2.7712665004
H       16.1883874219     0.0657633794     5.5379475791
32
# Point 2 Energy = 0.0
C       20.6350991451     3.6456414505     7.5267211258
H       18.9730577558     3.6129704637     6.1697027469
C       19.4445120503     2.9459761993     6.9008801358
H       18.6722750384     2.7486469579     7.6911603170
H       20.5907665845     1.7975125438     5.4381466778
C       19.8193965902     1.6309997088     6.2218375786
H       18.9444305055     1.1497398101     5.7389230823
H       20.2390820404     0.9116855993     6.9457413546
H       21.5014103852     3.9001135349     6.6703415460
H       21.1504623691     2.9749182273     8.3627841507
H       20.3182846301     4.6932189903     8.0407228400
Si       16.4302773175     3.4066677542     4.3952165139
O       16.3128798061     4.9962658822     4.7390830639
O       17.9373306046     3.0723397704     3.8483069016
O       15.3752158416     2.9957889036     3.2116042013
O       16.0998302409     2.5714698924     5.7590471749
Si       16.5023409928     6.5955438327     4.4021890224
Si       13.9579378684     2.5611890782     2.4957433600
Si       18.8376316717     2.5352369511     2.5739941235
Si       15.7404370096     1.1284834412     6.4709494731
H       17.8902585960     6.8560985164     3.9082683626
H       15.5501325211     6.9618482343     3.2980199561
H       16.2693855730     7.4749484940     5.6142656746
H       12.8221830161     3.3075390204     3.0893642541
H       13.9538496000     2.8591677560     1.0298978401
H       18.4436872211     3.3195623837     1.3715917701
H       13.7086996819     1.1003969535     2.6960531505
H       18.5401213482     1.0936512228     2.3182897704
H       16.4283974745     0.8993415294     7.7938946371
H       14.2596458826     0.9794956738     6.6961269388
H       20.3324518693     2.6818313856     2.7716506017
H       16.1865093686     0.0650118383     5.5366470140
32
# Point 3 Energy = 0.0
C       20.6287496874     3.6409236848     7.5267144345
H       18.9714543396     3.6115494790     6.1698282755
C       19.4433527621     2.9447118389     6.9005005626
H       18.6622181873     2.7449951275     7.6990099491
H       20.5940801148     1.7972100288     5.4332970699
C       19.8173350801     1.6299577854     6.2222546430
H       18.9380273657     1.1459174307     5.7360283456
H       20.2383285699     0.9074732011     6.9483059850
H       21.5487152569     3.9127374991     6.6221623773
H       21.1678877172     2.9458845957     8.3964821880
H       20.3011313019     4.7392891977     8.0652002387
Si       16.4291294309     3.4061170882     4.3946990298
O       16.3118426791     4.9956652477     4.7388756722
O       17.9362824986     3.0717089411     3.8481144570
O       15.3743280015     2.9956416927     3.2106988226
O       16.0981875921     2.5706653957     5.7582491544
Si       16.5016108305     6.5949805973     4.4023875430
Si       13.9571937673     2.5613891928     2.4943583191
Si       18.8368577535     2.5347676802     2.5739443149
Si       15.7384125337     1.1275734325     6.4697368946
H       17.8896993814     6.8554621041     3.9089039482
H       15.5497548900     6.9616587200     3.2980371683
H       16.2684413123     7.4741540344     5.6145926796
H       12.8213743996     3.3077604039     3.0878306506
H       13.9535457595     2.8596902811     1.0285761409
H       18.4433510003     3.3194094087     1.3716023217
H       13.7077038322     1.1005862600     2.6942776527
H       18.5392281664     1.0932774797     2.3178376756
H       16.4259767607     0.8980473643     7.7928205899
H       14.2575370186     0.9787325558     6.6944758994
H       20.3316464412     2.6811184655     2.7720388444
H       16.1845961677     0.0642457856     5.5353235116
32
# Point 4 Energy = 0.0
C       20.6223717366     3.6361740221     7.5266902407
H       18.9698230584     3.6101050538     6.1699548537
C       19.4421597362     2.9434203224     6.9001218720
H       18.6521158908     2.7413109782     7.7068471846
H       20.5973605166     1.7968786565     5.4284452116
C       19.8152361325     1.6288917454     6.2226659975
H       18.9315910052     1.1420756355     5.7331169711
H       20.2375305788     0.9032274661     6.9508590193
H       21.5962212507     3.9255696341     6.5742902060
H       21.1854923230     2.9170098468     8.4301677363
H       20.2843235074     4.7854117122     8.0896806643
Si       16.4279592964     3.4055551434     4.3941717364
O       16.3107856486     4.9950523485     4.7386634958
O       17.9352134952     3.0710650160     3.8479172653
O       15.3734219581     2.9954899460     3.2097780205
O       16.0965150955     2.5698458628     5.7574368891
Si       16.5008659160     6.5944056662     4.4025876740
Si       13.9564335355     2.5615908062     2.4929506229
Si       18.8360668749     2.5342874805     2.5738917253
Si       15.7363518802     1.1266469549     6.4685034949
H       17.8891279477     6.8548122155     3.9095477936
H       15.5493680464     6.9614636220     3.2980535184
H       16.2674793700     7.4733442592     5.6149232597
H       12.8205490727     3.3079840403     3.0862722880
H       13.9532325863     2.8602193321     1.0272330017
H       18.4430046864     3.3192505343     1.3716113764
H       13.7066875680     1.1007771019     2.6924733235
H       18.5383157394     1.0928945151     2.3173765801
H       16.4235137682     0.8967305338     7.7917275683
H       14.2553908315     0.9779558956     6.6927974312
H       20.3308234344     2.6803902448     2.7724309078
H       16.1826481125     0.0634654077     5.5339774300
32
# Point 5 Energy = 0.0
C       20.6159656980     3.6313930484     7.5266480465
H       18.9681641683     3.6086374752     6.1700821910
C       19.4409333351     2.9421020240     6.8997437963
H       18.6419685157     2.7375949404     7.7146717463
H       20.6006080802     1.7965186860     5.4235908857
C       19.8131000821     1.6278019009     6.2230714742
H       18.9251217136     1.1382147615     5.7301888778
H       20.2366884358     0.8989487551     6.9534002876
H       21.6439277707     3.9386093462     6.5267263434
H       21.2032733189     2.8882935003     8.4638397465
H       20.2678608577     4.8315841668     8.1141646586
Si       16.4267670063     3.4049819852     4.3936346504
O       16.3097088058     4.9944272774     4.7384464084
O       17.9341236305     3.0704080344     3.8477152153
O       15.3724976934     2.9953335923     3.2088419719
O       16.0948130083     2.5690114928     5.7566105044
Si       16.5001062662     6.5938190964     4.4027891156
Si       13.9556570962     2.5617937507     2.4915206478
Si       18.8352589468     2.5337962816     2.5738362053
Si       15.7342554166     1.1257042770     6.4672495743
H       17.8885442477     6.8541488826     3.9101994265
H       15.5489718865     6.9612628678     3.2980687805
H       16.2664998705     7.4725193404     5.6152570485
H       12.8197070082     3.3082097987     3.0846895903
H       13.9529098424     2.8607545932     1.0258687787
H       18.4426480469     3.3190855595     1.3716187582
H       13.7056508695     1.1009693319     2.6906407065
H       18.5373839867     1.0925022321     2.3169065077
H       16.4210090066     0.8953914527     7.7906158130
H       14.2532077226     0.9771659577     6.6910920077
H       20.3299827706     2.6796466998     2.7728264657
H       16.1806654958     0.0626708910     5.5326091292
32
# Point 6 Energy = 0.0
C       20.6095319788     3.6265813521     7.5265873520
H       18.9664779254     3.6071470315     6.1702099928
C       19.4396739222     2.9407573196     6.8993660639
H       18.6317764342     2.7338474499     7.7224833583
H       20.6038230934     1.7961303753     5.4187338683
C       19.8109272640     1.6266885657     6.2234709023
H       18.9186197800     1.1343351446     5.7272439858
H       20.2358025126     0.8946374324     6.9559296176
H       21.6918342276     3.9518560298     6.4794721009
H       21.2212278759     2.8597350823     8.4974972025
H       20.2517429592     4.8778042106     8.1386527745
Si       16.4255526507     3.4043976783     4.3930877871
O       16.3086122402     4.9937901268     4.7382242809
O       17.9330129384     3.0697380346     3.8475081934
O       15.3715551864     2.9951725584     3.2078908541
O       16.0930815870     2.5681624851     5.7557701258
Si       16.4993318959     6.5932209447     4.4029915634
Si       13.9548643685     2.5619978559     2.4900687722
Si       18.8344338762     2.5332940106     2.5737776023
Si       15.7321235113     1.1247456683     6.4659754345
H       17.8879482315     6.8534721369     3.9108583684
H       15.5485663031     6.9610563835     3.2980827247
H       16.2655029377     7.4716794502     5.6155936748
H       12.8188481755     3.3084375452     3.0830829836
H       13.9525772841     2.8612957443     1.0244838297
H       18.4422808440     3.3189142802     1.3716242875
H       13.7045937130     1.1011627999     2.6887803489
H       18.5364328240     1.0921005312     2.3164274806
H       16.4184629871     0.8940305378     7.7894855657
H       14.2509880940     0.9763630075     6.6893601059
H       20.3291243682     2.6788878048     2.7732251864
H       16.1786486099     0.0618624217     5.5312189711
32
# Point 7 Energy = 0.0
C       20.6030709880     3.6217395238     7.5265076549
H       18.9647645860     3.6056340122     6.1703379607
C       19.4383818615     2.9393865869     6.8989883987
H       18.6215400241     2.7300689477     7.7302817463
H       20.6070058410     1.7957139818     5.4138739287
C       19.8087180142     1.6255520552     6.2238641075
H       18.9120854926     1.1304371199     5.7242822170
H       20.2348731831     0.8902938660     6.9584468346
H       21.7399400366     3.9653090661     6.4325287890
H       21.2393532045     2.8313341265     8.5311391206
H       20.2359694147     4.9240695093     8.1631455747
Si       16.4243163180     3.4038022863     4.3925311605
O       16.3074960400     4.9931409886     4.7379969816
O       17.9318814504     3.0690550537     3.8472960830
O       15.3705944127     2.9950067689     3.2069248439
O       16.0913210879     2.5672990395     5.7549158786
Si       16.4985428178     6.5926112669     4.4031947091
Si       13.9540552678     2.5622029483     2.4885953762
Si       18.8335915669     2.5327805933     2.5737157601
Si       15.7299565327     1.1237713990     6.4646813790
H       17.8873398469     6.8527820089     3.9115241347
H       15.5481511856     6.9608440935     3.2980951175
H       16.2644886945     7.4708247614     5.6159327627
H       12.8179725405     3.3086671437     3.0814528965
H       13.9522346623     2.8618424613     1.0230785135
H       18.4419028354     3.3187364892     1.3716277809
H       13.7035160711     1.1013573528     2.6868928009
H       18.5354621631     1.0916893107     2.3159395190
H       16.4158762229     0.8926482080     7.7883370695
H       14.2487323482     0.9755473111     6.6876022060
H       20.3282481424     2.6781135332     2.7736267339
H       16.1765977466     0.0610401863     5.5298073200
32
# Point 8 Energy = 0.0
C       20.5965831364     3.6168681560     7.5264084516
H       18.9630244065     3.6040987078     6.1704657930
C       19.4370575176     2.9379902050     6.8986105210
H       18.6112596687     2.7262598795     7.7380666376
H       20.6101566051     1.7952697620     5.4090108298
C       19.8064726688     1.6243926862     6.2242509132
H       18.9055191384     1.1265210215     5.7213034948
H       20.2339008241     0.8859184273     6.9609517620
H       21.7882446164     3.9789678223     6.3858977156
H       21.2576465551     2.8030901748     8.5647645494
H       20.2205398239     4.9703777455     8.1876436312
Si       16.4230580948     3.4031958725     4.3919647830
O       16.3063602914     4.9924799541     4.7377643766
O       17.9307291958     3.0683591283     3.8470787653
O       15.3696153451     2.9948361467     3.2059441183
O       16.0895317666     2.5664213556     5.7540478881
Si       16.4977390429     6.5919901186     4.4033982402
Si       13.9532297052     2.5624088515     2.4871008410
Si       18.8327319190     2.5322559531     2.5736505197
Si       15.7277548498     1.1227817397     6.4633677130
H       17.8867190393     6.8520785285     3.9121962352
H       15.5477264205     6.9606259205     3.2981057216
H       16.2634572631     7.4699554470     5.6162739321
H       12.8170800656     3.3088984551     3.0797997595
H       13.9518817224     2.8623944162     1.0216531901
H       18.4415137737     3.3185519766     1.3716290513
H       13.7024179126     1.1015528349     2.6849786156
H       18.5344719123     1.0912684668     2.3154426414
H       16.4132492290     0.8912448840     7.7871705688
H       14.2464408879     0.9747191349     6.6858187913
H       20.3273540051     2.6773238565     2.7740307669
H       16.1745131969     0.0602043711     5.5283745415
32
# Point 9 Energy = 0.0
C       20.5900688362     3.6119678431     7.5262892370
H       18.9612576431     3.6025414097     6.1705931843
C       19.4357012557     2.9365685546     6.8982321474
H       18.6009357563     2.7224206958     7.7458377615
H       20.6132756646     1.7947979713     5.4041443282
C       19.8041915647     1.6232107768     6.2246311398
H       18.8989210038     1.1225871825     5.7183077443
H       20.2328858145     0.8815114910     6.9634442213
H       21.8367473871     3.9928316510     6.3395801852
H       21.2761052186     2.7750027783     8.5983725686
H       20.2054537843     5.0167266191     8.2121475247
Si       16.4217780658     3.4025784989     4.3913886662
O       16.3052050794     4.9918071144     4.7375263295
O       17.9295562016     3.0676502936     3.8468561188
O       15.3686179531     2.9946606127     3.2049488538
O       16.0877138785     2.5655296336     5.7531662794
Si       16.4969205798     6.5913575546     4.4036018406
Si       13.9523875883     2.5626153866     2.4855855495
Si       18.8318548294     2.5317200123     2.5735817188
Si       15.7255188316     1.1217769616     6.4620347429
H       17.8860857517     6.8513617252     3.9128741747
H       15.5472918910     6.9604017855     3.2981142966
H       16.2624087645     7.4690716805     5.6166167987
H       12.8161707099     3.3091313383     3.0781240049
H       13.9515182047     2.8629512769     1.0202082202
H       18.4411134073     3.3183605301     1.3716279083
H       13.7012992032     1.1017490874     2.6830383490
H       18.5334619764     1.0908378937     2.3149368648
H       16.4105825215     0.8898209877     7.7859863092
H       14.2441141165     0.9738787458     6.6840103481
H       20.3264418654     2.6765187455     2.7744369402
H       16.1723952515     0.0593551619     5.5269210034
32
# Point 10 Energy = 0.0
C       20.5835285012     3.6070391810     7.5261495055
H       18.9594645521     3.6009624104     6.1707198264
C       19.4343134413     2.9351220179     6.8978529911
H       18.5905686807     2.7185518519     7.7535948498
H       20.6163632958     1.7942988645     5.3992741742
C       19.8018750388     1.6220066466     6.2250046053
H       18.8922913739     1.1186359348     5.7152948925
H       20.2318285359     0.8770734351     6.9659240322
H       21.8854477693     4.0068998899     6.2935774973
H       21.2947265265     2.7470714981     8.6319622886
H       20.1907108922     5.0631138474     8.2366578439
Si       16.4204763138     3.4019502270     4.3908028202
O       16.3040304870     4.9911225601     4.7372827017
O       17.9283624928     3.0669285844     3.8466280198
O       15.3676022034     2.9944800858     3.2039392271
O       16.0858676780     2.5646240734     5.7522711776
Si       16.4960874353     6.5907136293     4.4038051905
Si       13.9515288211     2.5628223718     2.4840498855
Si       18.8309601921     2.5311726912     2.5735091924
Si       15.7232488471     1.1207573361     6.4606827765
H       17.8854399247     6.8506316275     3.9135574528
H       15.5468474770     6.9601716084     3.2981205988
H       16.2613433189     7.4681736356     5.6169609748
H       12.8152444292     3.3093656491     3.0764260667
H       13.9511438446     2.8635127078     1.0187439652
H       18.4407014804     3.3181619347     1.3716241579
H       13.7001599047     1.1019459492     2.6810725594
H       18.5324322569     1.0903974837     2.3144222044
H       16.4078766182     0.8883769427     7.7847845375
H       14.2417524372     0.9730264104     6.6821773655
H       20.3255116296     2.6756981697     2.7748449041
H       16.1702442004     0.0584927446     5.5254470748
32
# Point 11 Energy = 0.0
C       20.5769625461     3.6020827674     7.5259887507
H       18.9576453895     3.5993620030     6.1708454082
C       19.4328944403     2.9336509782     6.8974727621
H       18.5801588405     2.7146538075     7.7613376364
H       20.6194197720     1.7937726954     5.3944001125
C       19.7995234286     1.6207806161     6.2253711254
H       18.8856305327     1.1146676092     5.7122648686
H       20.2307293719     0.8726046409     6.9683910131
H       21.9343451820     4.0211718603     6.2478909455
H       21.3135078516     2.7192959058     8.6655328503
H       20.1763107432     5.1095371653     8.2611751846
Si       16.4191529200     3.4013111176     4.3902072541
O       16.3028365958     4.9904263811     4.7370333526
O       17.9271480923     3.0661940343     3.8463943425
O       15.3665680601     2.9942944832     3.2029154142
O       16.0839934191     2.5637048747     5.7513627076
Si       16.4952396142     6.5900583963     4.4040079670
Si       13.9506533038     2.5630296227     2.4824942341
Si       18.8300478977     2.5306139090     2.5734327728
Si       15.7209452656     1.1197231350     6.4593121229
H       17.8847814967     6.8498882640     3.9142455644
H       15.5463930558     6.9599353072     3.2981243815
H       16.2602610451     7.4672614863     5.6173060687
H       12.8143011761     3.3096012414     3.0747063805
H       13.9507583726     2.8640783699     1.0172607873
H       18.4402777329     3.3179559735     1.3716176034
H       13.6989999761     1.1021432562     2.6790818074
H       18.5313826522     1.0899471274     2.3138986738
H       16.4051320378     0.8869131735     7.7835655016
H       14.2393562534     0.9721623957     6.6803203351
H       20.3245632012     2.6748620977     2.7752543050
H       16.1680603329     0.0576173043     5.5239531265
32
# Point 12 Energy = 0.0
C       20.5703713871     3.5970992013     7.5258064661
H       18.9558004114     3.5977404816     6.1709696158
C       19.4314446187     2.9321558200     6.8970911677
H       18.5697066393     2.7107270265     7.7690658580
H       20.6224453633     1.7932197167     5.3895218821
C       19.7971370715     1.6195330075     6.2257305137
H       18.8789387635     1.1106825351     5.7092176037
H       20.2295887086     0.8681054923     6.9708449810
H       21.9834390422     4.0356468674     6.2025218162
H       21.3324466081     2.6916755846     8.6990834237
H       20.1622529328     5.1559943258     8.2857001494
Si       16.4178079638     3.4006612305     4.3896019757
O       16.3016234858     4.9897186670     4.7367781397
O       17.9259130209     3.0654466767     3.8461549588
O       15.3655154841     2.9941037204     3.2018775913
O       16.0820913551     2.5627722373     5.7504409945
Si       16.4943771192     6.5893919089     4.4042098438
Si       13.9497609334     2.5632369522     2.4809189809
Si       18.8291178344     2.5300435836     2.5733522894
Si       15.7186084560     1.1186746297     6.4579230925
H       17.8841104039     6.8491316623     3.9149380002
H       15.5459285014     6.9596927989     3.2981253951
H       16.2591620612     7.4663354066     5.6176516858
H       12.8133409001     3.3098379662     3.0729653832
H       13.9503615149     2.8646479206     1.0157590488
H       18.4398419009     3.3177424275     1.3716080446
H       13.6978193730     1.1023408417     2.6770666556
H       18.5303130579     1.0894867138     2.3133662853
H       16.4023493003     0.8854301056     7.7823294505
H       14.2369259685     0.9712869681     6.6784397509
H       20.3235964812     2.6740104975     2.7756647855
H       16.1658439377     0.0567290260     5.5224395304
32
# Point 13 Energy = 0.0
C       20.5637554481     3.5920890917     7.5256021550
H       18.9539298813     3.5960981477     6.1710921411
C       19.4299643511     2.9306369367     6.8967079206
H       18.5592124941     2.7067719838     7.7767792630
H       20.6254403476     1.7926401891     5.3846392256
C       19.7947163157     1.6182641515     6.2260825906
H       18.8722163591     1.1066810472     5.7061530396
H       20.2284069448     0.8635763852     6.9732857608
H       22.0327286478     4.0503240885     6.1574711899
H       21.3515402211     2.6642100928     8.7326132190
H       20.1485369179     5.2024831008     8.3102333338
Si       16.4164415323     3.4000006290     4.3889869985
O       16.3003912427     4.9889995109     4.7365169249
O       17.9246573077     3.0646865495     3.8459097463
O       15.3644444447     2.9939077142     3.2008259394
O       16.0801617481     2.5618263645     5.7495061691
Si       16.4934999573     6.5887142243     4.4044104983
Si       13.9488516155     2.5634441725     2.4793245173
Si       18.8281698991     2.5294616385     2.5732675776
Si       15.7162387980     1.1176120954     6.4565160027
H       17.8834265862     6.8483618560     3.9156342540
H       15.5454536914     6.9594440024     3.2981233931
H       16.2580464880     7.4653955750     5.6179974345
H       12.8123635583     3.3100756724     3.0712035167
H       13.9499530055     2.8652210156     1.0142391172
H       18.4393937287     3.3175210823     1.3715952865
H       13.6966180610     1.1025385378     2.6750276728
H       18.5292233799     1.0890161367     2.3128250571
H       16.3995289363     0.8839281696     7.7810766407
H       14.2344619963     0.9704003956     6.6765361140
H       20.3226113796     2.6731433448     2.7760759939
H       16.1635953151     0.0558280979     5.5209066663
32
# Point 14 Energy = 0.0
C       20.5571154585     3.5870533496     7.5253754556
H       18.9520343502     3.5944355595     6.1712128597
C       19.4284543179     2.9290950040     6.8963229275
H       18.5486771977     2.7027894429     7.7844778715
H       20.6284053161     1.7920346892     5.3797520715
C       19.7922618450     1.6169746658     6.2264273802
H       18.8654639468     1.1026637244     5.7030713580
H       20.2271848532     0.8590180313     6.9757133959
H       22.0822103537     4.0651996163     6.1127347318
H       21.3707846824     2.6368972760     8.7661217097
H       20.1351576176     5.2490011795     8.3347750209
Si       16.4150540047     3.3993295120     4.3883625156
O       16.2991401889     4.9882691437     4.7362497237
O       17.9233812876     3.0639138714     3.8456587703
O       15.3633552183     2.9937064600     3.1997608236
O       16.0782051791     2.5608676046     5.7485585571
Si       16.4926083170     6.5880255397     4.4046097348
Si       13.9479255771     2.5636511122     2.4777114219
Si       18.8272043152     2.5288681888     2.5731786694
Si       15.7138370387     1.1165359497     6.4550913896
H       17.8827301582     6.8475790601     3.9163339443
H       15.5449686733     6.9591889253     3.2981182468
H       16.2569145960     7.4644423215     5.6183430362
H       12.8113694017     3.3103141952     3.0694213964
H       13.9495328919     2.8657973039     1.0127015408
H       18.4389332608     3.3172918823     1.3715793158
H       13.6953963779     1.1027361863     2.6729656395
H       18.5281139008     1.0885354664     2.3122752281
H       16.3966718512     0.8824079842     7.7798075538
H       14.2319651221     0.9695030397     6.6746101443
H       20.3216081287     2.6722608635     2.7764877760
H       16.1613151718     0.0549148511     5.5193551499
32
# Point 15 Energy = 0.0
C       20.5504515028     3.5819922395     7.5251257085
H       18.9501137557     3.5927527291     6.1713312470
C       19.4269145471     2.9275300964     6.8959356720
H       18.5381007618     2.6987795649     7.7921611387
H       20.6313401766     1.7914031163     5.3748599304
C       19.7897736240     1.6156645581     6.2267644631
H       18.8586814309     1.0986306197     5.6999722360
H       20.2259224132     0.8544304748     6.9781274573
H       22.1318868645     4.0802761359     6.0683196715
H       21.3901791490     2.6097386093     8.7996078917
H       20.1221196110     5.2955465157     8.3593261661
Si       16.4136451307     3.3986477857     4.3877283329
O       16.2978701369     4.9875274999     4.7359762180
O       17.9220846359     3.0631284725     3.8454016886
O       15.3622474159     2.9934997792     3.1986822160
O       16.0762215454     2.5598959951     5.7475980689
Si       16.4917019934     6.5873257509     4.4048070767
Si       13.9469823462     2.5638575563     2.4760798762
Si       18.8262205995     2.5282629352     2.5730851678
Si       15.7114031392     1.1154463050     6.4536493268
H       17.8820208558     6.8467830995     3.9170364097
H       15.5444731232     6.9589273810     3.2981095668
H       16.2557663341     7.4634756523     5.6186879611
H       12.8103580424     3.3105533918     3.0676192721
H       13.9491005366     2.8663764382     1.0111464832
H       18.4384598873     3.3170544253     1.3715597209
H       13.6941538552     1.1029335997     2.6708808911
H       18.5269840886     1.0880443904     2.3117165616
H       16.3937781530     0.8808697682     7.7785221950
H       14.2294353369     0.9685950612     6.6726621032
H       20.3205862639     2.6713627435     2.7768995435
H       16.1590033435     0.0539893093     5.5177850975
