32
# Point -15 Energy = 0.0
C       20.6816446889     3.5594836329     7.3925444634
H       18.9257225855     3.5827709158     6.1495922827
C       19.4212512629     2.8927932425     6.8429614216
H       18.7149811048     2.7185704435     7.6658458264
H       20.4153710778     1.7121201703     5.3051865244
C       19.7026919480     1.5709046905     6.1261466207
H       18.7896039611     1.1305291566     5.6997502139
H       20.1329794066     0.8269607937     6.8060408101
H       21.3950275511     3.7667037223     6.5864679355
H       21.1836878885     2.9254563413     8.1294935220
H       20.4378585631     4.5110795922     7.8752929297
Si       16.1298118831     3.2519722548     4.6645168416
O       16.4446563735     4.7904855559     4.5285329259
O       17.4355089297     3.5386944848     3.7366044176
O       15.2155467359     3.3855624179     3.2741028505
O       16.2419831698     2.7374978694     6.2654252305
Si       16.7550718131     6.3242430808     4.3934718411
Si       14.2745903330     2.2434239773     2.4695547932
Si       18.5219710872     3.0384015582     2.6577634121
Si       15.5357832747     1.2092924964     6.7163012922
H       18.0861863521     6.4486750489     3.8076308815
H       15.7613971341     7.0394471064     3.4588338715
H       16.8174076749     7.4264874008     5.6440404067
H       12.8089637593     2.5824841234     2.5236292925
H       14.7654234854     2.3378738381     1.1497838725
H       18.1605715632     3.7710133957     1.4712218236
H       14.3171757760     0.7487983968     2.9506265600
H       18.6150557229     1.5024125104     2.1981543507
H       16.2171603436     1.0078123364     7.8626197898
H       14.0910028305     1.4167657204     6.8145592130
H       20.0586106101     3.2971507140     2.9262897505
H       15.8132817095     0.1774350115     5.6341793927
32
# Point -14 Energy = 0.0
C       20.6674101491     3.5725849195     7.4155695417
H       18.9241964502     3.5908960115     6.1547404967
C       19.4160263011     2.9015145942     6.8513463002
H       18.7022275593     2.7215879527     7.6663454554
H       20.4319884897     1.7304641988     5.3210284500
C       19.7117037160     1.5830948053     6.1342261836
H       18.8053918866     1.1392432073     5.6977213282
H       20.1393327014     0.8401674825     6.8168685193
H       21.3880508055     3.7852328103     6.6174596930
H       21.1647059437     2.9384243540     8.1555830307
H       20.4147398644     4.5216003667     7.8987716310
Si       16.1538907190     3.2654595367     4.6325058524
O       16.4373546222     4.8159137949     4.5343355441
O       17.4854262771     3.5179072292     3.7315575426
O       15.2328192297     3.3586610344     3.2463009228
O       16.2256323827     2.7312865784     6.2250816137
Si       16.7571891042     6.3530028642     4.3993707024
Si       14.2252433680     2.2557219041     2.4773887506
Si       18.5548476027     2.9967473576     2.6419840555
Si       15.5614668681     1.1949516110     6.6861148511
H       18.0984887355     6.4751776526     3.8303657932
H       15.7782859968     7.0629609927     3.4494954856
H       16.8001767049     7.4328767065     5.6567663464
H       12.7775906271     2.6288072900     2.6168058399
H       14.6370124825     2.3521722894     1.1273062605
H       18.1941712107     3.7244988710     1.4483695730
H       14.2664102647     0.7609040640     2.9411201148
H       18.6077047197     1.4597212413     2.2080179810
H       16.2433153081     0.9946394141     7.8448748936
H       14.1092718654     1.3595880006     6.7896557183
H       20.0912487913     3.2391941839     2.9004372492
H       15.8646598526     0.1682986804     5.6096496396
32
# Point -13 Energy = 0.0
C       20.6672433455     3.5820193246     7.4236088250
H       18.9382103715     3.5954481816     6.1433408692
C       19.4201722578     2.9103395066     6.8508409641
H       18.6967938607     2.7389919023     7.6590522653
H       20.4498468654     1.7247075324     5.3416585798
C       19.7201639082     1.5855081344     6.1478509813
H       18.8175843658     1.1406082553     5.7052096228
H       20.1385559020     0.8476267149     6.8414107374
H       21.3974288673     3.7859212969     6.6320175259
H       21.1540327534     2.9518073889     8.1737461203
H       20.4128627629     4.5355281621     7.8968702221
Si       16.1929608213     3.2805001839     4.5851356638
O       16.4576321803     4.8390180224     4.5089326956
O       17.5515133715     3.4781884860     3.7121607300
O       15.2675287429     3.3285569050     3.2026852761
O       16.2192283998     2.7412624891     6.1731954747
Si       16.7196977728     6.3939754575     4.4348515790
Si       14.1901769974     2.2724731213     2.4738237851
Si       18.6010140938     2.9202446310     2.6182595335
Si       15.5810837111     1.2093077574     6.6601272893
H       18.0656922606     6.5924331728     3.8987745494
H       15.7316602297     7.0926160226     3.4900813836
H       16.6921294240     7.4001555719     5.7352595569
H       12.7688437623     2.6955275512     2.6839054301
H       14.5318101488     2.3588627869     1.0994291136
H       18.2479034167     3.6360436843     1.4114848297
H       14.2099361776     0.7810292120     2.9324714723
H       18.6036890453     1.3808740891     2.2223669173
H       16.2603106774     1.0158578106     7.8339874952
H       14.1235934028     1.3468124178     6.7663279398
H       20.1379944047     3.1372496282     2.8676053200
H       15.9006862987     0.1738065992     5.6006926117
32
# Point -12 Energy = 0.0
C       20.6621451170     3.5860617282     7.4452536714
H       18.9441801563     3.5972078935     6.1500462937
C       19.4219154270     2.9122456922     6.8605638635
H       18.6920011336     2.7374682569     7.6620421041
H       20.4682806211     1.7326200291     5.3586181617
C       19.7320560964     1.5895761169     6.1581905182
H       18.8347364758     1.1427891891     5.7073626149
H       20.1471162195     0.8523871875     6.8544466171
H       21.3986795960     3.7930896697     6.6604117622
H       21.1438742626     2.9552753565     8.1981360210
H       20.4017768652     4.5379955925     7.9184205550
Si       16.2222996599     3.2923107754     4.5599514231
O       16.4590774694     4.8597513198     4.5207226612
O       17.6035349222     3.4510118746     3.7150069297
O       15.2899486577     3.3055043403     3.1842690743
O       16.2106066744     2.7310641187     6.1363274832
Si       16.6958790073     6.4225986537     4.4272579923
Si       14.1525832470     2.3024595093     2.4818144387
Si       18.6347658437     2.8770634026     2.6084431202
Si       15.6053294708     1.1971320634     6.6356691984
H       18.0445106930     6.6421162555     3.8994548790
H       15.7044649653     7.0839363848     3.4641873404
H       16.6340678170     7.4193950516     5.7207607899
H       12.7594297687     2.7654467599     2.7611632153
H       14.4283777479     2.3993486335     1.0889316728
H       18.2824228311     3.5932882778     1.3978437262
H       14.1539151053     0.8096104823     2.9179133124
H       18.5975834690     1.3413732013     2.2321376222
H       16.2852156830     1.0018153280     7.8212688809
H       14.1430562084     1.3007666706     6.7488745789
H       20.1709763872     3.0760244230     2.8490207756
H       15.9431730015     0.1645677617     5.5826540625
32
# Point -11 Energy = 0.0
C       20.6563597508     3.5920343266     7.4653303462
H       18.9488767392     3.5995822206     6.1560707375
C       19.4230873477     2.9152515594     6.8695873843
H       18.6871580888     2.7369103421     7.6647215814
H       20.4859891352     1.7417157152     5.3748307563
C       19.7437273348     1.5946947057     6.1681658875
H       18.8517182375     1.1454075334     5.7097630821
H       20.1561756773     0.8586464296     6.8671534343
H       21.3987102764     3.8023238773     6.6868278898
H       21.1337300003     2.9611691027     8.2209081919
H       20.3897373649     4.5424014262     7.9381917131
Si       16.2498997403     3.3028349421     4.5356956811
O       16.4578809215     4.8786050934     4.5331994313
O       17.6529260437     3.4226706612     3.7189655787
O       15.3104094695     3.2811122266     3.1674164558
O       16.2015578155     2.7191899645     6.0996321221
Si       16.6748199481     6.4483420887     4.4205001678
Si       14.1161128150     2.3324984039     2.4891482446
Si       18.6664532048     2.8348606723     2.5994470990
Si       15.6287250142     1.1840320603     6.6119628249
H       18.0266592779     6.6844743757     3.9008127295
H       15.6825378848     7.0758475249     3.4395846291
H       16.5825626653     7.4355049027     5.7071491946
H       12.7524099104     2.8344407825     2.8338962419
H       14.3295614569     2.4420511671     1.0801549057
H       18.3142886032     3.5521917314     1.3855975491
H       14.0971358539     0.8383155399     2.9019190057
H       18.5913027445     1.3036426412     2.2415814778
H       16.3095285093     0.9869726707     7.8091645903
H       14.1621401915     1.2542541631     6.7324817587
H       20.2015440449     3.0171786056     2.8316852797
H       15.9842545319     0.1541445435     5.5656193881
32
# Point -10 Energy = 0.0
C       20.6515974430     3.5988862449     7.4824568318
H       18.9532996921     3.6017304210     6.1610430557
C       19.4248030784     2.9185968638     6.8775290187
H       18.6837849887     2.7371576431     7.6671841679
H       20.5027100513     1.7502375819     5.3898071337
C       19.7553338119     1.5997140775     6.1777572681
H       18.8682591820     1.1475102009     5.7130953906
H       20.1659735109     0.8653558584     6.8795586491
H       21.3988458755     3.8119698418     6.7093852932
H       21.1254792514     2.9685274185     8.2406373490
H       20.3791281681     4.5479811702     7.9545715623
Si       16.2758169710     3.3117542161     4.5137901700
O       16.4545631453     4.8945259276     4.5469696310
O       17.6986873891     3.3919830958     3.7252380432
O       15.3291338756     3.2555506474     3.1538980613
O       16.1927359184     2.7056081170     6.0640645306
Si       16.6530725053     6.4703240643     4.4139566427
Si       14.0839220726     2.3643385176     2.4947494480
Si       18.6952149141     2.7937746024     2.5921468354
Si       15.6501022439     1.1713020301     6.5909139392
H       18.0077198613     6.7217672613     3.9014570685
H       15.6609019712     7.0642074285     3.4159062425
H       16.5324661535     7.4479201390     5.6930902585
H       12.7515647523     2.9037729654     2.8965937650
H       14.2430852102     2.4902468239     1.0738446238
H       18.3423222978     3.5135410364     1.3760966911
H       14.0402695596     0.8693079992     2.8831490567
H       18.5849432806     1.2684218139     2.2507358108
H       16.3319728073     0.9725885786     7.7996269859
H       14.1800914068     1.2103792846     6.7191600274
H       20.2286659184     2.9614293795     2.8166284593
H       16.0215132924     0.1428907495     5.5521233490
32
# Point -9 Energy = 0.0
C       20.6476798406     3.6066438502     7.4965588549
H       18.9571609179     3.6038248098     6.1649611683
C       19.4268218430     2.9223695830     6.8842839756
H       18.6816684607     2.7381881134     7.6693663162
H       20.5181388660     1.7584781975     5.4031810174
C       19.7665987843     1.6048171594     6.1866447253
H       18.8840377200     1.1493289787     5.7170224901
H       20.1762786523     0.8726161113     6.8912325572
H       21.3988820146     3.8221616690     6.7279730237
H       21.1189929928     2.9772860203     8.2571568406
H       20.3697963026     4.5546984864     7.9676386507
Si       16.2995760125     3.3194073373     4.4942628678
O       16.4485223130     4.9079168275     4.5620970421
O       17.7402770235     3.3595765788     3.7336711970
O       15.3455187344     3.2288263229     3.1438464306
O       16.1837238668     2.6906613542     6.0297549616
Si       16.6318699797     6.4888580917     4.4081519361
Si       14.0558501699     2.3965752179     2.4985265287
Si       18.7208074730     2.7544790369     2.5865075905
Si       15.6692657797     1.1590582925     6.5724383691
H       17.9893233998     6.7528696247     3.9019640071
H       15.6412417719     7.0507548565     3.3938713329
H       16.4860813203     7.4569244937     5.6794372614
H       12.7552935208     2.9711077697     2.9493837333
H       14.1690551244     2.5417997636     1.0689615617
H       18.3662631329     3.4778180615     1.3692011701
H       13.9846719202     0.9014946631     2.8620471889
H       18.5785685186     1.2360651758     2.2597131429
H       16.3523030013     0.9588117559     7.7926083452
H       14.1965795581     1.1690487464     6.7088108437
H       20.2521220844     2.9097949707     2.8038941971
H       16.0550094999     0.1310400797     5.5419960324
32
# Point -8 Energy = 0.0
C       20.6447527799     3.6148573766     7.5077124194
H       18.9605695945     3.6058136314     6.1678871349
C       19.4291527803     2.9263708697     6.8898456632
H       18.6807747518     2.7398330554     7.6712623460
H       20.5321138626     1.7662305566     5.4147689590
C       19.7773228094     1.6098284518     6.1946497525
H       18.8987633576     1.1508732746     5.7213103552
H       20.1867831647     0.8801158617     6.9019188495
H       21.3990126691     3.8324165055     6.7426704365
H       21.1143246465     2.9868426236     8.2704831186
H       20.3620391050     4.5620966117     7.9775888333
Si       16.3211530848     3.3263135675     4.4770772783
O       16.4398851825     4.9193335064     4.5785581503
O       17.7776322210     3.3260019630     3.7440532335
O       15.3593931277     3.2012547148     3.1373679431
O       16.1744554018     2.6749022855     5.9967674085
Si       16.6113357047     6.5046015310     4.4032655412
Si       14.0318935892     2.4282297484     2.5005416981
Si       18.7433418586     2.7173630486     2.5824609759
Si       15.6861030453     1.1477391162     6.5564145905
H       17.9716555135     6.7784787571     3.9024637972
H       15.6234065463     7.0362634758     3.3737923908
H       16.4435327906     7.4631872688     5.6665453135
H       12.7623626517     3.0349751362     2.9926026910
H       14.1074895388     2.5947775781     1.0647189018
H       18.3863260451     3.4452484319     1.3647252465
H       13.9316477976     0.9341161742     2.8392278420
H       18.5723044019     1.2066848611     2.2686199234
H       16.3703309114     0.9459986385     7.7880174370
H       14.2113711089     1.1307552019     6.7013007317
H       20.2720692978     2.8627246027     2.7935006873
H       16.0846812590     0.1190735737     5.5350457100
32
# Point -7 Energy = 0.0
C       20.6428808469     3.6230887870     7.5160908894
H       18.9636139198     3.6076551310     6.1699117300
C       19.4317612102     2.9304087294     6.8942466575
H       18.6809965681     2.7419194111     7.6728670377
H       20.5445056297     1.7733110302     5.4244704359
C       19.7873085110     1.6145845411     6.2016378912
H       18.9121750458     1.1521610194     5.7257272775
H       20.1971601613     0.8875518215     6.9114130075
H       21.3993788927     3.8422744203     6.7536934002
H       21.1114206271     2.9966036444     8.2807404787
H       20.3560411048     4.5697258081     7.9847105258
Si       16.3405942996     3.3329936355     4.4621192956
O       16.4288609434     4.9293350840     4.5962780369
O       17.8107682530     3.2918140657     3.7560928983
O       15.3706412333     3.1731859884     3.1345305311
O       16.1649410179     2.6588643611     5.9650726855
Si       16.5916482797     6.5182042328     4.3994227642
Si       14.0119541722     2.4583346937     2.5009837511
Si       18.7629694655     2.6828061115     2.5798551153
Si       15.7005766952     1.1377652299     6.5426194246
H       17.9549378338     6.7992939338     3.9030381395
H       15.6073076211     7.0214861850     3.3559088723
H       16.4049877339     7.4673506848     5.6547081984
H       12.7716087942     3.0941119113     3.0267883351
H       14.0580189990     2.6471798378     1.0605646180
H       18.4027614595     3.4160554375     1.3624086828
H       13.8824080630     0.9662917187     2.8154064011
H       18.5662713383     1.1804193453     2.2774641673
H       16.3859596221     0.9344592774     7.7856465654
H       14.2243148437     1.0959825154     6.6964038270
H       20.2886997249     2.8206164151     2.7853794465
H       16.1105076894     0.1074669917     5.5309642728
32
# Point -6 Energy = 0.0
C       20.6420409492     3.6309329002     7.5219538693
H       18.9663529075     3.6093208320     6.1711469824
C       19.4345664690     2.9343072499     6.8975540748
H       18.6821550458     2.7442752361     7.6741735167
H       20.5552176210     1.7795730143     5.4322677671
C       19.7963650920     1.6189439333     6.2075210154
H       18.9240483984     1.1532198207     5.7300506386
H       20.2070745843     0.8946440303     6.9195679766
H       21.4000581218     3.8513234170     6.7613804478
H       21.1101198598     3.0060114119     8.2881523867
H       20.3518625796     4.5771637226     7.9893689024
Si       16.3580076746     3.3399469900     4.4491997153
O       16.4157271929     4.9384608127     4.6151303599
O       17.8397707544     3.2575514291     3.7694233685
O       15.3791992345     3.1449956286     3.1353611828
O       16.1552557588     2.6430483437     5.9345542293
Si       16.5730521708     6.5302856767     4.3967000962
Si       13.9958415604     2.4859599914     2.5001597577
Si       18.7798780872     2.6511652353     2.5784566150
Si       15.7127191720     1.1295240914     6.5307388083
H       17.9394439065     6.8159761417     3.9037274181
H       15.5929380022     7.0071525264     3.3403936278
H       16.3706780434     7.4700060601     5.6441659990
H       12.7819644162     3.1474451622     3.0526524813
H       14.0199114132     2.6970362715     1.0561777329
H       18.4158511332     3.3904500856     1.3619182275
H       13.8380314519     0.9970461010     2.7913991479
H       18.5605899431     1.1574203308     2.2861560589
H       16.3991746305     0.9244513235     7.7851862094
H       14.2353362947     1.0651827986     6.6938069453
H       20.3022344367     2.7838107680     2.7793770886
H       16.1325136947     0.0966706633     5.5293427124
32
# Point -5 Energy = 0.0
C       20.6421261295     3.6380298999     7.5256385389
H       18.9688174913     3.6107946642     6.1717214023
C       19.4374472722     2.9379107168     6.8998675112
H       18.6840083847     2.7467323035     7.6751745079
H       20.5641911684     1.7849126076     5.4382267084
C       19.8043165254     1.6227911678     6.2122611205
H       18.9342047587     1.1540849257     5.7340752844
H       20.2161956967     0.9011446589     6.9263012068
H       21.4010646961     3.8592135574     6.7661805987
H       21.1101619283     3.0145617741     8.2930352062
H       20.3494411096     4.5840276859     7.9919933062
Si       16.3735618626     3.3476321644     4.4380594330
O       16.4008270591     4.9472099355     4.6349404708
O       17.8647941150     3.2237159204     3.7836089088
O       15.3850576515     3.1170809357     3.1398445981
O       16.1455308026     2.6279090762     5.9050147431
Si       16.5558439737     6.5414151044     4.3951198611
Si       13.9832797452     2.5102506810     2.4984895153
Si       18.7942936337     2.6227595183     2.5779558979
Si       15.7226248086     1.1233560935     6.5203775591
H       17.9254835714     6.8291373825     3.9045240193
H       15.5803588595     6.9939377512     3.3273462341
H       16.3408783543     7.4716776115     5.6350941044
H       12.7924814806     3.1940856585     3.0710701971
H       13.9921075325     2.7425090325     1.0514603835
H       18.4259130492     3.3686200959     1.3628530333
H       13.7994285755     1.0253634959     2.7681217433
H       18.5553875305     1.1378371164     2.2945109362
H       16.4100307142     0.9161714409     7.7862386288
H       14.2444296897     1.0387608013     6.6931135507
H       20.3129237276     2.7525763136     2.7752615566
H       16.1507687022     0.0870919085     5.5296845941
32
# Point -4 Energy = 0.0
C       20.6429488802     3.6440838678     7.5275456794
H       18.9710083950     3.6120748679     6.1717729631
C       19.4402456358     2.9410921918     6.9013145908
H       18.6862601449     2.7491338892     7.6758632209
H       20.5714079380     1.7892777435     5.4424927726
C       19.8110082774     1.6260450983     6.2158718624
H       18.9425180786     1.1548001966     5.7376217334
H       20.2242098689     0.9068526626     6.9315994154
H       21.4023488074     3.8656764006     6.7686338273
H       21.1111965769     3.0218294316     8.2957864766
H       20.3485925960     4.5899932630     7.9930592877
Si       16.3874773341     3.3564458178     4.4283767526
O       16.3845570517     4.9560200926     4.6554884733
O       17.8860525820     3.1907526214     3.7981532891
O       15.3882566256     3.0898529221     3.1479226163
O       16.1359397053     2.6138391499     5.8761845431
Si       16.5403720826     6.5520903567     4.3946551767
Si       13.9739167928     2.5304547037     2.4964940907
Si       18.8064745303     2.5978575881     2.5779730403
Si       15.7304370266     1.1195386119     6.5110709889
H       17.9134047380     6.8393124685     3.9053772390
H       15.5697037649     6.9824507801     3.3167995262
H       16.3159105897     7.4728008433     5.6276083921
H       12.8023427824     3.2333066147     3.0830650580
H       13.9732745788     2.7819713195     1.0465196615
H       18.4332958861     3.3507217765     1.3647521158
H       13.7673187283     1.0502447508     2.7465779758
H       18.5507996832     1.1218028606     2.3022521950
H       16.4186343669     0.9097446493     7.7883327523
H       14.2516456038     1.0170556330     6.6938512720
H       20.3210408196     2.7271020633     2.7727271965
H       16.1653801280     0.0790767633     5.5314211752
32
# Point -3 Energy = 0.0
C       20.6442512539     3.6488771411     7.5281257096
H       18.9728994968     3.6131739646     6.1714431472
C       19.4427761935     2.9437595594     6.9020466372
H       18.6885728327     2.7513408254     7.6762348709
H       20.5768965074     1.7926738282     5.4452853805
C       19.8163180660     1.6286644881     6.2184184784
H       18.9489248619     1.1554175950     5.7405428929
H       20.2308372421     0.9116252345     6.9355207500
H       21.4038023966     3.8705394487     6.7693510647
H       21.1127999698     3.0274884764     8.2968723458
H       20.3490200532     4.5948088110     7.9930718999
Si       16.4000207634     3.3667032459     4.4197765630
O       16.3673584809     4.9652475698     4.6765153628
O       17.9038147094     3.1590310040     3.8125117752
O       15.3888866940     3.0637302002     3.1594908281
O       16.1266852579     2.6011518783     5.8477298096
Si       16.5270199910     6.5627173462     4.3952278494
Si       13.9673330749     2.5459600824     2.4947859023
Si       18.8167135809     2.5766627263     2.5780718001
Si       15.7363332289     1.1182691238     6.5022943261
H       17.9035760199     6.8469462030     3.9061918487
H       15.5611646280     6.9732029503     3.3087159728
H       16.2961185880     7.4737058424     5.6217572749
H       12.8108700029     3.2645437782     3.0898125961
H       13.9618523521     2.8140839503     1.0416474991
H       18.4383865616     3.3368681026     1.3671079125
H       13.7422061548     1.0707814224     2.7278417751
H       18.5469766421     1.1094176954     2.3090232913
H       16.4251216359     0.9052101445     7.7909373684
H       14.2570757182     1.0003230902     6.6954752612
H       20.3268833120     2.7074846064     2.7714133804
H       16.1764843294     0.0728916652     5.5339237857
32
# Point -2 Energy = 0.0
C       20.6457178046     3.6522858989     7.5278575989
H       18.9744401942     3.6141199244     6.1708686301
C       19.4448361705     2.9458632327     6.9022308672
H       18.6905839100     2.7532408030     7.6762868322
H       20.5807355209     1.7951684393     5.4468859094
C       19.8201649855     1.6306542691     6.2200137336
H       18.9534308835     1.1559976391     5.7427294375
H       20.2358483323     0.9153904621     6.9381919886
H       21.4052661862     3.8737402317     6.7689849523
H       21.1144955758     3.0313346406     8.2968067822
H       20.3503268197     4.5983120543     7.9925422704
Si       16.4114925341     3.3786205942     4.4118436369
O       16.3497001341     4.9751490451     4.6977310206
O       17.9183914192     3.1288282651     3.8261077072
O       15.3870844844     3.0391286717     3.1743968574
O       16.1179816044     2.5900655477     5.8192650152
Si       16.5161950799     6.5735915269     4.3967162234
Si       13.9630558248     2.5563218544     2.4940497073
Si       18.8253334051     2.5593010742     2.5777780171
Si       15.7405049078     1.1196505582     6.4934769466
H       17.8963774993     6.8523728994     3.9068383091
H       15.5549856674     6.9665920413     3.3029954861
H       16.2818556367     7.4745992165     5.6175280181
H       12.8175245453     3.2873905100     3.0926303001
H       13.9561182179     2.8378451474     1.0372909419
H       18.4416088754     3.3271188600     1.3693846947
H       13.7243740414     1.0862256825     2.7130247091
H       18.5440850166     1.1007342084     2.3144046444
H       16.4296314906     0.9025100211     7.7934786850
H       14.2608329931     0.9887199981     6.6973776462
H       20.3307685774     2.6937207164     2.7709265057
H       16.1842322617     0.0687079661     5.5365212854
32
# Point -1 Energy = 0.0
C       20.6469944085     3.6542904620     7.5272241329
H       18.9755608636     3.6149562039     6.1701726577
C       19.4462187790     2.9474013411     6.9020405543
H       18.6919262774     2.7547564890     7.6760177520
H       20.5830558137     1.7968914128     5.4476208116
C       19.8225186958     1.6320685499     6.2208099709
H       18.9561162360     1.1566086371     5.7441125052
H       20.2390809318     0.9181554756     6.9398001265
H       21.4065416293     3.8753337473     6.7681959873
H       21.1157814038     3.0333008469     8.2961254963
H       20.3520380498     4.6004420169     7.9919618715
Si       16.4222128904     3.3923021067     4.4041395430
O       16.3320583936     4.9858682655     4.7188257181
O       17.9301229702     3.1003173506     3.8383539852
O       15.3830290100     3.0164502171     3.1924392738
O       16.1100352166     2.5806920545     5.7903684040
Si       16.5083092801     6.5848839803     4.3989647340
Si       13.9605774352     2.5612848181     2.4950184253
Si       18.8326823589     2.5458119122     2.5766053754
Si       15.7431353255     1.1236813004     6.4840191097
H       17.8921830277     6.8558052080     3.9071661940
H       15.5514493822     6.9628853067     3.2994836127
H       16.2734589770     7.4755514300     5.6148533964
H       12.8219062248     3.3016025004     3.0929626966
H       13.9542563266     2.8526205469     1.0340173326
H       18.4434241465     3.3214708766     1.3710428409
H       13.7138904579     1.0960557238     2.7032325600
H       18.5423090607     1.0957444268     2.3179395848
H       16.4322760747     0.9014820542     7.7953602929
H       14.2630290372     0.9822938051     6.6988993135
H       20.3330297583     2.6857014437     2.7708712196
H       16.1887721572     0.0665914901     5.5385198810
32
# Point 0 Energy = 0
C       20.6477110000     3.6549790000     7.5266840000
H       18.9761800000     3.6157410000     6.1694560000
C       19.4467280000     2.9484220000     6.9016430000
H       18.6922510000     2.7558520000     7.6754250000
H       20.5840390000     1.7980300000     5.4478400000
C       19.8234060000     1.6330100000     6.2209870000
H       18.9571360000     1.1573250000     5.7446630000
H       20.2404540000     0.9200090000     6.9405780000
H       21.4074060000     3.8754920000     6.7676150000
H       21.1161610000     3.0334640000     8.2953550000
H       20.3536290000     4.6012450000     7.9917750000
Si       16.4325060000     3.4077350000     4.3962220000
O       16.3148940000     4.9974300000     4.7394840000
O       17.9393640000     3.0735620000     3.8486780000
O       15.3769370000     2.9960700000     3.2133680000
O       16.1030250000     2.5730330000     5.7606000000
Si       16.5037570000     6.5966350000     4.4017980000
Si       13.9593780000     2.5607940000     2.4984440000
Si       18.8391290000     2.5361430000     2.5740860000
Si       15.7443760000     1.1302530000     6.4733110000
H       17.8913405600     6.8573308000     3.9070238400
H       15.5508605600     6.9622108000     3.2979838400
H       16.2712205600     7.4764908000     5.6136238400
H       12.8237502400     3.3071035200     3.0923555200
H       13.9544302400     2.8581435200     1.0324755200
H       18.4443303200     3.3198514400     1.3715668800
H       13.7106302400     1.1000235200     2.6995155200
H       18.5418503200     1.0943714400     2.3191668800
H       16.4331100800     0.9018602400     7.7959848800
H       14.2637500800     0.9809802400     6.6993448800
H       20.3340103200     2.6832114400     2.7708868800
H       16.1902300800     0.0665002400     5.5392248800
32
# Point 1 Energy = 0.0
C       20.6475199113     3.6544922254     7.5266157530
H       18.9762162440     3.6165440321     6.1687716206
C       19.4461882354     2.9490025077     6.9011590845
H       18.6912463284     2.7565240035     7.6744762820
H       20.5838734452     1.7987925843     5.4478446032
C       19.8228768498     1.6336056561     6.2206923234
H       18.9566659934     1.1582282337     5.7443434374
H       20.2399298538     0.9210811039     6.9407298722
H       21.4076424004     3.8744365115     6.7677752430
H       21.1151813030     3.0319717595     8.2949420152
H       20.3545942940     4.6008227503     7.9923370707
Si       16.4426714646     3.4248639360     4.3876631905
O       16.2986103226     5.0098098112     4.7594100443
O       17.9464612634     3.0485676884     3.8565775547
O       15.3690738203     2.9783042791     3.2368937274
O       16.0970741165     2.5670480807     5.7295147998
Si       16.5028715971     6.6088270338     4.4050612061
Si       13.9589860514     2.5548990329     2.5050745134
Si       18.8450663517     2.5301679429     2.5698577384
Si       15.7443225466     1.1392161477     6.4607412650
H       17.8941332009     6.8569968843     3.9063131779
H       15.5535124031     6.9646335002     3.2982948005
H       16.2753278346     7.4772665847     5.6137326062
H       12.8229302143     3.3038872152     3.0923856056
H       13.9548950366     2.8543339415     1.0333530212
H       18.4449015925     3.3221168310     1.3705286181
H       13.7143877066     1.0980872178     2.7028826958
H       18.5429241064     1.0964821224     2.3177300497
H       16.4320970856     0.9033437974     7.7947664150
H       14.2630325472     0.9846566018     6.6979821572
H       20.3340660963     2.6859357776     2.7707651975
H       16.1887003829     0.0683562054     5.5379496705
32
# Point 2 Energy = 0.0
C       20.6460837609     3.6530480438     7.5273481015
H       18.9755856616     3.6174424121     6.1681445054
C       19.4444450273     2.9492555472     6.9006899639
H       18.6886356617     2.7568042581     7.6731321049
H       20.5827789498     1.7994181910     5.4479287858
C       19.8210259606     1.6340127228     6.2200785469
H       18.9549334667     1.1593993236     5.7431426086
H       20.2375398635     0.9215586906     6.9404755140
H       21.4070300117     3.8724667774     6.7691468013
H       21.1124232176     3.0290776949     8.2952904228
H       20.3544209821     4.5993571305     7.9939369765
Si       16.4529938330     3.4435450180     4.3780525003
O       16.2835616174     5.0228878321     4.7783162848
O       17.9517516862     3.0252604928     3.8615872000
O       15.3597360170     2.9634118538     3.2626936263
O       16.0922701066     2.5626168266     5.6966716671
Si       16.5059347110     6.6213369562     4.4086007262
Si       13.9589637562     2.5438116029     2.5156425467
Si       18.8508918308     2.5276886100     2.5636052399
Si       15.7430310828     1.1503486207     6.4457156365
H       17.9007873058     6.8547599355     3.9049589934
H       15.5596896096     6.9701019274     3.3001974441
H       16.2858817940     7.4776094138     5.6150536508
H       12.8194490506     3.2920976797     3.0946916392
H       13.9539924566     2.8413734161     1.0373715870
H       18.4457310394     3.3280625060     1.3675448982
H       13.7248475867     1.0904834412     2.7142256867
H       18.5457536336     1.1018860306     2.3133107487
H       16.4291339933     0.9055700140     7.7911431625
H       14.2608804860     0.9931203150     6.6940759329
H       20.3335484042     2.6934808724     2.7703569425
H       16.1842480355     0.0720078430     5.5340349147
32
# Point 3 Energy = 0.0
C       20.6430863258     3.6509922142     7.5291602091
H       18.9742064957     3.6185224800     6.1675812261
C       19.4413862976     2.9493490610     6.9003325404
H       18.6842066558     2.7567755103     7.6713669001
H       20.5810421860     1.8001980224     5.4484053978
C       19.8180356363     1.6344360621     6.2193343976
H       18.9522667450     1.1609137995     5.7411171911
H       20.2334445032     0.9217200064     6.9400878331
H       21.4053467444     3.8700151598     6.7721309015
H       21.1075284371     3.0252103291     8.2967670032
H       20.3525837870     4.5971620835     7.9967862519
Si       16.4637389906     3.4634777135     4.3670192940
O       16.2700487130     5.0363818749     4.7959317995
O       17.9555567581     3.0034423403     3.8632721409
O       15.3492244777     2.9516033536     3.2904116298
O       16.0886587164     2.5594782549     5.6616606413
Si       16.5131755781     6.6338669014     4.4122650496
Si       13.9588913677     2.5279937653     2.5308172390
Si       18.8569880712     2.5284154902     2.5550350941
Si       15.7404992958     1.1633030024     6.4276886686
H       17.9114744907     6.8504123265     3.9029074531
H       15.5696678282     6.9783730231     3.3034564233
H       16.3028979305     7.4770717527     5.6174387562
H       12.8134314328     3.2721561687     3.1009511314
H       13.9501708247     2.8198312344     1.0452562903
H       18.4473834855     3.3374139990     1.3622698345
H       13.7415351036     1.0778185536     2.7341824789
H       18.5505637269     1.1103129826     2.3055920587
H       16.4240314990     0.9080615159     7.7846074355
H       14.2572457037     1.0060526792     6.6869260613
H       20.3327862749     2.7053692899     2.7695240803
H       16.1768765173     0.0771710498     5.5268819477
32
# Point 4 Energy = 0.0
C       20.6382681070     3.6487346908     7.5322306026
H       18.9720106600     3.6198771452     6.1670469726
C       19.4369487290     2.9494818453     6.9001405100
H       18.6778261608     2.7565577952     7.6691399953
H       20.5789671246     1.8014376345     5.4495355049
C       19.8141354919     1.6351012943     6.2186246090
H       18.9490344685     1.1628435482     5.7383408130
H       20.2278865196     0.9218876377     6.9398169760
H       21.4023972915     3.8675721667     6.7769991850
H       21.1002317594     3.0208872863     8.2996350546
H       20.3486139131     4.5946229093     8.0009834305
Si       16.4751276759     3.4842917923     4.3542477156
O       16.2582839658     5.0499292617     4.8120278823
O       17.9581640045     2.9828525897     3.8612789465
O       15.3378537639     2.9430126560     3.3196700250
O       16.0862199116     2.5573112175     5.6241141188
Si       16.5247370422     6.6460303908     4.4159513620
Si       13.9584233742     2.5080365553     2.5511822312
Si       18.8637262828     2.5319930378     2.5439576759
Si       15.7366470626     1.1776843423     6.4061674233
H       17.9262841042     6.8436771666     3.9001859230
H       15.5836864601     6.9891059482     3.3078648125
H       16.3262600227     7.4751036231     5.6207730747
H       12.8051315872     3.2446587566     3.1127886858
H       13.9420723227     2.7904485301     1.0577066053
H       18.4504332530     3.3498329285     1.3544533833
H       13.7639332801     1.0609361528     2.7631591780
H       18.5575740355     1.1214345150     2.2943637279
H       16.4164884669     0.9103054523     7.7747100761
H       14.2520085572     1.0230872145     6.6758654509
H       20.3320863776     2.7210522842     2.7682495332
H       16.1665188239     0.0835136311     5.5159538754
32
# Point 5 Energy = 0.0
C       20.6314327264     3.6467256218     7.5366349885
H       18.9689460609     3.6216033058     6.1664680323
C       19.4311165728     2.9498727470     6.9001224193
H       18.6694402126     2.7562996290     7.6663945248
H       20.5768588233     1.8034440981     5.4515189163
C       19.8095876832     1.6362440442     6.2180814409
H       18.9456256405     1.1652557753     5.7348959066
H       20.2211722649     0.9224100813     6.9398771979
H       21.3980186374     3.8656602957     6.7838908313
H       21.0903644439     3.0166828457     8.3040481097
H       20.3421152653     4.5921726940     8.0065164201
Si       16.4873292558     3.5055756329     4.3394825105
O       16.2483871657     5.0631128257     4.8264242758
O       17.9598190628     2.9631941199     3.8553375785
O       15.3259448889     2.9376915022     3.3500827158
O       16.0848708308     2.5557621037     5.5837146146
Si       16.5406754620     6.6573797633     4.4196199712
Si       13.9573060095     2.4846110738     2.5772230406
Si       18.8714531192     2.5380187059     2.5302881646
Si       15.7313215830     1.1930794449     6.3807177384
H       17.9452256048     6.8342341201     3.8969126601
H       15.6019440792     7.0018941607     3.3132644022
H       16.3557256734     7.4710798056     5.6249949146
H       12.7949316365     3.2103475725     3.1317299988
H       13.9285623861     2.7540539312     1.0753915507
H       18.4554470065     3.3649324575     1.3439420191
H       13.7915309980     1.0408443588     2.8013172992
H       18.5669842682     1.1348806034     2.2795301268
H       16.4061023988     0.9117828722     7.7610609780
H       14.2449847983     1.0438411797     6.6602755016
H       20.3317196451     2.7399285398     2.7666293791
H       16.1530363962     0.0906860883     5.5007771321
32
# Point 6 Energy = 0.0
C       20.6224429966     3.6454335231     7.5423555806
H       18.9649747228     3.6237992646     6.1657383294
C       19.4239139442     2.9507504339     6.9002458098
H       18.6590643563     2.7561679933     7.6630593989
H       20.5750087672     1.8065169638     5.4544949315
C       19.8046704822     1.6381011806     6.2178033584
H       18.9424308098     1.1682127864     5.7308687942
H       20.2136492111     0.9236457684     6.9404427048
H       21.3920782620     3.8648118387     6.7928242469
H       21.0778446536     3.0131982392     8.3100571794
H       20.3327669557     4.5902697774     8.0132755150
Si       16.5004603022     3.5269009115     4.3225280936
O       16.2403903793     5.0754844213     4.8389886936
O       17.9607219086     2.9441566762     3.8452535661
O       15.3138199597     2.9356060214     3.3812666320
O       16.0844751549     2.5544686137     5.5401961609
Si       16.5609687539     6.6674299683     4.4232991098
Si       13.9553866685     2.4584256423     2.6093264881
Si       18.8804785318     2.5460615386     2.5140347306
Si       15.7243136374     1.2090812281     6.3509638564
H       17.9682372014     6.8217394098     3.8932914163
H       15.6245980742     7.0162932566     3.3195590877
H       16.3909443152     7.4643249887     5.6301050384
H       12.7833429243     3.1700821987     3.1591757548
H       13.9087377677     2.7115003198     1.0989609738
H       18.4629653389     3.3822943538     1.3306693750
H       13.8238563860     1.0186435459     2.8485743968
H       18.5789602444     1.1502563882     2.2611033012
H       16.3923946991     0.9119933321     7.7433208354
H       14.2359451028     1.0679401073     6.6395980508
H       20.3319092461     2.7613627070     2.7648492537
H       16.1362288421     0.0983486012     5.4809346960
32
# Point 7 Energy = 0.0
C       20.6112130158     3.6453268819     7.5492961618
H       18.9600692443     3.6265629518     6.1647290870
C       19.4153953369     2.9523447700     6.9004451011
H       18.6467712293     2.7563382213     7.6590541073
H       20.5736827107     1.8109439525     5.4585476994
C       19.7996633433     1.6409050522     6.2178574138
H       18.9398262909     1.1717734314     5.7263470384
H       20.2056849370     0.9259507799     6.9416477588
H       21.3844692528     3.8655518216     6.8037154047
H       21.0626636786     3.0110361616     8.3176243388
H       20.3203194985     4.5893775802     8.0210721714
Si       16.5145852710     3.5478440686     4.3032474271
O       16.2342500899     5.0865865726     4.8496369936
O       17.9610243713     2.9254376100     3.8308948987
O       15.3017940369     2.9366420605     3.4128566099
O       16.0848576517     2.5530789110     5.4933458871
Si       16.5855304859     6.6756790860     4.4270867316
Si       13.9526195178     2.4301872447     2.6477811861
Si       18.8910607240     2.5556784873     2.4952791201
Si       15.7153766095     1.2253087986     6.3165878986
H       17.9951978095     6.8058401526     3.8895960741
H       15.6517652920     7.0318452505     3.3267296174
H       16.4314877536     7.4541371420     5.6361722283
H       12.7710009792     3.1248053874     3.1963709482
H       13.8819324668     2.6636183151     1.1290592545
H       18.4734806746     3.4014858437     1.3146415072
H       13.8605064678     0.9954514140     2.9046067658
H       18.5936140725     1.1671575304     2.2391866939
H       16.3748402399     0.9104729111     7.7211918614
H       14.2246379269     1.0950415632     6.6133482275
H       20.3328156380     2.7846991651     2.7631505409
H       16.1158439831     0.1061928810     5.4560586053
32
# Point 8 Energy = 0.0
C       20.5976943330     3.6468589301     7.5573024293
H       18.9542065003     3.6299896476     6.1633000421
C       19.4056325523     2.9548792809     6.9006327150
H       18.6326728780     2.7569846772     7.6542955718
H       20.5731100604     1.8169984107     5.4637177043
C       19.7948317863     1.6448791659     6.2182865226
H       18.9381598823     1.1759944454     5.7214201701
H       20.1976452000     0.9296694979     6.9435933200
H       21.3751010780     3.8683844370     6.8164026424
H       21.0448652223     3.0107800876     8.3266432279
H       20.3045826710     4.5899472250     8.0296618334
Si       16.5297192895     3.5680019713     4.2815574253
O       16.2298640231     5.0959701944     4.8583284818
O       17.9608299395     2.9067561841     3.8121770766
O       15.2901696435     2.9406161368     3.4445114360
O       16.0858165451     2.5512655708     5.4430014565
Si       16.6142281470     6.6816227227     4.4311424484
Si       13.9490659781     2.4005735812     2.6927871379
Si       18.9033936707     2.5664304315     2.4741528832
Si       15.7042499541     1.2414203119     6.2773247818
H       18.0259415979     6.7861807655     3.8861447365
H       15.6835275622     7.0480952735     3.3348380136
H       16.4768846205     7.4398061659     5.6433254801
H       12.7586654335     3.0755084281     3.2443948393
H       13.8477062234     2.6111920903     1.1663470662
H       18.4874175479     3.4220804088     1.2959218862
H       13.9011672710     0.9723414683     2.9688681396
H       18.6109883297     1.1851859641     2.2139485310
H       16.3529038584     0.9068056320     7.6944027350
H       14.2108183298     1.1248468112     6.5811245618
H       20.3345257501     2.8092766538     2.7617934318
H       16.0915947212     0.1139594287     5.4258166326
32
# Point 9 Energy = 0.0
C       20.5818643463     3.6504622122     7.5661799737
H       18.9473620839     3.6341691797     6.1613106017
C       19.3947061027     2.9585670202     6.9007109698
H       18.6169092190     2.7582735485     7.6487073540
H       20.5734810679     1.8249418223     5.4700146387
C       19.7904216396     1.6502375951     6.2191196634
H       18.9377473761     1.1809308345     5.7161855265
H       20.1898852650     0.9351326641     6.9463576367
H       21.3638908257     3.8737906200     6.8306674356
H       21.0245305211     3.0129873876     8.3369579055
H       20.2854120375     4.5924095582     8.0387629127
Si       16.5458305484     3.5869922124     4.2574286119
O       16.2270836473     5.1031984883     4.8650624636
O       17.9601944102     2.8878563073     3.7890528865
O       15.2792301164     2.9472775181     3.4759205847
O       16.0871372600     2.5487251846     5.3890541110
Si       16.6468896796     6.6847529336     4.4356732439
Si       13.9448881708     2.3702368473     2.7444535600
Si       18.9175977309     2.5778861623     2.4508202973
Si       15.6906857338     1.2571122196     6.2329662996
H       18.0602582280     6.7623975310     3.8832661190
H       15.7199240032     7.0645855553     3.3440258003
H       16.5266407618     7.4206195947     5.6517359600
H       12.7472246868     3.0232329299     3.3041459966
H       13.8058401370     2.5549977622     1.2115134095
H       18.5051162037     3.4436636858     1.2746216747
H       13.9455953240     0.9503165335     3.0405750124
H       18.6310455251     1.2039528411     2.1856030309
H       16.3260799981     0.9006249522     7.6627040420
H       14.1942803482     1.1570966773     6.5426275079
H       20.3370450707     2.8344334965     2.7610287480
H       16.0631825310     0.1214401247     5.3899113818
32
# Point 10 Energy = 0.0
C       20.5641097322     3.6570322252     7.5754064024
H       18.9395913839     3.6391404953     6.1586941286
C       19.3830617799     2.9637745213     6.9006694925
H       18.6002026821     2.7605307442     7.6425228722
H       20.5751818178     1.8351293617     5.4774621085
C       19.7870879470     1.6572937046     6.2206188921
H       18.9392719193     1.1865103332     5.7112669727
H       20.1834585202     0.9429650611     6.9502841452
H       21.3509472808     3.8827107569     6.8457355338
H       21.0024375281     3.0188873435     8.3480920830
H       20.2630363094     4.5976929120     8.0476638342
Si       16.5625196808     3.6036582259     4.2314986385
O       16.2252735096     5.1071117307     4.8702780633
O       17.9588121394     2.8678704829     3.7619236743
O       15.2688320272     2.9551624315     3.5078111041
O       16.0887080157     2.5445191661     5.3323492888
Si       16.6824927081     6.6838035969     4.4409433162
Si       13.9403384469     2.3414526102     2.8011077721
Si       18.9331686458     2.5889061485     2.4257468312
Si       15.6750063734     1.2715458236     6.1845906227
H       18.0969371428     6.7334983885     3.8809627378
H       15.7598239106     7.0797363233     3.3546730290
H       16.5795799411     7.3953138918     5.6615133519
H       12.7377725518     2.9714218031     3.3739222158
H       13.7587716095     2.4998271718     1.2637579922
H       18.5258782468     3.4648323683     1.2511080957
H       13.9913933901     0.9315959663     3.1148681419
H       18.6532973536     1.2222646077     2.1549907347
H       16.2948493981     0.8914195053     7.6270007147
H       14.1755133732     1.1907821219     6.4992698617
H       20.3397664444     2.8590886658     2.7610103224
H       16.0308587905     0.1278235109     5.3494223858
32
# Point 11 Energy = 0.0
C       20.5447029252     3.6645344492     7.5852263881
H       18.9312313503     3.6446872868     6.1555310832
C       19.3705169425     2.9696091583     6.9003026117
H       18.5821562511     2.7630340936     7.6354021991
H       20.5773657652     1.8465639933     5.4853406689
C       19.7837881934     1.6652191678     6.2219405078
H       18.9413826204     1.1927409974     5.7055132872
H       20.1767760464     0.9517035374     6.9542172274
H       21.3367742974     3.8929369422     6.8620059773
H       20.9783562020     3.0257602950     8.3600329563
H       20.2383479202     4.6037352811     8.0570562907
Si       16.5801114082     3.6203738827     4.2034675495
O       16.2248660948     5.1104822334     4.8739201239
O       17.9577767404     2.8484161904     3.7320358341
O       15.2596061031     2.9664498104     3.5370504788
O       16.0897253587     2.5404413893     5.2722979015
Si       16.7214942916     6.6818689681     4.4467043066
Si       13.9354189254     2.3103423219     2.8638760108
Si       18.9508183928     2.6011636290     2.3994831551
Si       15.6563635479     1.2861497050     6.1313760232
H       18.1370985933     6.7026843256     3.8800157362
H       15.8043407624     7.0961507189     3.3657235504
H       16.6355291502     7.3675362424     5.6722851727
H       12.7294350931     2.9154057213     3.4544603227
H       13.7029634723     2.4368311291     1.3231273091
H       18.5505826625     3.4880462773     1.2264035475
H       14.0424735224     0.9122756045     3.1985168716
H       18.6777039008     1.2420572354     2.1220066127
H       16.2583093665     0.8805344567     7.5867090119
H       14.1534941292     1.2266433270     6.4496044410
H       20.3438488726     2.8842519924     2.7620053817
H       15.9946216976     0.1346716367     5.3035268211
32
# Point 12 Energy = 0.0
C       20.5111203899     3.6796330710     7.6053576435
H       18.9196428848     3.6503007219     6.1506297140
C       19.3523584211     2.9775211764     6.9013927474
H       18.5540239445     2.7637220509     7.6237300651
H       20.5898904199     1.8660744015     5.5037469442
C       19.7862234990     1.6773125051     6.2277499393
H       18.9554417260     1.1991777211     5.6978958878
H       20.1737205849     0.9663991707     6.9654870410
H       21.3127043283     3.9146550663     6.8946097009
H       20.9373352997     3.0422001812     8.3854220557
H       20.1914352523     4.6158327067     8.0745382559
Si       16.6095091466     3.6262092342     4.1564067231
O       16.2264840607     5.1002647313     4.8571462917
O       17.9734550944     2.8247459215     3.6900632150
O       15.2696905413     2.9659436123     3.5393292412
O       16.0984948444     2.5238637351     5.1881084917
Si       16.7617924161     6.6674405070     4.4388707668
Si       13.9045238657     2.2968103578     2.9645014532
Si       18.9975675955     2.6140693045     2.3704824736
Si       15.6414941601     1.2866702460     6.0488367248
H       18.1817964833     6.6639051249     3.8752741624
H       15.8570469627     7.1001245454     3.3577121750
H       16.6815931269     7.3240202762     5.6697708837
H       12.7381836446     2.9123372194     3.6229479525
H       13.5558962262     2.3838962934     1.4319060419
H       18.6113398128     3.5112430010     1.1962244630
H       14.0468807196     0.9125103748     3.3238687749
H       18.7387405142     1.2617112460     2.0830680501
H       16.2141072660     0.8550134809     7.5209677575
H       14.1332342233     1.2456938814     6.3591251259
H       20.3721051612     2.9145508304     2.7727183705
H       15.9701479843     0.1294493037     5.2292762269
32
# Point 13 Energy = 0.0
C       20.4920333138     3.7021496617     7.6133509881
H       18.9110413521     3.6570359239     6.1471273501
C       19.3438885335     2.9894893941     6.9025365243
H       18.5419881104     2.7701295452     7.6192504490
H       20.6012759707     1.8862105624     5.5163322108
C       19.7939156051     1.6917049838     6.2348385736
H       18.9710903221     1.2054161884     5.7002170853
H       20.1825520903     0.9862497681     6.9772150819
H       21.2968094389     3.9421539373     6.9078138219
H       20.9177619974     3.0690719774     8.3972288837
H       20.1620641325     4.6365693116     8.0791081428
Si       16.6261750319     3.6245686557     4.1307472497
O       16.2219116057     5.0834779158     4.8606871927
O       17.9712334558     2.7931831673     3.6574158408
O       15.2615646181     2.9598198890     3.5775270602
O       16.1032345636     2.5037305059     5.1315925421
Si       16.7946662667     6.6442336385     4.4452372472
Si       13.8904339069     2.2954594838     3.0172165256
Si       19.0166156819     2.6153593349     2.3456608358
Si       15.6269702471     1.2866566041     5.9996874095
H       18.2136716467     6.6134070055     3.8722398949
H       15.8938569381     7.0952990769     3.3714326771
H       16.7309617962     7.2730675067     5.6807798665
H       12.7353966686     2.9048756412     3.6992688133
H       13.5024127017     2.3850932356     1.4875124652
H       18.6365871551     3.5197782496     1.1707150768
H       14.0517512797     0.9157385318     3.3667552400
H       18.7696647200     1.2691789085     2.0541949922
H       16.1799420081     0.8308957563     7.4842592475
H       14.1160096027     1.2685988993     6.3143152270
H       20.3741513531     2.9331680129     2.7770808995
H       15.9363484854     0.1215307267     5.1878199449
32
# Point 14 Energy = 0.0
C       20.4576959252     3.7208564739     7.6288171436
H       18.8976237715     3.6648898543     6.1400247414
C       19.3248595672     3.0003017436     6.9012959116
H       18.5143471277     2.7738387054     7.6061635125
H       20.6110192003     1.9084302744     5.5324702034
C       19.7949221376     1.7066474301     6.2392909138
H       18.9836210978     1.2141747955     5.6929041311
H       20.1790184234     1.0044456293     6.9871141897
H       21.2706525172     3.9673344983     6.9347761374
H       20.8770483887     3.0897675427     8.4177531606
H       20.1147568051     4.6523366133     8.0913152416
Si       16.6523115592     3.6310180944     4.0857364831
O       16.2252802475     5.0721408109     4.8472279122
O       17.9792096793     2.7700968748     3.6095508904
O       15.2666828568     2.9697039949     3.5860678664
O       16.1080729070     2.4901230539     5.0476513052
Si       16.8432461069     6.6257484191     4.4459978933
Si       13.8739923544     2.2745867072     3.1210392098
Si       19.0561074732     2.6275558205     2.3146653375
Si       15.6019638984     1.2917328694     5.9143806413
H       18.2643486494     6.5659263959     3.8728009970
H       15.9553515776     7.1032726534     3.3757825226
H       16.7887823088     7.2206187884     5.6881891780
H       12.7527933337     2.8794539830     3.8624065347
H       13.3754890911     2.3190601851     1.6104615069
H       18.6941695473     3.5440395115     1.1389644335
H       14.0901950586     0.9115458011     3.4906394768
H       18.8205234970     1.2891525334     2.0126816228
H       16.1217505671     0.8039578446     7.4133330690
H       14.0863251626     1.3015061225     6.2224096789
H       20.3927793485     2.9577855403     2.7877353704
H       15.8930404141     0.1212524351     5.1075181436
32
# Point 15 Energy = 0.0
C       20.4343866672     3.7552299507     7.6371959618
H       18.8875849792     3.6730021457     6.1351394795
C       19.3172156624     3.0171590990     6.9027331481
H       18.5035914266     2.7819502640     7.6011753679
H       20.6304203095     1.9383013711     5.5493025834
C       19.8109530054     1.7275845262     6.2497847081
H       19.0111647175     1.2219255989     5.6985275730
H       20.1986551695     1.0341229938     7.0039415048
H       21.2499824588     4.0098691250     6.9491068978
H       20.8553745673     3.1319777840     8.4315205593
H       20.0757628620     4.6837377846     8.0940827236
Si       16.6710393824     3.6160802276     4.0565091024
O       16.2194435461     5.0392486182     4.8464795531
O       17.9799943057     2.7313200376     3.5703141050
O       15.2652547954     2.9533216150     3.6211013517
O       16.1160398045     2.4573934020     4.9856856321
Si       16.8752135307     6.5855302320     4.4530235860
Si       13.8496959518     2.2925795761     3.1804767157
Si       19.0831752546     2.6236935996     2.2899280103
Si       15.5881230325     1.2793346901     5.8566295983
H       18.2944980393     6.5000701221     3.8710314044
H       15.9929061816     7.0843253945     3.3909791617
H       16.8341011420     7.1483881421     5.7001518806
H       12.7605851886     2.9089824003     3.9590707062
H       13.2979145767     2.3572839181     1.6817030163
H       18.7309862039     3.5465304790     1.1119810846
H       14.0612858214     0.9280931366     3.5281557709
H       18.8631304972     1.2911170859     1.9836359784
H       16.0824543381     0.7654415157     7.3677251544
H       14.0700273813     1.3145539208     6.1663677162
H       20.3981512871     2.9726863994     2.7976920465
H       15.8588685141     0.1024668442     5.0560132779
