32
# Point -15 Energy = 0.0
C       20.5889792794     3.8173134661     7.4090145033
H       19.4540566430     3.4389083451     5.8115494441
C       19.3126573586     3.0554506915     6.8216302350
H       19.1998838850     2.5202617959     7.7548900580
H       20.9006150997     1.8094360370     6.3294300182
C       19.8201913052     1.6493883610     6.2171275505
H       18.8242167928     1.3469479298     6.4822210166
H       20.5278252476     0.8682622657     6.5846177264
H       21.4006568507     3.1221734218     7.1556185790
H       21.5119936620     3.5062954274     7.9541658070
H       19.8148488119     4.2139049320     8.0411447778
Si       16.3789607709     3.4389025734     4.3545320969
O       16.2530081289     5.0276358886     4.6991817651
O       17.8889168336     3.1141682245     3.7990257580
O       15.3227864439     3.0217202176     3.1748847007
O       16.0613710014     2.6028195108     5.7178605074
Si       16.4297579696     6.6285563115     4.3621907107
Si       13.9048217630     2.5775068059     2.4649673454
Si       18.7839061505     2.5860655731     2.5213452738
Si       15.7157458703     1.1546231892     6.4319596620
H       17.8136420273     6.8988790869     3.8622095133
H       15.4701358597     6.9886885413     3.2624685257
H       16.1961585274     7.5056833850     5.5757342807
H       12.7667422345     3.3157859698     3.0639706414
H       13.8923798833     2.8761981420     0.9993132051
H       18.3802346650     3.3672335778     1.3213462662
H       13.6667130297     1.1149958969     2.6656528426
H       18.4961772753     1.1416216718     2.2665569320
H       16.4104662931     0.9304716448     7.7514750983
H       14.2363185658     0.9960889001     6.6634596700
H       20.2795651237     2.7418735266     2.7126645465
H       16.1642472472     0.0954406892     5.4949563023
32
# Point -14 Energy = 0.0
C       20.5937345170     3.8042630899     7.4176545115
H       19.4398150476     3.4874860298     5.8316562623
C       19.3217702933     3.0504694767     6.8233249131
H       19.1720945294     2.5428552743     7.7679699846
H       20.9011507640     1.8366188473     6.2982526029
C       19.8224397046     1.6521744386     6.2100963937
H       18.8227172599     1.3409077236     6.4564089161
H       20.5152977614     0.8680441281     6.5947487858
H       21.3941233548     3.1174205618     7.1117351918
H       21.4988019732     3.4750020550     7.9789037461
H       19.8301263190     4.2144235397     8.0560928752
Si       16.3812478256     3.4371014316     4.3550514118
O       16.2555730042     5.0259931355     4.6990785986
O       17.8907973680     3.1119750115     3.7993849892
O       15.3245958071     3.0195332173     3.1759197233
O       16.0638436800     2.6015231620     5.7189339832
Si       16.4324822696     6.6267267280     4.3613430699
Si       13.9064014470     2.5752326535     2.4666040989
Si       18.7855757199     2.5830398065     2.5216244491
Si       15.7181559824     1.1538502506     6.4336683527
H       17.8162677121     6.8966241036     3.8608619461
H       15.4726098145     6.9865305122     3.2617287010
H       16.1993501733     7.5044236138     5.5745681302
H       12.7685906290     3.3139385862     3.0656069202
H       13.8935774374     2.8732815735     1.0008226731
H       18.3816174484     3.3638108229     1.3213818183
H       13.6681216964     1.1128410151     2.6679955559
H       18.4974991455     1.1385915516     2.2675241155
H       16.4132539311     0.9301100694     7.7531048591
H       14.2388171423     0.9955868461     6.6656587463
H       20.2812421573     2.7387782439     2.7124454829
H       16.1662886848     0.0941445003     5.4970135516
32
# Point -13 Energy = 0.0
C       20.5990856361     3.7961915751     7.4245593182
H       19.3961877725     3.5137518365     5.8433847130
C       19.3325455478     3.0461652711     6.8265796541
H       19.1280748453     2.5494776509     7.7679841063
H       20.9006263548     1.8623917233     6.2621956641
C       19.8240589634     1.6554098178     6.2035650712
H       18.8218895845     1.3353083695     6.4348449081
H       20.5031337279     0.8691318584     6.6040846596
H       21.3900640573     3.1238219367     7.0668560778
H       21.4868184676     3.4504646831     8.0004513637
H       19.8460139506     4.2177031905     8.0702592061
Si       16.3853990223     3.4358588852     4.3568788381
O       16.2600082309     5.0249377449     4.7001512391
O       17.8945790940     3.1102647744     3.8011977520
O       15.3283547177     3.0178372454     3.1782107670
O       16.0680545966     2.6008978851     5.7213547094
Si       16.4371374787     6.6254543726     4.3615622639
Si       13.9099779936     2.5734258063     2.4694176523
Si       18.7892364159     2.5803789325     2.5234696315
Si       15.7222169607     1.1538113004     6.4368084158
H       17.8208696232     6.8948583256     3.8606706818
H       15.4771096624     6.9848655611     3.2619519723
H       16.2043949244     7.5038190623     5.5743823922
H       12.7724039102     3.3126289352     3.0682719230
H       13.8968953784     2.8707199164     1.0034854284
H       18.3851036575     3.3606690804     1.3228912949
H       13.6714798684     1.1111744337     2.6716083900
H       18.5008011054     1.1359134032     2.2701458731
H       16.4175829590     0.9305695373     7.7562381867
H       14.2429449376     0.9958684759     6.6691838224
H       20.2848984166     2.7360298087     2.7138993711
H       16.1700327388     0.0935006005     5.5006200127
32
# Point -12 Energy = 0.0
C       20.6039699471     3.7885910190     7.4317579677
H       19.3595883942     3.5401774770     5.8589765343
C       19.3426941785     3.0428137201     6.8299232259
H       19.0887996505     2.5605162012     7.7680030526
H       20.9004605674     1.8764953101     6.2208755416
C       19.8246340580     1.6592044133     6.1979885235
H       18.8220501861     1.3210548449     6.4079382022
H       20.4886517873     0.8710242261     6.6158026309
H       21.3878696382     3.1356770215     7.0260530601
H       21.4723709654     3.4249351100     8.0230056251
H       19.8635285361     4.2237986997     8.0850924513
Si       16.3890320579     3.4349419505     4.3585723520
O       16.2636616486     5.0242149863     4.7009589708
O       17.8979299014     3.1090643814     3.8030059673
O       15.3317402653     3.0162173235     3.1803271037
O       16.0717795739     2.6006562259     5.7236839465
Si       16.4407924113     6.6245148229     4.3614057367
Si       13.9132973873     2.5714271105     2.4719923965
Si       18.7926338621     2.5782638660     2.5254134110
Si       15.7259612358     1.1541595064     6.4399446789
H       17.8244649773     6.8935955174     3.8601785040
H       15.4806306633     6.9833038928     3.2617060610
H       16.2082232632     7.5036051902     5.5737369009
H       12.7758071289     3.3110019518     3.0705620848
H       13.9000129974     2.8678516683     1.0058861034
H       18.3882918851     3.3579195388     1.3244116383
H       13.6747873107     1.1092961058     2.6750782444
H       18.5040746693     1.1337186192     2.2729578395
H       16.4215382436     0.9316230267     7.7594324503
H       14.2467639505     0.9963323071     6.6726154433
H       20.2882548300     2.7340666227     2.7155428705
H       16.1736844281     0.0932393428     5.5043358411
32
# Point -11 Energy = 0.0
C       20.6045997896     3.7837568597     7.4425716459
H       19.3215630993     3.5660936000     5.8796236243
C       19.3491246291     3.0416693650     6.8365179651
H       19.0468525718     2.5759486669     7.7698575855
H       20.9033585625     1.8421993014     6.1384707425
C       19.8216613849     1.6647216897     6.1971289776
H       18.8290756967     1.2637184165     6.3416061379
H       20.4697606509     0.8789139597     6.6399813879
H       21.4095136111     3.1801116482     7.0034483755
H       21.4509785660     3.4005620637     8.0503876384
H       19.9032426295     4.2578883089     8.1138333600
Si       16.3909268041     3.4348269672     4.3609302165
O       16.2650354719     5.0244014253     4.7017296266
O       17.9000544215     3.1087023753     3.8068498804
O       15.3344312659     3.0147850340     3.1823908638
O       16.0727720456     2.6016790585     5.7267279163
Si       16.4421889236     6.6243846994     4.3607575108
Si       13.9165811977     2.5691195456     2.4735080103
Si       18.7959480213     2.5766523314     2.5303343769
Si       15.7266150799     1.1559861342     6.4440529199
H       17.8261726474     6.8931790481     3.8602387866
H       15.4827452870     6.9819817452     3.2600401225
H       16.2086473072     7.5046178411     5.5720757637
H       12.7785595902     3.3091055487     3.0705728720
H       13.9042610136     2.8641213257     1.0071065486
H       18.3922647186     3.3551557558     1.3282823002
H       13.6781279653     1.1071473816     2.6778408450
H       18.5077076384     1.1318864933     2.2790516167
H       16.4213472041     0.9347646724     7.7642568220
H       14.2473259970     0.9981214267     6.6758545574
H       20.2913450131     2.7329211457     2.7213421809
H       16.1751917951     0.0941781650     5.5097941821
32
# Point -10 Energy = 0.0
C       20.6041493058     3.7724556313     7.4548311804
H       19.2833889365     3.5845322258     5.9032225142
C       19.3541995614     3.0349111520     6.8441603286
H       19.0041494418     2.5870657113     7.7707717098
H       20.8931861417     1.8192819100     6.0506445178
C       19.8164069380     1.6645009915     6.1971599562
H       18.8304604063     1.2250425307     6.2678881206
H       20.4473064829     0.8837185334     6.6693056403
H       21.4514274391     3.2578875486     6.9835054174
H       21.4215424873     3.3586869744     8.0793295529
H       19.9651523653     4.3169741565     8.1369328064
Si       16.3925002666     3.4325306209     4.3636484905
O       16.2669216481     5.0222499871     4.7038938063
O       17.9018408247     3.1056385345     3.8113200281
O       15.3369324502     3.0125940010     3.1841919133
O       16.0725091749     2.5997878012     5.7294655246
Si       16.4451568768     6.6220410397     4.3626415085
Si       13.9196403831     2.5673727759     2.4740035175
Si       18.7990183208     2.5726696973     2.5358128375
Si       15.7249251154     1.1546204039     6.4467658298
H       17.8297711842     6.8900669654     3.8634590968
H       15.4869987551     6.9797576934     3.2608405873
H       16.2107754068     7.5027366556     5.5734649418
H       12.7813352537     3.3080407954     3.0696959207
H       13.9089324007     2.8619493572     1.0075041175
H       18.3968435361     3.3510713674     1.3331077184
H       13.6803102864     1.1055636988     2.6785181923
H       18.5103197874     1.1280247509     2.2846342416
H       16.4182554949     0.9334112475     7.7677585118
H       14.2453771884     0.9974384596     6.6771154875
H       20.2942213966     2.7283886919     2.7282855567
H       16.1740253428     0.0922900899     5.5132857865
32
# Point -9 Energy = 0.0
C       20.6057615369     3.7600947215     7.4665719003
H       19.2474131916     3.5994242755     5.9283917108
C       19.3611371712     3.0269818925     6.8519027745
H       18.9645380461     2.5985940051     7.7701765835
H       20.8764165237     1.8110703288     5.9712176386
C       19.8126849230     1.6629466585     6.1976706083
H       18.8311506166     1.2045690813     6.2014784262
H       20.4253960322     0.8872802979     6.6981105362
H       21.4753259452     3.3297189872     6.9535821565
H       21.3913992967     3.3142304566     8.1068979563
H       20.0132225283     4.3658051400     8.1410284590
Si       16.3955262909     3.4298481900     4.3670902266
O       16.2704846154     5.0196600529     4.7071079502
O       17.9049426013     3.1021403759     3.8161729474
O       15.3406273316     3.0103484803     3.1868313044
O       16.0738666036     2.5972840243     5.7328255289
Si       16.4499007385     6.6193052602     4.3658486065
Si       13.9237187427     2.5658504203     2.4755137329
Si       18.8031130837     2.5684036712     2.5414085563
Si       15.7248418453     1.1525416731     6.4498889191
H       17.8350790854     6.8865176104     3.8677987291
H       15.4928620451     6.9774477996     3.2632102815
H       16.2149926738     7.5002565427     5.5763876244
H       12.7853164538     3.3072023860     3.0701840804
H       13.9143828894     2.8602817277     1.0089759766
H       18.4023047334     3.3469727218     1.3382740811
H       13.6834009085     1.1041902544     2.6799747084
H       18.5137630375     1.1239571650     2.2901117619
H       16.4169911987     0.9310239685     7.7714991210
H       14.2450632495     0.9961485928     6.6790296061
H       20.2981720868     2.7233842795     2.7350997882
H       16.1741845741     0.0898209585     5.5169030789
32
# Point -8 Energy = 0.0
C       20.6087526440     3.7477838877     7.4772276021
H       19.2130136661     3.6115401236     5.9544187912
C       19.3693179852     3.0187913396     6.8592663289
H       18.9274636343     2.6114608369     7.7676755202
H       20.8553215686     1.8093235308     5.8978798383
C       19.8102093941     1.6609478825     6.1984454253
H       18.8332449794     1.1929401595     6.1404426825
H       20.4038930248     0.8903414188     6.7258530622
H       21.4867577484     3.3951796667     6.9213347848
H       21.3617943798     3.2723853939     8.1327220437
H       20.0529092210     4.4054774283     8.1361351257
Si       16.3993367591     3.4271442784     4.3707486632
O       16.2749206599     5.0170254206     4.7106788404
O       17.9087177335     3.0986373296     3.8209323265
O       15.3448776473     3.0081835368     3.1898567239
O       16.0762550013     2.5946654873     5.7364016732
Si       16.4554769618     6.6165463085     4.3694959563
Si       13.9282122877     2.5644820967     2.4776458580
Si       18.8076301302     2.5642107864     2.5467024784
Si       15.7259042346     1.1503022592     6.4531884960
H       17.8411276720     6.8829602832     3.8723357285
H       15.4993547191     6.9752089736     3.2662286640
H       16.2202855722     7.4976687249     5.5798590501
H       12.7898378136     3.3064921061     3.0715635642
H       13.9199755758     2.8588745998     1.0110939210
H       18.4079726166     3.3430402670     1.3432721601
H       13.6869230370     1.1029601724     2.6819912086
H       18.5175585760     1.1199859326     2.2952367889
H       16.4171193939     0.9283701887     7.7752680262
H       14.2459372981     0.9947039866     6.6813895818
H       20.3025830364     2.7184156929     2.7413397864
H       16.1752956282     0.0872519007     5.5205346595
32
# Point -7 Energy = 0.0
C       20.6125654015     3.7355979675     7.4867828901
H       19.1797996644     3.6209292633     5.9810410345
C       19.3782145495     3.0104015160     6.8661705113
H       18.8924045432     2.6256549966     7.7631925397
H       20.8305904330     1.8100873341     5.8290777733
C       19.8086846464     1.6585679335     6.1995266689
H       18.8375494905     1.1857800023     6.0831295889
H       20.3825897518     0.8931327959     6.7528251555
H       21.4905129201     3.4575160578     6.8902657411
H       21.3324316262     3.2335680920     8.1570223757
H       20.0891360170     4.4394162296     8.1264301767
Si       16.4035131496     3.4244587846     4.3744109333
O       16.2797932017     5.0143882016     4.7143763223
O       17.9127734351     3.0951677707     3.8254550438
O       15.3493181433     3.0061288530     3.1930110002
O       16.0791961615     2.5919814032     5.7399733829
Si       16.4614614498     6.6138040998     4.3733493773
Si       13.9327879742     2.5632900627     2.4800825469
Si       18.8122348904     2.5601217068     2.5515949967
Si       15.7276044164     1.1479560202     6.4564394567
H       17.8475150669     6.8794335596     3.8768955887
H       15.5061011031     6.9730716239     3.2696158154
H       16.2261742024     7.4950214408     5.5836283851
H       12.7945380315     3.3059346334     3.0734608889
H       13.9254425147     2.8577396442     1.0135375287
H       18.4135649486     3.3392953382     1.3479783176
H       13.6905370037     1.1018968200     2.6842505777
H       18.5213855500     1.1161394705     2.2999075223
H       16.4180736773     0.9255144137     7.7788730608
H       14.2474810606     0.9931577409     6.6839054691
H       20.3071111663     2.7135174261     2.7469716285
H       16.1768944091     0.0846307973     5.5239830613
32
# Point -6 Energy = 0.0
C       20.6169035554     3.7235466635     7.4952891679
H       19.1476236335     3.6276178653     6.0080746984
C       19.3875470886     3.0018267331     6.8726121358
H       18.8591055067     2.6411005569     7.7567203114
H       20.8026247746     1.8114848744     5.7640915250
C       19.8080260467     1.6558189520     6.2010019000
H       18.8445488083     1.1809426163     6.0286245995
H       20.3614668814     0.8958563279     6.7793659088
H       21.4888726841     3.5184761841     6.8618192813
H       21.3030075770     3.1976042331     8.1799981011
H       20.1242917398     4.4695001564     8.1134981971
Si       16.4078459058     3.4218097586     4.3779922785
O       16.2848846813     5.0117665620     4.7181117390
O       17.9169157402     3.0917479784     3.8296991750
O       15.3537722418     3.0042035831     3.1961794372
O       16.0824407925     2.5892503229     5.7434472420
Si       16.4676480602     6.6110965116     4.3773247964
Si       13.9372887791     2.5622950326     2.4826689634
Si       18.8167691942     2.5561515935     2.5560694516
Si       15.7296711076     1.1455220364     6.4595390602
H       17.8540497817     6.8759536875     3.8814333148
H       15.5129266473     6.9710546063     3.2732602745
H       16.2324188872     7.4923329154     5.5876048676
H       12.7992437853     3.3055520080     3.0756888747
H       13.9306686993     2.8568974427     1.0161513789
H       18.4189585334     3.3357534238     1.3523641660
H       13.6940783946     1.1010212529     2.6865916065
H       18.5250913665     1.1124333020     2.3040994919
H       16.4195450537     0.9224750591     7.7822313430
H       14.2494163533     0.9915306417     6.6864326680
H       20.3115931817     2.7087029561     2.7520210274
H       16.1787351171     0.0819761625     5.5271583772
32
# Point -5 Energy = 0.0
C       20.6215973735     3.7116426429     7.5027944850
H       19.1164424613     3.6316568200     6.0353453975
C       19.3971553163     2.9930896329     6.8785959318
H       18.8274403103     2.6577198762     7.7482549141
H       20.7717502871     1.8125329760     5.7026283299
C       19.8082374295     1.6527168575     6.2029462831
H       18.8545815859     1.1772423808     5.9764322072
H       20.3405702853     0.8986944603     6.8057466400
H       21.4830073065     3.5788612299     6.8366684142
H       21.2733072591     3.1642983550     8.2017876602
H       20.1595889035     4.4967209748     8.0980314625
Si       16.4122148338     3.4192150531     4.3814506301
O       16.2900674374     5.0091784191     4.7218394666
O       17.9210341087     3.0883970378     3.8336477954
O       15.3581396917     3.0024234549     3.1993029603
O       16.0858470594     2.5864908762     5.7467768156
Si       16.4739129434     6.6084413124     4.3813779499
Si       13.9416266266     2.5615105906     2.4853231159
Si       18.8211442641     2.5523195177     2.5601239952
Si       15.7319522304     1.1430192155     6.4624366457
H       17.8606160138     6.8725395615     3.8859271019
H       15.5197252583     6.9691737069     3.2771016127
H       16.2388747039     7.4896216048     5.5917396225
H       12.8038562086     3.3053569999     3.0781461571
H       13.9355899833     2.8563603582     1.0188529207
H       18.4240835699     3.3324321373     1.3564204459
H       13.6974574204     1.1003470195     2.6889297937
H       18.5285930504     1.1088860410     2.3078075078
H       16.4213598883     0.9192728890     7.7853038884
H       14.2515873682     0.9898401366     6.6888963514
H       20.3159370388     2.7039931775     2.7565105977
H       16.1806823820     0.0793066841     5.5300182601
32
# Point -4 Energy = 0.0
C       20.6265409082     3.6999041531     7.5093394891
H       19.0862592372     3.6331241272     6.0626806975
C       19.4069385807     2.9842238147     6.8841240856
H       18.7973448148     2.6754379890     7.7377853220
H       20.7382688712     1.8126605011     5.6446068340
C       19.8093521243     1.6492854263     6.2054147607
H       18.8678995203     1.1739550621     5.9262894682
H       20.3199524048     0.9018121930     6.8321704386
H       21.4735850265     3.6389707201     6.8151501251
H       21.2431774873     3.1335020210     8.2224859300
H       20.1956830379     4.5216056592     8.0803821206
Si       16.4165419513     3.4166937948     4.3847606354
O       16.2952548087     5.0066430831     4.7255295401
O       17.9250571938     3.0851380230     3.8372910035
O       15.3623555055     3.0008017171     3.2023468202
O       16.0893263162     2.5837238688     5.7499354489
Si       16.4801674490     6.6058576556     4.3854771635
Si       13.9457449611     2.5609438388     2.4879973795
Si       18.8253031325     2.5486490379     2.5637584948
Si       15.7343568777     1.1404687141     6.4651053324
H       17.8671291979     6.8692139622     3.8903581770
H       15.5264179046     6.9674426531     3.2810980272
H       16.2454381045     7.4869082580     5.5959968359
H       12.8083103428     3.3053540581     3.0807724507
H       13.9401632795     2.8561325114     1.0215937581
H       18.4288923168     3.3293512559     1.3601414344
H       13.7006203970     1.0998808954     2.6912183260
H       18.5318409343     1.1055198478     2.3110317451
H       16.4234150285     0.9159340295     7.7880710583
H       14.2539013903     0.9881028920     6.6912555481
H       20.3200834146     2.6994170366     2.7604544707
H       16.1826580802     0.0766432001     5.5325424388
32
# Point -3 Energy = 0.0
C       20.6316639785     3.6883517713     7.5149614268
H       19.0570994105     3.6321238072     6.0899127210
C       19.4168290467     2.9752719220     6.8891958980
H       18.7687868926     2.6941819315     7.7252932398
H       20.7024732868     1.8115000152     5.5900474699
C       19.8114065775     1.6455561843     6.2084429484
H       18.8846929223     1.1706035146     5.8780672599
H       20.2996466819     0.9053615040     6.8587844341
H       21.4610333082     3.6988367883     6.7974340512
H       21.2124996185     3.1051055423     8.2421580721
H       20.2329472717     4.5444249787     8.0607664858
Si       16.4207719293     3.4142658253     4.3879047529
O       16.3003811403     5.0041807045     4.7291586120
O       17.9289348033     3.0819969819     3.8406213724
O       15.3663736733     2.9993491239     3.2052885333
O       16.0928192747     2.5809716292     5.7529063301
Si       16.4863396894     6.6033655272     4.3895950540
Si       13.9496043513     2.5605959838     2.4906622258
Si       18.8292061470     2.5451670534     2.5669725110
Si       15.7368288786     1.1378932896     6.4675308723
H       17.8735191400     6.8660025897     3.8947065739
H       15.5329374990     6.9658730651     3.2852152818
H       16.2520252567     7.4842152757     5.6003449124
H       12.8125592458     3.3055402191     3.0835290682
H       13.9443565377     2.8562105902     1.0243433718
H       18.4333483662     3.3265318986     1.3635218441
H       13.7035342369     1.0996235137     2.6934309050
H       18.5348043833     1.1023594091     2.3137746719
H       16.4256474558     0.9124888781     7.7905234221
H       14.2563016133     0.9863346332     6.6934876561
H       20.3239907289     2.6950098290     2.7638606622
H       16.1846172542     0.0740080205     5.5347227193
32
# Point -2 Energy = 0.0
C       20.6369189443     3.6770048304     7.5196979821
H       19.0290008776     3.6287852834     6.1168818862
C       19.4267788202     2.9662836376     6.8938088020
H       18.7417523994     2.7138798582     7.7107547187
H       20.6646505890     1.8087934943     5.5390151054
C       19.8144281476     1.6415681983     6.2120489798
H       18.9051033291     1.1668577251     5.8317165493
H       20.2796561267     0.9094856285     6.8856894686
H       21.4456598735     3.7583467165     6.7835974832
H       21.1811709707     3.0790211376     8.2608471308
H       20.2716048131     4.5652989738     8.0393515812
Si       16.4248631072     3.4119509370     4.3908697347
O       16.3053927910     5.0018115205     4.7327064427
O       17.9326296735     3.0790017413     3.8436327277
O       15.3701598509     2.9980736628     3.2081126674
O       16.0962846397     2.5782571715     5.7556783827
Si       16.4923665969     6.6009849877     4.3937054939
Si       13.9531761156     2.5604626173     2.4932987497
Si       18.8328245466     2.5419024709     2.5697653887
Si       15.7393338512     1.1353164751     6.4697068269
H       17.8797229439     6.8629329149     3.8989502748
H       15.5392227631     6.9644741547     3.2894222225
H       16.2585625188     7.4815658838     5.6047531961
H       12.8165669306     3.3059056917     3.0863897799
H       13.9481447283     2.8565843203     1.0270816555
H       18.4374223248     3.3239954827     1.3665563795
H       13.7061792807     1.0995696867     2.6955537211
H       18.5374652848     1.0994307205     2.3160405096
H       16.4280192361     0.9089708842     7.7926579906
H       14.2587537737     0.9845497770     6.6955813077
H       20.3276284877     2.6908113506     2.7667335037
H       16.1865362636     0.0714240653     5.5365587173
32
# Point -1 Energy = 0.0
C       20.6422742005     3.6658781357     7.5235901036
H       19.0020099784     3.6232636937     6.1434404534
C       19.4367533602     2.9573140062     6.8979592043
H       18.7162385482     2.7344603694     7.6941419463
H       20.6250817106     1.8043501704     5.4915879849
C       19.8184294533     1.6373680710     6.2162348450
H       18.9292303810     1.1624851874     5.7872378665
H       20.2599483620     0.9143227130     6.9129461157
H       21.4277120735     3.8173091713     6.7736623383
H       21.1490926201     3.0551685908     8.2785773985
H       20.3117983159     4.5842524454     8.0162965513
Si       16.4287830060     3.4097681442     4.3936450341
O       16.3102438291     4.9995551575     4.7361542856
O       17.9361133481     3.0761807589     3.8463197834
O       15.3736877104     2.9969801870     3.2108083494
O       16.0996932639     2.5756034915     5.7582443757
Si       16.4981903633     6.5987354502     4.3977822210
Si       13.9564391168     2.5605337948     2.4958949807
Si       18.8361372339     2.5388848510     2.5721366001
Si       15.7418523488     1.1327619343     6.4716323219
H       17.8856819444     6.8600330763     3.9030649743
H       15.5452156671     6.9632523376     3.2936886083
H       16.2649821432     7.4789834296     5.6091904369
H       12.8203048818     3.3064342467     3.0893362250
H       13.9515079223     2.8572366166     1.0297952255
H       18.4410897925     3.3217625482     1.3692397802
H       13.7085455003     1.0997085360     2.6975814957
H       18.5398146052     1.0967598187     2.3178352645
H       16.4305095249     0.9054156373     7.7944765403
H       14.2612390546     0.9827612083     6.6975328952
H       20.3309739506     2.6868640971     2.7690752284
H       16.1884063892     0.0689141240     5.5380559260
32
# Point 0 Energy = 0
C       20.6477110000     3.6549790000     7.5266840000
H       18.9761800000     3.6157410000     6.1694560000
C       19.4467280000     2.9484220000     6.9016430000
H       18.6922510000     2.7558520000     7.6754250000
H       20.5840390000     1.7980300000     5.4478400000
C       19.8234060000     1.6330100000     6.2209870000
H       18.9571360000     1.1573250000     5.7446630000
H       20.2404540000     0.9200090000     6.9405780000
H       21.4074060000     3.8754920000     6.7676150000
H       21.1161610000     3.0334640000     8.2953550000
H       20.3536290000     4.6012450000     7.9917750000
Si       16.4325060000     3.4077350000     4.3962220000
O       16.3148940000     4.9974300000     4.7394840000
O       17.9393640000     3.0735620000     3.8486780000
O       15.3769370000     2.9960700000     3.2133680000
O       16.1030250000     2.5730330000     5.7606000000
Si       16.5037570000     6.5966350000     4.4017980000
Si       13.9593780000     2.5607940000     2.4984440000
Si       18.8391290000     2.5361430000     2.5740860000
Si       15.7443760000     1.1302530000     6.4733110000
H       17.8913405600     6.8573308000     3.9070238400
H       15.5508605600     6.9622108000     3.2979838400
H       16.2712205600     7.4764908000     5.6136238400
H       12.8237502400     3.3071035200     3.0923555200
H       13.9544302400     2.8581435200     1.0324755200
H       18.4443303200     3.3198514400     1.3715668800
H       13.7106302400     1.1000235200     2.6995155200
H       18.5418503200     1.0943714400     2.3191668800
H       16.4331100800     0.9018602400     7.7959848800
H       14.2637500800     0.9809802400     6.6993448800
H       20.3340103200     2.6832114400     2.7708868800
H       16.1902300800     0.0665002400     5.5392248800
32
# Point 1 Energy = 0.0
C       20.6532160320     3.6443211686     7.5290193506
H       18.9515435998     3.6063952420     6.1948130967
C       19.4566860510     2.9396617564     6.9048584557
H       18.6698102463     2.7779732654     7.6545837243
H       20.5417753538     1.7897290955     5.4078268859
C       19.8293371780     1.6285470237     6.2262822884
H       18.9888459979     1.1512552468     5.7040623416
H       20.2210812964     0.9266791883     6.9685781289
H       21.3849272304     3.9326635969     6.7653974403
H       21.0822712273     3.0138433248     8.3111572485
H       20.3971620178     4.6162041777     7.9659680990
Si       16.4360139939     3.4058665068     4.3985950247
O       16.3193114447     4.9954518264     4.7426812173
O       17.9423670498     3.0711703783     3.8507054628
O       15.3798945353     2.9953428632     3.2157871074
O       16.1062671127     2.5705651050     5.7627436604
Si       16.5090216386     6.5946992097     4.4057300549
Si       13.9619841013     2.5612271576     2.5009420296
Si       18.8417913500     2.5337027852     2.5756156852
Si       15.7469032742     1.1278098284     6.4747486230
H       17.8966523564     6.8548508521     3.9108043697
H       15.5561108518     6.9613511606     3.3022821302
H       16.2772240185     7.4741079773     5.6180254893
H       12.8268873329     3.3078908954     3.0954384550
H       13.9569023254     2.8592811561     1.0351172721
H       18.4471302994     3.3182782907     1.3735351920
H       13.7124368512     1.1004975357     2.7013596147
H       18.5435763424     1.0922875984     2.3200449524
H       16.4358196758     0.8983377102     7.7971906930
H       14.2662862867     0.9792156217     6.7010220434
H       20.3367276300     2.6798930080     2.7721715334
H       16.1920158985     0.0642014470     5.5400776893
32
# Point 2 Energy = 0.0
C       20.6587841300     3.6339104709     7.5306386395
H       18.9281350804     3.5954197880     6.2194130880
C       19.4666168676     2.9310868452     6.9076030915
H       18.6489421680     2.8007385750     7.6316001148
H       20.4985357380     1.7793860833     5.3715915461
C       19.8361943480     1.6240367724     6.2320879828
H       19.0243648776     1.1441906156     5.6655248114
H       20.2017161455     0.9344735168     6.9969144027
H       21.3604433016     3.9885894171     6.7669298307
H       21.0473031068     2.9962329627     8.3259398627
H       20.4424525857     4.6290246142     7.9390838145
Si       16.4392930630     3.4041756477     4.4007594654
O       16.3234687521     4.9936346018     4.7457318530
O       17.9451116955     3.0690284901     3.8524003797
O       15.3825504632     2.9947959325     3.2180630371
O       16.1094119795     2.5682178549     5.7646753304
Si       16.5139436581     6.5929417067     4.4095550116
Si       13.9642515755     2.5618142386     2.5033883280
Si       18.8441186662     2.5315871103     2.5767275487
Si       15.7494382160     1.1254515362     6.4759534347
H       17.9015748062     6.8526158006     3.9143824197
H       15.5609234331     6.9606725643     3.3065575670
H       16.2829438848     7.4718536210     5.6223665944
H       12.8297037395     3.3087711247     3.0985792528
H       13.9589166193     2.8606219776     1.0377181292
H       18.4494781717     3.3170556935     1.3751419276
H       13.7139716114     1.1011105944     2.7031214951
H       18.5449992496     1.0905271850     2.3204797587
H       16.4386435863     0.8948806711     7.7981037812
H       14.2688528424     0.9774751889     6.7025727056
H       20.3391189326     2.6769455492     2.7729309894
H       16.1937773049     0.0620352498     5.5406291660
32
# Point 3 Energy = 0.0
C       20.6644258332     3.6237250063     7.5316036937
H       18.9060194705     3.5830655076     6.2431828457
C       19.4765164654     2.9227584155     6.9098717251
H       18.6296731103     2.8240683747     7.6064510586
H       20.4545554538     1.7670040428     5.3391571600
C       19.8439341234     1.6195519300     6.2383510630
H       19.0636703629     1.1361027358     5.6291302847
H       20.1822014550     0.9435432259     7.0255184255
H       21.3341157427     4.0430183839     6.7721333491
H       21.0111039851     2.9805055212     8.3396409723
H       20.4895775436     4.6395533523     7.9113899851
Si       16.4423322461     3.4026730694     4.4027102747
O       16.3273399087     4.9919906563     4.7486178650
O       17.9475898584     3.0671571823     3.8537595992
O       15.3848969984     2.9944199212     3.2201949242
O       16.1124576082     2.5660097246     5.7663968900
Si       16.5184814472     6.5913739736     4.4132416152
Si       13.9661763337     2.5625263132     2.5057865646
Si       18.8461072087     2.5298152582     2.5774223488
Si       15.7519931354     1.1231988437     6.4769393347
H       17.9060634778     6.8506466514     3.9177237697
H       15.5652524362     6.9601682428     3.3107766100
H       16.2883308851     7.4697468200     5.6266087036
H       12.8321885762     3.3097090524     3.1017761174
H       13.9604652041     2.8621251026     1.0402794733
H       18.4513618479     3.3161893275     1.3763818038
H       13.7152446089     1.1018329252     2.7048169599
H       18.5461289817     1.0891044568     2.3204841263
H       16.4415972114     0.8915273068     7.7987393351
H       14.2714636379     0.9757670567     6.7040128897
H       20.3411792061     2.6744045227     2.7731638524
H       16.1955362359     0.0600190968     5.5409017396
32
# Point 4 Energy = 0.0
C       20.6701626846     3.6137297761     7.5319838326
H       18.8852646223     3.5696146706     6.2660804360
C       19.4863882810     2.9147371063     6.9116596060
H       18.6120404579     2.8478791158     7.5791221333
H       20.4100426443     1.7526525444     5.3105161777
C       19.8524986646     1.6151720575     6.2450003074
H       19.1067095840     1.1270017054     5.5949626241
H       20.1623516870     0.9540524593     7.0542855972
H       21.3060774854     4.0957075119     6.7809116989
H       20.9734901898     2.9665027861     8.3521624533
H       20.5386262493     4.6476066068     7.8832028374
Si       16.4451263524     3.4013658551     4.4044439098
O       16.3309051078     4.9905292553     4.7513208194
O       17.9497988300     3.0655728272     3.8547810091
O       15.3869313325     2.9942006107     3.2221845339
O       16.1154085265     2.5639573735     5.7679129514
Si       16.5225996090     6.5900040251     4.4167561326
Si       13.9677587628     2.5633287941     2.5081444016
Si       18.8477577342     2.5284002913     2.5777020291
Si       15.7545871068     1.1210715571     6.4777249404
H       17.9100798709     6.8489601362     3.9207905917
H       15.5690575699     6.9598267027     3.3149033442
H       16.2933428436     7.4678047884     5.6307099339
H       12.8343359171     3.3106647934     3.1050309839
H       13.9615437579     2.8637421455     1.0428063155
H       18.4527730879     3.3156772038     1.3772499826
H       13.7162703339     1.1026293421     2.7064677517
H       18.5469796158     1.0880271193     2.3200740216
H       16.4447035129     0.8883164643     7.7991171453
H       14.2741394603     0.9740989108     6.7053643847
H       20.3429080584     2.6722992149     2.7728688582
H       16.1973206590     0.0581682491     5.5409236154
32
# Point 5 Energy = 0.0
C       20.6760275667     3.6038776805     7.5318543944
H       18.8659377422     3.5553787197     6.2881014141
C       19.4962440799     2.9070812774     6.9129629434
H       18.5960949525     2.8720808453     7.5496130131
H       20.3651696181     1.7364780637     5.2856265159
C       19.8618193572     1.6109823188     6.2519456315
H       19.1534010034     1.1169305141     5.5631078001
H       20.1419611916     0.9661846724     7.0830754180
H       21.2764126524     4.1464278107     6.7931464644
H       20.9342371376     2.9540304797     8.3633567411
H       20.5897036386     4.6529722263     7.8548887597
Si       16.4476770845     3.4002570917     4.4059588680
O       16.3341525934     4.9892562270     4.7538224022
O       17.9517422280     3.0642861879     3.8554640606
O       15.3886565699     2.9941188747     3.2240368118
O       16.1182765438     2.5620753951     5.7692314175
Si       16.5262715213     6.5888359399     4.4200628350
Si       13.9690044685     2.5641820963     2.5104740650
Si       18.8490761892     2.5273474747     2.5775702387
Si       15.7572460897     1.1190884997     6.4783341755
H       17.9135940787     6.8475675967     3.9235419110
H       15.5723068423     6.9596316690     3.3188999626
H       16.2979476529     7.4660425299     5.6346254443
H       12.8361458886     3.3115949265     3.1083500909
H       13.9621524184     2.8654178454     1.0453078576
H       18.4537085388     3.3155082416     1.3777425780
H       13.7170677668     1.1034600233     2.7081021555
H       18.5475694089     1.0872948826     2.3192690968
H       16.4479930385     0.8852872981     7.7992621916
H       14.2769080601     0.9724786224     6.7066553529
H       20.3443104766     2.6706504824     2.7720453758
H       16.1991642010     0.0564954866     5.5407293734
32
# Point 6 Energy = 0.0
C       20.6820650172     3.5941127002     7.5312936236
H       18.8481005050     3.5406912684     6.3092849476
C       19.5061055608     2.8998447424     6.9137797294
H       18.5819032083     2.8965738969     7.5179443242
H       20.3200637001     1.7187123315     5.2644099371
C       19.8718227901     1.6070712533     6.2590788151
H       19.2036375210     1.1059579285     5.5336544467
H       20.1208167447     0.9801520237     7.1117145646
H       21.2451255345     4.1949683604     6.8086869776
H       20.8930641502     2.9428529409     8.3730064958
H       20.6429286783     4.6554131683     7.8268605851
Si       16.4499948588     3.3993456619     4.4072566968
O       16.3370813658     4.9881737668     4.7561056638
O       17.9534315975     3.0633014508     3.8558106659
O       15.3900832910     2.9941512285     3.2257608776
O       16.1210821650     2.5603761070     5.7703643886
Si       16.5294829061     6.5878696008     4.4231254636
Si       13.9699255904     2.5650430768     2.5127933331
Si       18.8500749603     2.5266529867     2.5770331132
Si       15.7600035810     1.1172674076     6.4787969834
H       17.9165884676     6.8464740201     3.9259350516
H       15.5749803020     6.9595625098     3.3227283237
H       16.3021273719     7.4644725349     5.6383090406
H       12.8376264276     3.3124544815     3.1117451252
H       13.9622972092     2.8670917143     1.0477985212
H       18.4541713780     3.3156613649     1.3778575652
H       13.7176609022     1.1042820681     2.7097557878
H       18.5479212524     1.0868983780     2.3180932753
H       16.4515044886     0.8824785981     7.7992052963
H       14.2798047462     0.9709149379     6.7079210845
H       20.3453981491     2.6694686009     2.7706941473
H       16.2011061790     0.0550108902     5.5403605085
32
# Point 7 Energy = 0.0
C       20.6883317774     3.5843757029     7.5303776931
H       18.8318035085     3.5258941643     6.3297184914
C       19.5160070320     2.8930739002     6.9141110279
H       18.5695500948     2.9212449355     7.4841656277
H       20.2747986161     1.6996759382     5.2467542241
C       19.8824400406     1.6035272642     6.2662769053
H       19.2572913991     1.0941698933     5.5066975137
H       20.0987150981     0.9962095240     7.1400049656
H       21.2120955259     4.2411382533     6.8273327553
H       20.8496092664     2.9326854327     8.3807922420
H       20.6984252836     4.6546736126     7.7995648989
Si       16.4521016385     3.3986264074     4.4083437818
O       16.3397050924     4.9872805351     4.7581574318
O       17.9548889583     3.0626155999     3.8558267076
O       15.3912320246     2.9942711541     3.2273717637
O       16.1238569985     2.5588694159     5.7713296579
Si       16.5322367589     6.5871007842     4.4259102423
Si       13.9705429445     2.5658675831     2.5151272521
Si       18.8507749421     2.5263031842     2.5761004886
Si       15.7629021436     1.1156247710     6.4791503005
H       17.9190627162     6.8456773913     3.9279286097
H       15.5770751235     6.9595953821     3.3263532033
H       16.3058838433     7.4631045522     5.6417165472
H       12.8387959814     3.3132000097     3.1152353383
H       13.9619922481     2.8687011484     1.0502997825
H       18.4541737959     3.3161054875     1.3775963389
H       13.7180799511     1.1050521439     2.7114727728
H       18.5480637734     1.0868187324     2.3165754389
H       16.4552862005     0.8799276642     7.7989839372
H       14.2828738547     0.9694182210     6.7092050619
H       20.3461916283     2.6687514583     2.7688184070
H       16.2031923398     0.0537217530     5.5398659508
32
# Point 8 Energy = 0.0
C       20.6948983818     3.5746129893     7.5291743794
H       18.8170819804     3.5113155187     6.3495394506
C       19.5259998919     2.8868044912     6.9139631530
H       18.5591410402     2.9459630583     7.4483638924
H       20.2293887754     1.6797744809     5.2325220437
C       19.8936202539     1.6004338128     6.2734098070
H       19.3142204771     1.0816617998     5.4823455070
H       20.0754856024     1.0146768745     7.1677391969
H       21.1770156187     4.2847624035     6.8488060833
H       20.8033859825     2.9231779499     8.3862378146
H       20.7562970784     4.6504907247     7.7734547740
Si       16.4540353935     3.3980908717     4.4092344942
O       16.3420577918     4.9865722398     4.7599725376
O       17.9561508998     3.0622184200     3.8555246675
O       15.3921372081     2.9944514167     3.2288935105
O       16.1266478580     2.5575629038     5.7721533595
Si       16.5345601359     6.5865218094     4.4283911320
Si       13.9708895567     2.5666142963     2.5175112312
Si       18.8512089929     2.5262747967     2.5747880010
Si       15.7659965907     1.1141757264     6.4794398108
H       17.9210406822     6.8451686466     3.9294876078
H       15.5786124750     6.9597053171     3.3297479922
H       16.3092463466     7.4619455908     5.6448116844
H       12.8396877113     3.3137938602     3.1188513614
H       13.9612632327     2.8701862514     1.0528434777
H       18.4537408121     3.3168007930     1.3769664243
H       13.7183638488     1.1057303969     2.7133079145
H       18.5480336976     1.0870281693     2.3147506318
H       16.4593993962     0.8776688105     7.7986437005
H       14.2861718873     0.9680012872     6.7105609099
H       20.3467239076     2.6684835142     2.7664257788
H       16.2054770923     0.0526327786     5.5393030301
32
# Point 9 Energy = 0.0
C       20.7018533181     3.5647869372     7.5277378436
H       18.8039560593     3.4972409354     6.3689331778
C       19.5361600679     2.8810586281     6.9133521321
H       18.5508048885     2.9705772599     7.4106720941
H       20.1837905154     1.6594852457     5.2215705952
C       19.9053491629     1.5978638429     6.2803540478
H       19.3742718456     1.0685386023     5.4607308617
H       20.0510170536     1.0359726200     7.1947253680
H       21.1393176731     4.3256594225     6.8727106713
H       20.7537112835     2.9138756799     8.3886116818
H       20.8165605046     4.6426210665     7.7489370597
Si       16.4558574043     3.3977288942     4.4099569452
O       16.3442023661     4.9860429861     4.7615610097
O       17.9572754959     3.0620934967     3.8549287086
O       15.3928539361     2.9946674948     3.2303648426
O       16.1295237836     2.5564624503     5.7728750431
Si       16.5365137599     6.5861230305     4.4305584041
Si       13.9710169541     2.5672498384     2.5199967050
Si       18.8514281478     2.5265364207     2.5731214770
Si       15.7693601407     1.1129343241     6.4797238189
H       17.9225800596     6.8449325971     3.9305919527
H       15.5796471472     6.9598693879     3.3329038559
H       16.3122821238     7.4610004800     5.6475754660
H       12.8403564777     3.3142095677     3.1226418126
H       13.9601536054     2.8714962555     1.0554777536
H       18.4529167827     3.3177015840     1.3759866847
H       13.7185655423     1.1062855810     2.7153311195
H       18.5478809682     1.0874919701     2.3126632484
H       16.4639244663     0.8757319470     7.7982417542
H       14.2897736325     0.9666805449     6.7120565104
H       20.3470467644     2.6686360308     2.7635324128
H       16.2080286687     0.0517468778     5.5387403020
32
# Point 10 Energy = 0.0
C       20.7093102839     3.5548871220     7.5261117986
H       18.7924388208     3.4838826541     6.3881303378
C       19.5465985384     2.8758432096     6.9123149776
H       18.5446972824     2.9949169618     7.3712799074
H       20.1379177013     1.6393341135     5.2137887869
C       19.9176713928     1.5958747035     6.2870167928
H       19.4372704784     1.0549383010     5.4420214270
H       20.0252871371     1.0606673555     7.2208240528
H       21.0981187997     4.3635680753     6.8984671898
H       20.6996092407     2.9041243015     8.3867393498
H       20.8789617927     4.6309120272     7.7262689599
Si       16.4576640405     3.3975314117     4.4105638583
O       16.3462431841     4.9856877815     4.7629604570
O       17.9583540625     3.0622206893     3.8540857168
O       15.3934699213     2.9949021731     3.2318493219
O       16.1325868673     2.5555738897     5.7735575960
Si       16.5382056426     6.5858955405     4.4324326546
Si       13.9710071377     2.5677549023     2.5226604189
Si       18.8515134919     2.5270517327     2.5711477608
Si       15.7730941671     1.1119147128     6.4800816357
H       17.9237863079     6.8449503106     3.9312511596
H       15.5802817803     6.9600710554     3.3358438205
H       16.3151100954     7.4602734974     5.6500209752
H       12.8408910528     3.3144380461     3.1266829363
H       13.9587372049     2.8725971000     1.0582766700
H       18.4517781489     3.3187609040     1.3746988125
H       13.7187630494     1.1067011579     2.7176351705
H       18.5476798771     1.0881721381     2.3103763610
H       16.4689701228     0.8741420586     7.7978552050
H       14.2937817678     0.9654778199     6.7137817609
H       20.3472426341     2.6691692210     2.7601744342
H       16.2109385753     0.0510670324     5.5382650536
32
# Point 11 Energy = 0.0
C       20.7174053213     3.5449392415     7.5243607542
H       18.7825438347     3.4713540021     6.4074151187
C       19.5574629864     2.8711505845     6.9109407147
H       18.5409923880     3.0187963056     7.3304547058
H       20.0916837807     1.6198638640     5.2091656309
C       19.9307043499     1.5945052934     6.2933816100
H       19.5029565140     1.0411082010     5.4264292520
H       19.9983879314     1.0895619932     7.2460028321
H       21.0523846826     4.3979367229     6.9252190890
H       20.6398266170     2.8928708254     8.3786710163
H       20.9424819259     4.6155103017     7.7053481417
Si       16.4595993221     3.3974943998     4.4111510132
O       16.3483371837     4.9855060481     4.7642559146
O       17.9595261039     3.0625806830     3.8530898079
O       15.3941231295     2.9951509528     3.2334487533
O       16.1359788974     2.5549053322     5.7743032681
Si       16.5398036775     6.5858350600     4.4340873807
Si       13.9709932658     2.5681305808     2.5256112211
Si       18.8515966149     2.5277855488     2.5689624432
Si       15.7773317415     1.1111326388     6.4806263328
H       17.9248274125     6.8452035423     3.9315332024
H       15.5806842071     6.9603054149     3.3386416910
H       16.3179082347     7.4597707951     5.6522160039
H       12.8414322315     3.3144932320     3.1310814142
H       13.9571452817     2.8734795206     1.0613473220
H       18.4504590893     3.3199380496     1.3731942969
H       13.7190792450     1.1069814120     2.7203396950
H       18.5475505899     1.0890337964     2.3079964375
H       16.4746712415     0.8729190885     7.7975965433
H       14.2983293925     0.9644216366     6.7158547899
H       20.3474442504     2.6700380160     2.7564422702
H       16.2143291554     0.0505989166     5.5379966933
32
# Point 12 Energy = 0.0
C       20.7261945466     3.5350030275     7.5226681204
H       18.7742166380     3.4596499527     6.4271582325
C       19.5688497395     2.8669551541     6.9094412255
H       18.5397798069     3.0420128658     7.2885798957
H       20.0450688843     1.6015859870     5.2079048080
C       19.9445701785     1.5937720307     6.2995946752
H       19.5707606580     1.0275750833     5.4142000658
H       19.9704996630     1.1237719048     7.2704083024
H       21.0022629214     4.4274724031     6.9518934061
H       20.5738164712     2.8784320897     8.3614464432
H       21.0042003001     4.5973850240     7.6853437971
Si       16.4618190628     3.3976170915     4.4118634750
O       16.3506466863     4.9854983206     4.7655892724
O       17.9609562473     3.0631587403     3.8521194259
O       15.3949920163     2.9954219064     3.2352851897
O       16.1398183311     2.5544598025     5.7752500588
Si       16.5414917202     6.5859402482     4.4356681082
Si       13.9711659810     2.5683973469     2.5289401285
Si       18.8518653169     2.5287142286     2.5667641249
Si       15.7821629213     1.1105947486     6.4814884192
H       17.9259001572     6.8456781042     3.9316141458
H       15.5810660284     6.9605791001     3.3414219582
H       16.3208415119     7.4594938753     5.6543005347
H       12.8421643874     3.3144062444     3.1359029168
H       13.9556034129     2.8741631692     1.0647806415
H       18.4491808994     3.3212122444     1.3716628581
H       13.7196874822     1.1071491550     2.7235307245
H       18.5476738392     1.0900558021     2.3057160488
H       16.4810865811     0.8720642417     7.7976114288
H       14.3035005667     0.9635321812     6.7183735081
H       20.3478360711     2.6712053554     2.7525673954
H       16.2183015717     0.0503445706     5.5380760248
32
# Point 13 Energy = 0.0
C       20.7351766317     3.5250946867     7.5214313470
H       18.7669295902     3.4485792389     6.4477704842
C       19.5803627550     2.8631449895     6.9081652620
H       18.5406033790     3.0642743917     7.2460979539
H       19.9981281087     1.5848180072     5.2104498525
C       19.9589940411     1.5936092715     6.3059885696
H       19.6391430630     1.0153870000     5.4054284810
H       19.9416539237     1.1646441344     7.2942996935
H       20.9543292427     4.4502084667     6.9788905930
H       20.5064213210     2.8593348247     8.3332756820
H       21.0583073505     4.5788373326     7.6645769904
Si       16.4641878612     3.3978468490     4.4127387256
O       16.3530051037     4.9856053699     4.7670182946
O       17.9625657382     3.0639079154     3.8513609922
O       15.3960620560     2.9956895465     3.2372774790
O       16.1438255107     2.5541587708     5.7763850088
Si       16.5431429036     6.5861577665     4.4372845408
Si       13.9715828171     2.5685488355     2.5324097384
Si       18.8523722020     2.5298131371     2.5648210947
Si       15.7872298225     1.1102097429     6.4825887677
H       17.9269306088     6.8463256881     3.9317526200
H       15.5814153679     6.9608639303     3.3442022915
H       16.3236596903     7.4593660388     5.6563787629
H       12.8430848670     3.3141627469     3.1408077814
H       13.9543220889     2.8746707805     1.0683438987
H       18.4481229637     3.3225840029     1.3703470165
H       13.7206201066     1.1071950341     2.7269154376
H       18.5481243860     1.0912197462     2.3037430945
H       16.4877207762     0.8714576154     7.7978883387
H       14.3089126066     0.9627187755     6.7211023710
H       20.3484516299     2.6726375347     2.7489761748
H       16.2225920867     0.0502298294     5.5384480214
32
# Point 14 Energy = 0.0
C       20.7429434217     3.5149422853     7.5207765666
H       18.7593089195     3.4375906789     6.4692360488
C       19.5907347706     2.8593173215     6.9071240320
H       18.5421088525     3.0850143606     7.2030510122
H       19.9513674528     1.5690657670     5.2168573918
C       19.9728802636     1.5936664043     6.3125818289
H       19.7048554754     1.0061623639     5.3993027423
H       19.9119010102     1.2130054049     7.3173066662
H       20.9246172502     4.4668656479     7.0120866785
H       20.4513669446     2.8378951089     8.3005557288
H       21.1010593673     4.5614410592     7.6422092948
Si       16.4658438645     3.3979502748     4.4133147100
O       16.3545127172     4.9855762327     4.7681479630
O       17.9635789789     3.0646066157     3.8505746032
O       15.3966547601     2.9957959796     3.2387705620
O       16.1469099056     2.5537000757     5.7771500057
Si       16.5439294876     6.5862518967     4.4386575201
Si       13.9716728595     2.5684819055     2.5351136782
Si       18.8525417070     2.5309185190     2.5630072905
Si       15.7913114283     1.1096421556     6.4832351673
H       17.9271754304     6.8469208046     3.9319050390
H       15.5810839407     6.9609940149     3.3465691019
H       16.3253500243     7.4590892578     5.6581832863
H       12.8435339169     3.3136407916     3.1447487121
H       13.9529686814     2.8749774092     1.0711439222
H       18.4469105190     3.3239580540     1.3690979171
H       13.7212575458     1.1070085970     2.7294692513
H       18.5483512773     1.0923794625     2.3018258428
H       16.4931393132     0.8706852386     7.7978349491
H       14.3133042141     0.9616510967     6.7231044048
H       20.3486878545     2.6741429210     2.7457900099
H       16.2261184451     0.0499642945     5.5384334328
32
# Point 15 Energy = 0.0
C       20.7489418005     3.5043100430     7.5202277264
H       18.7506756506     3.4261333850     6.4911971405
C       19.5994307483     2.8551162062     6.9059432243
H       18.5437272013     3.1037938722     7.1592357159
H       19.9080213404     1.5520013172     5.2264305073
C       19.9857328913     1.5935912444     6.3190319611
H       19.7646977190     1.0017702695     5.3941556926
H       19.8836921374     1.2676997390     7.3381011512
H       20.9167337002     4.4809572942     7.0558480946
H       20.4121633364     2.8181330622     8.2712378629
H       21.1364762804     4.5440364199     7.6193075831
Si       16.4662831267     3.3977775765     4.4132168543
O       16.3547500753     4.9852614782     4.7686284313
O       17.9634755758     3.0650334700     3.8493821201
O       15.3962456454     2.9956671549     3.2393815270
O       16.1485203522     2.5529297342     5.7771575320
Si       16.5435182791     6.5860681392     4.4394622331
Si       13.9708889599     2.5682099891     2.5366601279
Si       18.8518270290     2.5317814746     2.5609369258
Si       15.7937781561     1.1087460970     6.4830174641
H       17.9263167360     6.8472426473     3.9317522648
H       15.5797595864     6.9608835792     3.3482015697
H       16.3256243603     7.4585016618     5.6594032031
H       12.8430029477     3.3129047856     3.1473442737
H       13.9510143729     2.8751203694     1.0727929095
H       18.4450406121     3.3251258973     1.3675409538
H       13.7209739957     1.1066137243     2.7307773271
H       18.5477308557     1.0933065019     2.2995555175
H       16.4966984233     0.8695430234     7.7970390111
H       14.3160368328     0.9602588189     6.7239652991
H       20.3480061141     2.6753894675     2.7426274207
H       16.2281957573     0.0493935569     5.5376057343
