32
# Point -15 Energy = 0.0
C       20.5914617469     3.6414229315     7.5917083966
H       19.1893345375     3.6098464098     6.0709744090
C       19.4276222920     2.9948273654     6.9393664305
H       18.8159263409     2.4727271114     7.6725300311
H       20.3517887383     2.5494826357     5.8553834077
C       19.8957289445     1.6669465576     6.2088322010
H       19.5708894111     0.6493524069     6.5366102021
H       19.3207698232     0.7450903217     6.4329060486
H       21.4858156483     4.2432040957     7.2838546307
H       21.0609068698     2.6878415680     7.7574444700
H       20.5183398067     4.6588040207     7.1981454240
Si       16.4289346724     3.4118735469     4.4041547872
O       16.3088601130     4.9989199542     4.7470953767
O       17.9421831192     3.0781035940     3.8664702806
O       15.3837966905     2.9990939601     3.2149327012
O       16.0950496512     2.5775793650     5.7634935678
Si       16.4977462394     6.6008125173     4.4114246264
Si       13.9695355262     2.5619976838     2.4905121276
Si       18.8499035961     2.5446901696     2.5943499448
Si       15.7332679593     1.1300691768     6.4764810514
H       17.8877081648     6.8630871151     3.9252091628
H       15.5507920967     6.9652158169     3.3021776060
H       16.2565437928     7.4791156261     5.6223957369
H       12.8297917517     3.3065988109     3.0781958717
H       13.9733654523     2.8603099540     1.0248636913
H       18.4606468378     3.3277891605     1.3911315893
H       13.7219401775     1.1009211931     2.6894305388
H       18.5554148082     1.1018945991     2.3380376048
H       16.4140907697     0.9034483110     7.8019526285
H       14.2512462498     0.9803222587     6.6923626694
H       20.3427134219     2.6928428406     2.8014355457
H       16.1858653504     0.0690709217     5.5433025998
32
# Point -14 Energy = 0.0
C       20.5928421652     3.6443138242     7.5903744787
H       19.1715625144     3.6145641236     6.0785956970
C       19.4269875692     2.9939499939     6.9386194318
H       18.8030993811     2.4917470471     7.6763348903
H       20.3960016229     2.4920174163     5.7854994883
C       19.8889421127     1.6672878734     6.2103412948
H       19.5086226380     0.6570525505     6.4935672347
H       19.3687446470     0.7243556028     6.4726830979
H       21.4850509089     4.2307400857     7.2539856551
H       21.0883603596     2.7118588436     7.8019425018
H       20.5106321455     4.6807443625     7.2519223359
Si       16.4283561610     3.4124364306     4.4038379746
O       16.3075953377     4.9996222923     4.7466739980
O       17.9415974359     3.0792621418     3.8662807043
O       15.3833070722     2.9992381814     3.2145182115
O       16.0944227208     2.5780286655     5.7633764684
Si       16.4959709651     6.6014022151     4.4108997511
Si       13.9693814007     2.5616324895     2.4900227410
Si       18.8496643040     2.5459153315     2.5944791783
Si       15.7331005829     1.1307094103     6.4762204042
H       17.8859130313     6.8641428413     3.9248130385
H       15.5490316442     6.9654352575     3.3015148439
H       16.2543534451     7.4797561066     5.6217704152
H       12.8292927991     3.3058866337     3.0775077707
H       13.9732512334     2.8598226208     1.0243410366
H       18.4603192654     3.3288399139     1.3910757118
H       13.7222280126     1.1004791235     2.6890164199
H       18.5557340040     1.1030522485     2.3381679361
H       16.4138693100     0.9043145599     7.8018647645
H       14.2511229387     0.9803727240     6.6920269472
H       20.3424457185     2.6946396403     2.8016358337
H       16.1861771528     0.0696814482     5.5432551043
32
# Point -13 Energy = 0.0
C       20.5959849702     3.6457016048     7.5863500423
H       19.1551684131     3.6178228568     6.0843757653
C       19.4277868113     2.9917241984     6.9356308238
H       18.7923630182     2.5095761354     7.6778019252
H       20.4305566493     2.4402975214     5.7345574077
C       19.8832483458     1.6663898557     6.2092363924
H       19.4326497849     0.6795799527     6.4653392176
H       19.4297249232     0.7003202367     6.5050961471
H       21.4834690045     4.2145448430     7.2146100875
H       21.1141178176     2.7377536169     7.8500736548
H       20.5052566656     4.7005135557     7.3127989885
Si       16.4281054150     3.4125722445     4.4027427540
O       16.3069497182     4.9998179607     4.7459442863
O       17.9410679836     3.0800037562     3.8645431473
O       15.3825729693     2.9993565427     3.2136889533
O       16.0946650946     2.5777236867     5.7624130055
Si       16.4948015453     6.6015567454     4.4104010252
Si       13.9686182997     2.5615529482     2.4896421746
Si       18.8488616550     2.5469783605     2.5925113657
Si       15.7339992217     1.1304400801     6.4748973903
H       17.8845269104     6.8647709039     3.9238849672
H       15.5474081417     6.9655915152     3.3014007671
H       16.2533908850     7.4796651368     5.6215101228
H       12.8285143480     3.3054044511     3.0776377962
H       13.9718922555     2.8600041733     1.0240036422
H       18.4589531619     3.3300770879     1.3893034752
H       13.7218707656     1.1002920557     2.6884401544
H       18.5552498238     1.1041403881     2.3359559856
H       16.4152923930     0.9038655677     7.8003480014
H       14.2521503625     0.9795847868     6.6912580191
H       20.3417206265     2.6960914546     2.7991047985
H       16.1870426199     0.0695877765     5.5416630760
32
# Point -12 Energy = 0.0
C       20.6002526411     3.6464838090     7.5813023548
H       19.1398841791     3.6201967169     6.0896439361
C       19.4295599663     2.9888922045     6.9319082730
H       18.7830904986     2.5270705687     7.6783844049
H       20.4591420972     2.3911981507     5.6925776928
C       19.8784131506     1.6648702994     6.2073990164
H       19.3667211309     0.6982799996     6.4154543472
H       19.4827105761     0.6932469064     6.5592997830
H       21.4809030733     4.1955847707     7.1706185755
H       21.1334502914     2.7628917491     7.8974670270
H       20.4976252873     4.7155173670     7.3751006912
Si       16.4283316765     3.4124601174     4.4015668278
O       16.3069465929     4.9997481063     4.7452728042
O       17.9408838250     3.0804459641     3.8623884940
O       15.3820451064     2.9993738631     3.2129664735
O       16.0956165723     2.5770932364     5.7613777249
Si       16.4943005328     6.6014584413     4.4100365418
Si       13.9678857308     2.5615080261     2.4896300163
Si       18.8481093458     2.5477790868     2.5899007586
Si       15.7356681671     1.1298159918     6.4734733413
H       17.8837237846     6.8650984584     3.9228226155
H       15.5462453931     6.9656304198     3.3016433303
H       16.2533997300     7.4792489687     5.6214966706
H       12.8279328381     3.3049824273     3.0784255383
H       13.9702778362     2.8603248133     1.0240557476
H       18.4574351088     3.3311611179     1.3870255205
H       13.7214983378     1.1001401793     2.6881787159
H       18.5546769706     1.1050021963     2.3330585710
H       16.4177466955     0.9029266107     7.7985725389
H       14.2539844247     0.9785144970     6.6906838143
H       20.3410970125     2.6971776276     2.7956328536
H       16.1884220264     0.0691793083     5.5398003592
32
# Point -11 Energy = 0.0
C       20.6050734544     3.6472097780     7.5759596021
H       19.1253316973     3.6220742980     6.0949358313
C       19.4318294072     2.9859248481     6.9280932064
H       18.7747101792     2.5447587814     7.6786774777
H       20.4832095559     2.3435193105     5.6561801895
C       19.8740816931     1.6631356244     6.2056667613
H       19.3056894326     0.7208927804     6.3654028926
H       19.5362823711     0.6914795752     6.6108877444
H       21.4775611698     4.1747770479     7.1259831205
H       21.1462904799     2.7865392053     7.9419397923
H       20.4870744633     4.7253912783     7.4356757329
Si       16.4288850408     3.4122819725     4.4005174968
O       16.3073715081     4.9996272876     4.7446933242
O       17.9409694456     3.0807361098     3.8602553822
O       15.3817346071     2.9993409672     3.2124624657
O       16.0969595671     2.5764501154     5.7605169922
Si       16.4942775536     6.6012909247     4.4097056537
Si       13.9672953128     2.5614589937     2.4899563561
Si       18.8475049958     2.5483498167     2.5872580389
Si       15.7377144282     1.1292161655     6.4722909881
H       17.8833735517     6.8652781310     3.9216812811
H       15.5454939360     6.9656136596     3.3019818512
H       16.2540201290     7.4788085167     5.6215103603
H       12.8275738203     3.3046260474     3.0796178005
H       13.9687078859     2.8606003086     1.0244385015
H       18.4560106831     3.3319999755     1.3847238911
H       13.7212144236     1.1000013968     2.6883149827
H       18.5541645520     1.1056407958     2.3301912534
H       16.4206683150     0.9020168215     7.7969925902
H       14.2562058899     0.9775438899     6.6904679303
H       20.3406433456     2.6979695828     2.7920113299
H       16.1900577050     0.0687479938     5.5381745390
32
# Point -10 Energy = 0.0
C       20.6101147382     3.6479564993     7.5705636622
H       19.1112556736     3.6235158251     6.1004027745
C       19.4342975448     2.9828900566     6.9243764532
H       18.7668793681     2.5627160538     7.6788291196
H       20.5038681208     2.2963341262     5.6239040048
C       19.8700046147     1.6612417359     6.2042828014
H       19.2486575659     0.7472462458     6.3135763842
H       19.5920609255     0.6944244692     6.6607939553
H       21.4736746249     4.1525365722     7.0826781517
H       21.1540865026     2.8088653465     7.9831787601
H       20.4744221154     4.7305280082     7.4937555555
Si       16.4296082124     3.4120630215     4.3996126522
O       16.3080506106     4.9994874226     4.7441872522
O       17.9411966346     3.0808870619     3.8582510123
O       15.3815489526     2.9992624044     3.2121452008
O       16.0984608684     2.5758454739     5.7598460876
Si       16.4945794650     6.6010796401     4.4093700164
Si       13.9667937244     2.5613989544     2.4905200572
Si       18.8469895071     2.5486782541     2.5847502881
Si       15.7398635960     1.1287055063     6.4713729511
H       17.8833501600     6.8653241862     3.9204939718
H       15.5450621180     6.9655473794     3.3023191378
H       16.2550336522     7.4783922836     5.6214830811
H       12.8273527474     3.3043411693     3.0810368771
H       13.9672100529     2.8607963637     1.0250453581
H       18.4546880410     3.3325594716     1.3825295534
H       13.7209526848     1.0998728269     2.6887617214
H       18.5536655092     1.1060394411     2.3275320904
H       16.4237096539     0.9012248665     7.7956724366
H       14.2585282617     0.9767441477     6.6905544768
H       20.3402893616     2.6984566316     2.7884864561
H       16.1917249916     0.0683405544     5.5368530588
32
# Point -9 Energy = 0.0
C       20.6151582806     3.6487208809     7.5652344228
H       19.0974807677     3.6245266664     6.1061048019
C       19.4367618740     2.9797897159     6.9208470080
H       18.7593650164     2.5809493685     7.6788937291
H       20.5216226672     2.2492124888     5.5950249887
C       19.8660019603     1.6591824967     6.2033648650
H       19.1958476289     0.7770936878     6.2601026743
H       19.6502736436     0.7015808946     6.7081576484
H       21.4693476520     4.1290813524     7.0414817280
H       21.1581391060     2.8303228598     8.0215775464
H       20.4605465394     4.7314560004     7.5495125324
Si       16.4303838232     3.4118045168     4.3988399919
O       16.3088677105     4.9993341095     4.7437229596
O       17.9414629245     3.0808830693     3.8564149346
O       15.3814058698     2.9991362170     3.2119726387
O       16.0999527999     2.5752962345     5.7593501906
Si       16.4951132129     6.6008255795     4.4089884914
Si       13.9663185833     2.5613300436     2.4912377742
Si       18.8464973269     2.5487293416     2.5824513864
Si       15.7419139207     1.1283104734     6.4707068674
H       17.8835783504     6.8652220796     3.9192616808
H       15.5448953912     6.9654293667     3.3025799391
H       16.2563149603     7.4780148081     5.6213574765
H       12.8271939465     3.3041445332     3.0825555446
H       13.9657714986     2.8609010488     1.0257900741
H       18.4534464385     3.3327960785     1.3804961393
H       13.7206330631     1.0997603723     2.6894418516
H       18.5531114464     1.1061628177     2.3251595019
H       16.4266245044     0.9005845834     7.7946239587
H       14.2607415467     0.9761554086     6.6908848983
H       20.3399640951     2.6985939960     2.7851787204
H       16.1932440511     0.0679709095     5.5358483951
32
# Point -8 Energy = 0.0
C       20.6200625672     3.6494855131     7.5600402887
H       19.0838902908     3.6251055466     6.1120672980
C       19.4390894882     2.9766135597     6.9175525595
H       18.7520144389     2.5994483692     7.6788888649
H       20.5367982345     2.2018808645     5.5691094263
C       19.8619560736     1.6569446916     6.2029756071
H       19.1475667698     0.8101536285     6.2051709366
H       19.7108446110     0.7126174144     6.7522777427
H       21.4646009330     4.1045317488     7.0026092328
H       21.1593749062     2.8513454634     8.0576266046
H       20.4461328858     4.7286221947     7.6033295640
Si       16.4311323603     3.4115041110     4.3981846158
O       16.3097456825     4.9991671857     4.7432765240
O       17.9416978303     3.0807106012     3.8547638140
O       15.3812471948     2.9989615464     3.2119105059
O       16.1013236376     2.5748075412     5.7590113325
Si       16.4958177292     6.6005261667     4.4085342593
Si       13.9658235622     2.5612569116     2.4920486753
Si       18.8459804049     2.5484790290     2.5803982793
Si       15.7437309963     1.1280411255     6.4702735902
H       17.8840084822     6.8649589873     3.9179842623
H       15.5449569718     6.9652582574     3.3027168336
H       16.2577838025     7.4776798454     5.6210983732
H       12.8270435314     3.3040499874     3.0840871187
H       13.9643770296     2.8609131221     1.0266104870
H       18.4522665070     3.3326832453     1.3786494045
H       13.7201967007     1.0996709093     2.6902956864
H       18.5524510390     1.1059875259     2.3231105134
H       16.4292505881     0.9001072894     7.7938427540
H       14.2627059524     0.9757974553     6.6914110521
H       20.3396163810     2.6983495219     2.7821543551
H       16.1944930169     0.0676426402     5.5351547982
32
# Point -7 Energy = 0.0
C       20.6247337437     3.6502369792     7.5550264666
H       19.0704056138     3.6252566936     6.1183019160
C       19.4411923817     2.9733543973     6.9145231898
H       18.7447268075     2.6182017461     7.6788173033
H       20.5496273340     2.1541456005     5.5458765568
C       19.8577921565     1.6545215484     6.2031527469
H       19.1041325746     0.8461367972     6.1490019881
H       19.7735458935     0.7272955649     6.7925965340
H       21.4594121723     4.0789628549     6.9660511497
H       21.1584271368     2.8722866514     8.0917479417
H       20.4316924476     4.7223760952     7.6555667032
Si       16.4318011001     3.4111607385     4.3976350246
O       16.3106319147     4.9989864539     4.7428325396
O       17.9418550472     3.0803632337     3.8533067659
O       15.3810348158     2.9987390344     3.2119337215
O       16.1024998822     2.5743811975     5.7588148962
Si       16.4966496264     6.6001802024     4.4079921201
Si       13.9652788090     2.5611836064     2.4929093054
Si       18.8454079368     2.5479164460     2.5786128816
Si       15.7452275472     1.1279012478     6.4700557922
H       17.8846046154     6.8645287772     3.9166646838
H       15.5452193218     6.9650343293     3.3027012802
H       16.2593831455     7.4773885311     5.6206862178
H       12.8268658572     3.3040658826     3.0855718789
H       13.9630173166     2.8608347107     1.0274625836
H       18.4511358664     3.3322097165     1.3770047768
H       13.7196067325     1.0996094977     2.6912785817
H       18.5516526458     1.1055032294     2.3214051450
H       16.4314822316     0.8997964067     7.7933211208
H       14.2643306719     0.9756789448     6.6920960362
H       20.3392132646     2.6977079731     2.7794550703
H       16.1953939892     0.0673569117     5.5347624417
32
# Point -6 Energy = 0.0
C       20.6291087650     3.6509684766     7.5502249269
H       19.0569731010     3.6249910859     6.1248132366
C       19.4430120843     2.9700104027     6.9117790670
H       18.7374355874     2.6372002410     7.6786739224
H       20.5602847053     2.1058570215     5.5251357408
C       19.8534642357     1.6519140802     6.2039193104
H       19.0658479874     0.8847546549     6.0918450103
H       19.8380587206     0.7454301057     6.8286660668
H       21.4537413469     4.0524298846     6.9317222958
H       21.1557343905     2.8934232480     8.1242690674
H       20.4176114907     4.7129926191     7.7065042528
Si       16.4323552345     3.4107752035     4.3971829371
O       16.3114890745     4.9987926534     4.7423820263
O       17.9419047921     3.0798412309     3.8520493075
O       15.3807446593     2.9984705063     3.2120240345
O       16.1034337347     2.5740177485     5.7587494217
Si       16.4975753041     6.5997884308     4.4073552597
Si       13.9646666285     2.5611129416     2.4937881359
Si       18.8447617090     2.5470419068     2.5771088573
Si       15.7463486672     1.1278912763     6.4700383207
H       17.8853378935     6.8639316588     3.9153090131
H       15.5456591560     6.9647592158     3.3025176635
H       16.2610685303     7.4771412599     5.6201123343
H       12.8266379832     3.3041953841     3.0869680059
H       13.9616883332     2.8606691746     1.0283147794
H       18.4500477285     3.3313764197     1.3755723875
H       13.7188430169     1.0995790303     2.6923563419
H       18.5506998448     1.1047104890     2.3200539170
H       16.4332522130     0.8996515416     7.7930503253
H       14.2655585602     0.9758010013     6.6929109826
H       20.3387348520     2.6966687988     2.7771084166
H       16.1959002698     0.0671143078     5.5346599953
32
# Point -5 Energy = 0.0
C       20.6331457579     3.6516785429     7.5456583913
H       19.0435563535     3.6243251559     6.1316011403
C       19.4445105377     2.9665841787     6.9093332079
H       18.7300980883     2.6564361659     7.6784480913
H       20.5689038680     2.0568903681     5.5067540041
C       19.8489462053     1.6491295827     6.2052875149
H       19.0329889394     0.9257244099     6.0339734264
H       19.9040072345     0.7668686763     6.8601266391
H       21.4475443255     4.0249801008     6.8995223511
H       21.1516102534     2.9149703703     8.1554331392
H       20.4041879394     4.7006947418     7.7563404672
Si       16.4327721475     3.4103497945     4.3968221862
O       16.3122897924     4.9985872741     4.7419205608
O       17.9418285615     3.0791501605     3.8509942788
O       15.3803622441     2.9981586559     3.2121677885
O       16.1040952402     2.5737168008     5.7588053969
Si       16.4985668932     6.5993531258     4.4066230007
Si       13.9639777237     2.5610466287     2.4946617394
Si       18.8440321596     2.5458645511     2.5758938904
Si       15.7470623116     1.1280090877     6.4702070893
H       17.8861832206     6.8631728568     3.9139258067
H       15.5462549722     6.9644355464     3.3021597311
H       16.2628029674     7.4769378766     5.6193760228
H       12.8263455820     3.3044374281     3.0882460405
H       13.9603895861     2.8604206590     1.0291439970
H       18.4489988745     3.3301938362     1.3743585651
H       13.7178973622     1.0995805699     2.6935016479
H       18.5495870577     1.1036184545     2.3190603126
H       16.4345204741     0.8996694430     7.7930204180
H       14.2663562922     0.9761588582     6.6938321549
H       20.3381701751     2.6952430838     2.7751318596
H       16.1959874592     0.0669150150     5.5348344999
32
# Point -4 Energy = 0.0
C       20.6368182993     3.6523691010     7.5413422672
H       19.0301315409     3.6232791379     6.1386618591
C       19.4456645497     2.9630812319     6.9071926786
H       18.7226890643     2.6759021876     7.6781247212
H       20.5755859158     2.0071344780     5.4906378872
C       19.8442261374     1.6461797366     6.2072605408
H       19.0057974101     0.9687746995     5.9756804413
H       19.9709804607     0.7914824133     6.8866934245
H       21.4407794990     3.9966580584     6.8693579021
H       21.1462876327     2.9370947889     8.1854150787
H       20.3916554931     4.6856696130     7.8052036532
Si       16.4330378545     3.4098877334     4.3965477810
O       16.3130136159     4.9983721275     4.7414469846
O       17.9416157811     3.0782995327     3.8501420238
O       15.3798797631     2.9978067792     3.2123543323
O       16.1044673789     2.5734768606     5.7589742211
Si       16.4996002099     6.5988775211     4.4057993704
Si       13.9632085858     2.5609855521     2.4955122904
Si       18.8432156655     2.5444003305     2.5749705973
Si       15.7473531953     1.1282501259     6.4705480323
H       17.8871176752     6.8622613014     3.9125256076
H       15.5469859613     6.9640666331     3.3016284460
H       16.2645544593     7.4767774339     5.6184828033
H       12.8259802758     3.3047876402     3.0893854580
H       13.9591226756     2.8600941138     1.0299331269
H       18.4479881625     3.3286799654     1.3733663495
H       13.7167700817     1.0996137691     2.6946916327
H       18.5483163299     1.1022429396     2.3184217318
H       16.4352669779     0.8998440367     7.7932196937
H       14.2667080463     0.9767427228     6.6948388913
H       20.3375143973     2.6934508661     2.7735347082
H       16.1956475044     0.0667585690     5.5352708235
32
# Point -3 Energy = 0.0
C       20.6401118652     3.6530434983     7.5372857558
H       19.0166845018     3.6218754841     6.1459885599
C       19.4464622906     2.9595084106     6.9053592162
H       18.7151966320     2.6955899895     7.6776848642
H       20.5804043962     1.9564837648     5.4767226462
C       19.8393025692     1.6430787918     6.2098334658
H       18.9844770916     1.0136535848     5.9172751246
H       20.0385480170     0.8191639418     6.9081480958
H       21.4334105638     3.9675073943     6.8411484400
H       21.1399466571     2.9599246385     8.2143359728
H       20.3801995263     4.6680788118     7.8531661538
Si       16.4331447604     3.4093925982     4.3963552382
O       16.3136452439     4.9981488508     4.7409625650
O       17.9412616631     3.0773015867     3.8494903950
O       15.3792941959     2.9974185147     3.2125749404
O       16.1045429089     2.5732949826     5.7592474530
Si       16.5006537648     6.5983652245     4.4048922225
Si       13.9623597491     2.5609300069     2.4963259162
Si       18.8423127403     2.5426703403     2.5743369622
Si       15.7472187570     1.1286072394     6.4710463065
H       17.8881198312     6.8612084632     3.9111206412
H       15.5478316418     6.9636561752     3.3009306791
H       16.2662948319     7.4766577975     5.6174433643
H       12.8255379324     3.3052390682     3.0903724754
H       13.9578903027     2.8596954222     1.0306693623
H       18.4470155526     3.3268587250     1.3725957053
H       13.7154675879     1.0996772115     2.6959062358
H       18.5468950710     1.1006048423     2.3181299100
H       16.4354870099     0.9001660933     7.7936341965
H       14.2666113185     0.9775382085     6.6959121833
H       20.3367669764     2.6913189009     2.7723191757
H       16.1948846494     0.0666434379     5.5359511371
32
# Point -2 Energy = 0.0
C       20.6430215891     3.6537044856     7.5334925087
H       19.0032089158     3.6201372770     6.1535716894
C       19.4469010247     2.9558722621     6.9038295354
H       18.7076196043     2.7154887934     7.6771060761
H       20.5834077738     1.9048309813     5.4649655126
C       19.8341820057     1.6398417534     6.2129937141
H       18.9691901186     1.0601402823     5.8590795096
H       20.1062719752     0.8498317433     6.9243340676
H       21.4254073047     3.9375706334     6.8148259634
H       21.1327326228     2.9835558304     8.2422744315
H       20.3699680179     4.6480642270     7.9002566479
Si       16.4330902255     3.4088676802     4.3962400998
O       16.3141735292     4.9979183160     4.7404704738
O       17.9407658078     3.0761701379     3.8490346799
O       15.3786060611     2.9969975464     3.2128220548
O       16.1043222812     2.5731662343     5.7596162435
Si       16.5017083944     6.5978195746     4.4039127575
Si       13.9614345961     2.5608798716     2.4970915632
Si       18.8413268084     2.5406993551     2.5739865078
Si       15.7466663921     1.1290702591     6.4716856350
H       17.8891696110     6.8600272446     3.9097247064
H       15.5487719163     6.9632079345     3.3000784752
H       16.2679993269     7.4765750917     5.6162730145
H       12.8250175567     3.3057827433     3.0911986091
H       13.9566955763     2.8592315717     1.0313430647
H       18.4460814734     3.3247586209     1.3720435854
H       13.7140006544     1.0997686574     2.6971270114
H       18.5453344167     1.0987287688     2.3181710180
H       16.4351879719     0.9006225777     7.7942472458
H       14.2660740457     0.9785264090     6.6970336239
H       20.3359304325     2.6888786972     2.7714809488
H       16.1937125696     0.0665664389     5.5368543855
32
# Point -1 Energy = 0.0
C       20.6455509215     3.6543518302     7.5299609135
H       18.9897052057     3.6180863939     6.1613991086
C       19.4469856769     2.9521770548     6.9025953410
H       18.6999657898     2.7355834972     7.6763625528
H       20.5846199826     1.8520590177     5.4553413663
C       19.8288772145     1.6364823066     6.2167210430
H       18.9600537659     1.1080627084     5.8014271652
H       20.1737160719     0.8834416988     6.9351551110
H       21.4167454278     3.9068875579     6.7903321957
H       21.1247680164     3.0080556989     8.2692751256
H       20.3610794728     4.6257506066     7.9464700133
Si       16.4328756614     3.4083151722     4.3961975420
O       16.3145910217     4.9976798389     4.7399755052
O       17.9401312823     3.0749193277     3.8487674112
O       15.3778185685     2.9965472210     3.2130887046
O       16.1038122581     2.5730828682     5.7600708318
Si       16.5027473628     6.5972428303     4.4028753932
Si       13.9604384835     2.5608347326     2.4978001683
Si       18.8402633181     2.5385143925     2.5739081965
Si       15.7457115005     1.1296252154     6.4724476381
H       17.8902485497     6.8587307702     3.9083532750
H       15.5497874613     6.9627253217     3.2990888088
H       16.2696467893     7.4765228699     5.6149915881
H       12.8244205569     3.3064081234     3.0918597353
H       13.9555414635     2.8587109036     1.0319469578
H       18.4451863711     3.3224115428     1.3717038336
H       13.7123830481     1.0998852196     2.6983361478
H       18.5436479252     1.0966417026     2.3185254052
H       16.4343871515     0.9011955361     7.7950388530
H       14.2651125695     0.9796835671     6.6981845039
H       20.3350094778     2.6861645911     2.7710093247
H       16.1921522333     0.0665218820     5.5379555999
32
# Point 0 Energy = 0
C       20.6477110000     3.6549790000     7.5266840000
H       18.9761800000     3.6157410000     6.1694560000
C       19.4467280000     2.9484220000     6.9016430000
H       18.6922510000     2.7558520000     7.6754250000
H       20.5840390000     1.7980300000     5.4478400000
C       19.8234060000     1.6330100000     6.2209870000
H       18.9571360000     1.1573250000     5.7446630000
H       20.2404540000     0.9200090000     6.9405780000
H       21.4074060000     3.8754920000     6.7676150000
H       21.1161610000     3.0334640000     8.2953550000
H       20.3536290000     4.6012450000     7.9917750000
Si       16.4325060000     3.4077350000     4.3962220000
O       16.3148940000     4.9974300000     4.7394840000
O       17.9393640000     3.0735620000     3.8486780000
O       15.3769370000     2.9960700000     3.2133680000
O       16.1030250000     2.5730330000     5.7606000000
Si       16.5037570000     6.5966350000     4.4017980000
Si       13.9593780000     2.5607940000     2.4984440000
Si       18.8391290000     2.5361430000     2.5740860000
Si       15.7443760000     1.1302530000     6.4733110000
H       17.8913405600     6.8573308000     3.9070238400
H       15.5508605600     6.9622108000     3.2979838400
H       16.2712205600     7.4764908000     5.6136238400
H       12.8237502400     3.3071035200     3.0923555200
H       13.9544302400     2.8581435200     1.0324755200
H       18.4443303200     3.3198514400     1.3715668800
H       13.7106302400     1.1000235200     2.6995155200
H       18.5418503200     1.0943714400     2.3191668800
H       16.4331100800     0.9018602400     7.7959848800
H       14.2637500800     0.9809802400     6.6993448800
H       20.3340103200     2.6832114400     2.7708868800
H       16.1902300800     0.0665002400     5.5392248800
32
# Point 1 Energy = 0.0
C       20.6495191896     3.6555731885     7.5236490779
H       18.9626434764     3.6131117314     6.1777254043
C       19.4461455991     2.9445992642     6.9009545073
H       18.6844986546     2.7762637299     7.6742625765
H       20.5816311996     1.7425710595     5.4424669579
C       19.8177896956     1.6294277972     6.2257564143
H       18.9604685207     1.2079248221     5.6891390390
H       20.3060804888     0.9596243750     6.9406182591
H       21.3973736040     3.8434125501     6.7466251813
H       21.1070063922     3.0597937364     8.3205084339
H       20.3476837889     4.5746370923     8.0361175929
Si       16.4319894364     3.4071242302     4.3963075437
O       16.3150830247     4.9971621664     4.7390040146
O       17.9384723857     3.0721082080     3.8487534204
O       15.3759684454     2.9955673197     3.2136533629
O       16.1019770943     2.5730003449     5.7611914957
Si       16.5047281981     6.5959932331     4.4007019117
Si       13.9582605936     2.5607574716     2.4990166828
Si       18.8379314780     2.5336111142     2.5744998012
Si       15.7426864277     1.1309293717     6.4742520028
H       17.8924336671     6.8558362964     3.9057561432
H       15.5519770023     6.9616656853     3.2967907065
H       16.2727102279     7.4764643269     5.6121993167
H       12.8230117357     3.3078573655     3.0926891554
H       13.9533635543     2.8575416898     1.0329249661
H       18.4435132893     3.3171122732     1.3716204746
H       13.7087581907     1.1001804038     2.7006468435
H       18.5399563545     1.0919445769     2.3200637287
H       16.4313882622     0.9025849543     7.7970577303
H       14.2620145890     0.9823821522     6.7004938610
H       20.3329403214     2.6800516752     2.7710906246
H       16.1879757121     0.0664877941     5.5406281291
32
# Point 2 Energy = 0.0
C       20.6510004076     3.6561049575     7.5208370262
H       18.9491117549     3.6101972295     6.1861868633
C       19.4452621118     2.9406870443     6.9005050969
H       18.6767392286     2.7967724365     7.6728399952
H       20.5773241907     1.6854408967     5.4392420934
C       19.8120529890     1.6257256779     6.2309837187
H       18.9700294081     1.2600333701     5.6352251629
H       20.3702134960     1.0025257978     6.9353644695
H       21.3866368173     3.8106605924     6.7273127321
H       21.0973968833     3.0870257544     8.3447093750
H       20.3432994369     4.5459912069     8.0794276595
Si       16.4313372016     3.4064738934     4.3964466957
O       16.3151635730     4.9968630739     4.7385455967
O       17.9374668487     3.0705617853     3.8489763316
O       15.3749210712     2.9950380017     3.2139372477
O       16.1006892696     2.5729599666     5.7618301993
Si       16.5056577381     6.5953086226     4.3996135790
Si       13.9570934443     2.5607250870     2.4995118955
Si       18.8366781580     2.5309403320     2.5751227900
Si       15.7406731315     1.1316202332     6.4752415038
H       17.8935213397     6.8542499876     3.9045736937
H       15.5531273079     6.9610884185     3.2955437468
H       16.2741136941     7.4764205016     5.6107548658
H       12.8222113814     3.3086579979     3.0928670271
H       13.9523410717     2.8569209295     1.0332922033
H       18.4427341053     3.3142265700     1.3718478793
H       13.7067815626     1.1003526267     2.7017091330
H       18.5379789331     1.0893841486     2.3211748973
H       16.4292585961     0.9033246783     7.7982229479
H       14.2599381045     0.9838459994     6.7016068411
H       20.3318070113     2.6767116565     2.7715891374
H       16.1854203321     0.0664625256     5.5421229552
32
# Point 3 Energy = 0.0
C       20.6521928867     3.6565098576     7.5182176317
H       18.9356126926     3.6069747290     6.1948124507
C       19.4441108245     2.9366361726     6.9002568975
H       18.6690138876     2.8173021787     7.6711114315
H       20.5709930553     1.6262884791     5.4381982307
C       19.8062254260     1.6218682217     6.2366033843
H       18.9857015074     1.3141365341     5.5833437898
H       20.4324828028     1.0492262078     6.9250357609
H       21.3751910056     3.7772105565     6.7096183141
H       21.0874358348     3.1150927246     8.3679085539
H       20.3405341567     4.5153278301     8.1216207454
Si       16.4305649627     3.4057630712     4.3966281959
O       16.3151493220     4.9965064086     4.7381215785
O       17.9363602792     3.0689139817     3.8493206049
O       15.3738038630     2.9944755208     3.2142092858
O       16.0991884608     2.5728701772     5.7624947389
Si       16.5065527358     6.5945602331     4.3985680641
Si       13.9558820273     2.5606968659     2.4999222452
Si       18.8353748497     2.5281430059     2.5759150234
Si       15.7383717219     1.1322725654     6.4762393217
H       17.8946066547     6.8525619662     3.9035062346
H       15.5543103395     6.9604715349     3.2942896784
H       16.2754437527     7.4763200214     5.6093399977
H       12.8213566319     3.3094936117     3.0929001807
H       13.9513577526     2.8563026319     1.0335742363
H       18.4419885332     3.3112231093     1.3722232694
H       13.7047111056     1.1005366560     2.7026751871
H       18.5359260856     1.0867054700     2.3224412462
H       16.4267660209     0.9040089921     7.7994324568
H       14.2575581816     0.9853113936     6.7026512135
H       20.3306170580     2.6732049688     2.7723347833
H       16.1825961813     0.0663863225     5.5436506272
32
# Point 4 Energy = 0.0
C       20.6531542680     3.6566685650     7.5157417185
H       18.9221888179     3.6033818934     6.2035621920
C       19.4427391972     2.9323513978     6.9001525426
H       18.6613808643     2.8377288882     7.6690164187
H       20.5624325162     1.5645934319     5.4393861711
C       19.8003423923     1.6177761971     6.2425207822
H       19.0072554481     1.3712174890     5.5340188990
H       20.4925145282     1.1006880811     6.9100219842
H       21.3630408168     3.7429805634     6.6934624668
H       21.0772424354     3.1438555328     8.3900274553
H       20.3394481575     4.4825996503     8.1625917639
Si       16.4296952548     3.4049512671     4.3968353123
O       16.3150683056     4.9960447691     4.7377490860
O       17.9351690996     3.0671337493     3.8497470985
O       15.3726267375     2.9938648577     3.2144551222
O       16.0975102142     2.5726629677     5.7631546405
Si       16.5074396861     6.5937073231     4.3976133620
Si       13.9546284415     2.5606740897     2.5002390426
Si       18.8340241135     2.5252130980     2.5768170184
Si       15.7358233796     1.1328042367     6.4771890967
H       17.8957112591     6.8507399681     3.9025928105
H       15.5555417345     6.9597979991     3.2930937998
H       16.2767404684     7.4760976072     5.6080232004
H       12.8204566789     3.3103546686     3.0928069601
H       13.9504009705     2.8557180803     1.0337684952
H       18.4412677509     3.3081209148     1.3727073028
H       13.7025492117     1.1007299810     2.7035088867
H       18.5337960110     1.0839080981     2.3237767558
H       16.4239649962     0.9045278806     7.8006181352
H       14.2549182096     0.9866933240     6.7035828069
H       20.3293751576     2.6695197798     2.7732557104
H       16.1795334775     0.0661956501     5.5451283228
32
# Point 5 Energy = 0.0
C       20.6539784442     3.6563599157     7.5133228090
H       18.9089097189     3.5992823401     6.2123714193
C       19.4412209006     2.9276517606     6.9000973832
H       18.6539301946     2.8578404058     7.6664653048
H       20.5513173598     1.4995870389     5.4428762633
C       19.7944502383     1.6132885147     6.2485872038
H       19.0342713069     1.4331292617     5.4880131181
H       20.5498598099     1.1586763876     6.8910115434
H       21.3502106433     3.7077854140     6.6787226321
H       21.0669731447     3.1730521188     8.4109392875
H       20.3401242888     4.4476394333     8.2022022094
Si       16.4287631131     3.4039617996     4.3970403169
O       16.3149756811     4.9953919072     4.7374517772
O       17.9339158013     3.0651479751     3.8501915589
O       15.3714007170     2.9931753937     3.2146524908
O       16.0957057084     2.5722223162     5.7637620798
Si       16.5083821246     6.5926724312     4.3968193838
Si       13.9533275978     2.5606608844     2.5004510763
Si       18.8326215318     2.5221089110     2.5777321256
Si       15.7330788138     1.1330803769     6.4780045987
H       17.8968923526     6.8487094941     3.9018873136
H       15.5568692988     6.9590330266     3.2920538185
H       16.2780961771     7.4756403418     5.6069057976
H       12.8195234369     3.3112370278     3.0926190385
H       13.9494429571     2.8552168565     1.0338729650
H       18.4405535888     3.3049190661     1.3732344063
H       13.7002812713     1.1009327128     2.7041580529
H       18.5315670771     1.0809608817     2.3250452233
H       16.4209269741     0.9046993523     7.8016747950
H       14.2520715789     0.9878630910     6.7043364455
H       20.3280814883     2.6655949921     2.7742339200
H       16.1762572606     0.0657805708     5.5464290018
32
# Point 6 Energy = 0.0
C       20.6548382201     3.6551615790     7.5107899693
H       18.8959035268     3.5943928896     6.2211181643
C       19.4396875424     2.9221868213     6.8999150546
H       18.6468223593     2.8772516287     7.6633026686
H       20.5371692805     1.4302301694     5.4487357341
C       19.7886226351     1.6080820686     6.2545393578
H       19.0659276555     1.5033028593     5.4467109411
H       20.6037420309     1.2264338675     6.8693029950
H       21.3367743387     3.6712389355     6.6651772604
H       21.0568727455     3.2021870347     8.4304173346
H       20.3427192170     4.4100506092     8.2402422885
Si       16.4278306216     3.4026468534     4.3971904971
O       16.3149835798     4.9943851983     4.7372628849
O       17.9326362064     3.0628002985     3.8505344676
O       15.3701393216     2.9923462096     3.2147620289
O       16.0938613519     2.5713380462     5.7642323556
Si       16.5095200585     6.5913057409     4.3962954521
Si       13.9519592444     2.5606678399     2.5005430639
Si       18.8311479803     2.5187177322     2.5784832512
Si       15.7302126650     1.1328628967     6.4785387893
H       17.8982799117     6.8463123035     3.9014667889
H       15.5584059976     6.9581070566     3.2913290830
H       16.2797120217     7.4747415860     5.6061503236
H       12.8185744454     3.3121484390     3.0923970557
H       13.9484227529     2.8548853112     1.0338876122
H       18.4398067560     3.3015765732     1.3736806907
H       13.6978580303     1.1011511586     2.7045403271
H       18.5291767191     1.0777715505     2.3260050001
H       16.4177641717     0.9042001925     7.8024211318
H       14.2490968908     0.9886071272     6.7048060915
H       20.3267267260     2.6612711947     2.7750507704
H       16.1727855958     0.0649402284     5.5473359260
32
# Point 7 Energy = 0.0
C       20.6561040427     3.6522499057     7.5077532927
H       18.8834449132     3.5881370680     6.2295300527
C       19.4384223211     2.9152674079     6.8992251794
H       18.6404012978     2.8952304721     7.6592065797
H       20.5195144508     1.3557416573     5.4568511595
C       19.7830209053     1.6015115733     6.2598397996
H       19.1003180884     1.5878677603     5.4132952582
H       20.6521184839     1.3097603259     6.8476702721
H       21.3229435989     3.6325618436     6.6523505237
H       21.0474155793     3.2303056973     8.4479869213
H       20.3476042784     4.3689854218     8.2763158215
Si       16.4270285401     3.4007172898     4.3971687378
O       16.3153335753     4.9927093111     4.7372240979
O       17.9314031747     3.0597717121     3.8505181823
O       15.3688663352     2.9912575921     3.2147039278
O       16.0921610082     2.5696098202     5.7643938610
Si       16.5111571342     6.5893134826     4.3962202182
Si       13.9504727085     2.5607198357     2.5004964588
Si       18.8295553163     2.5147921329     2.5786963933
Si       15.7273821545     1.1317038057     6.4785103392
H       17.9001556729     6.8432260284     3.9014339413
H       15.5603962003     6.9568825042     3.2912013765
H       16.2820264780     7.4730054591     5.6060356703
H       12.8176424662     3.3131192458     3.0922752468
H       13.9472003387     2.8548873113     1.0338218519
H       18.4389351381     3.2979812322     1.3737743150
H       13.6951643333     1.1014048329     2.7045174170
H       18.5264805604     1.0741331224     2.3261675224
H       16.4147163301     0.9024197668     7.8025047246
H       14.2461600067     0.9885364242     6.7048034368
H       20.3252843377     2.6562011590     2.7752380423
H       16.1691508310     0.0632907983     5.5474347387
32
# Point 8 Energy = 0.0
C       20.6585953187     3.6465071083     7.5033027294
H       18.8721447399     3.5797208035     6.2369765914
C       19.4380991164     2.9059485565     6.8971960971
H       18.6354751524     2.9107527595     7.6534890450
H       20.4994765871     1.2798594319     5.4660459880
C       19.7781355063     1.5927082788     6.2633973842
H       19.1323558596     1.6926870949     5.3956749458
H       20.6884435093     1.4142305238     6.8321425667
H       21.3092595689     3.5907147553     6.6391698867
H       21.0396270912     3.2561003100     8.4626097152
H       20.3556314537     4.3232187058     8.3095523969
Si       16.4266552474     3.3977780143     4.3967088309
O       16.3164724627     4.9899242190     4.7373254015
O       17.9304058866     3.0556612995     3.8495805100
O       15.3676645464     2.9897535708     3.2143234298
O       16.0910766299     2.5664576273     5.7639107630
Si       16.5137779936     6.5862946853     4.3967901742
Si       13.9488101443     2.5608508055     2.5003233920
Si       18.8277940306     2.5100691959     2.5775814560
Si       15.7250912717     1.1289381271     6.4774282087
H       17.9029383092     6.8390425200     3.9017968090
H       15.5631669341     6.9551792905     3.2920771424
H       16.2857724103     7.4698629127     5.6069276856
H       12.8168101267     3.3141607247     3.0925627987
H       13.9454968857     2.8554765136     1.0337323436
H       18.4377394703     3.2940731402     1.3729059196
H       13.6920902237     1.1017125719     2.7039250542
H       18.5233039443     1.0698387548     2.3245768990
H       16.4124887896     0.8984546953     7.8012881100
H       14.2437937916     0.9870386682     6.7040574150
H       20.3237444721     2.6500051201     2.7737829593
H       16.1656431256     0.0602812151     5.5460027111
32
# Point 9 Energy = 0.0
C       20.6623245991     3.6419145515     7.4973633245
H       18.8620452853     3.5720504441     6.2434163929
C       19.4390542721     2.8975329424     6.8939303739
H       18.6323855718     2.9269335164     7.6462773124
H       20.4844422389     1.2239257599     5.4740923769
C       19.7748808743     1.5849721551     6.2656235380
H       19.1569267097     1.7794234771     5.3953596352
H       20.7051625595     1.5028297896     6.8222300590
H       21.2955797384     3.5497181585     6.6255139533
H       21.0337791279     3.2839265912     8.4743041128
H       20.3663444451     4.2767464106     8.3395880208
Si       16.4268155726     3.3951899364     4.3958172880
O       16.3178003885     4.9874235580     4.7371890684
O       17.9298974022     3.0523661797     3.8478011863
O       15.3668132003     2.9884395358     3.2137332957
O       16.0910903290     2.5634232218     5.7629924089
Si       16.5160720873     6.5836480170     4.3972402201
Si       13.9474373747     2.5608636733     2.5002499186
Si       18.8263517726     2.5065378781     2.5753445072
Si       15.7244644007     1.1261177410     6.4758517362
H       17.9052018129     6.8356580882     3.9017201765
H       15.5652376276     6.9537071980     3.2931087532
H       16.2892542405     7.4669029782     5.6078486843
H       12.8162126203     3.3147155684     3.0933108683
H       13.9436387817     2.8561005216     1.0337744372
H       18.4363523238     3.2913772115     1.3710949706
H       13.6897504937     1.1018128093     2.7033438174
H       18.5207723695     1.0666815958     2.3217896201
H       16.4123159252     0.8944815744     7.7993812634
H       14.2431873731     0.9850623356     6.7031712929
H       20.3225333896     2.6453839399     2.7708478001
H       16.1638556921     0.0574346416     5.5438549469
32
# Point 10 Energy = 0.0
C       20.6648431799     3.6445765877     7.4927159259
H       18.8513578990     3.5695831454     6.2507899886
C       19.4395312563     2.8951441774     6.8920268238
H       18.6289608988     2.9488769259     7.6397509450
H       20.4742596022     1.1876614975     5.4840279650
C       19.7724959833     1.5832451258     6.2700225753
H       19.1848704168     1.8066212818     5.3874644576
H       20.7193153888     1.5347817692     6.8002713925
H       21.2797419834     3.5153999092     6.6144887653
H       21.0271658188     3.3206298727     8.4861974198
H       20.3763248842     4.2359475547     8.3686095323
Si       16.4267135803     3.3950627165     4.3953267788
O       16.3175145740     4.9874555203     4.7366846189
O       17.9295323699     3.0524743744     3.8469480190
O       15.3663109870     2.9881907130     3.2134773723
O       16.0911724279     2.5632197796     5.7627813821
Si       16.5155631087     6.5835329603     4.3966257025
Si       13.9469282043     2.5604780148     2.5003660868
Si       18.8257968435     2.5065312173     2.5745061918
Si       15.7248781062     1.1261690068     6.4755640249
H       17.9045813655     6.8356812025     3.9007986830
H       15.5644791001     6.9534941258     3.2926726462
H       16.2889351938     7.4668579391     5.6072377985
H       12.8157345245     3.3142466400     3.0936224895
H       13.9427650392     2.8556391721     1.0338678435
H       18.4355200876     3.2913334946     1.3702221096
H       13.6893876493     1.1014043732     2.7035704176
H       18.5203370321     1.0666878773     2.3209984918
H       16.4130463940     0.8945452954     7.7990377757
H       14.2436792535     0.9848831439     6.7032802231
H       20.3220508963     2.6455708189     2.7696097053
H       16.1641865509     0.0573757666     5.5436012080
32
# Point 11 Energy = 0.0
C       20.6668275223     3.6490592785     7.4886880570
H       18.8405529012     3.5684166233     6.2586323106
C       19.4396791046     2.8942992327     6.8907186895
H       18.6254430623     2.9723137941     7.6332379761
H       20.4650723974     1.1566417276     5.4952466501
C       19.7702447005     1.5830536064     6.2753373516
H       19.2155499917     1.8192827044     5.3766207654
H       20.7338976703     1.5529801887     6.7737783230
H       21.2619435344     3.4820579871     6.6052527640
H       21.0204140212     3.3602390970     8.4973815163
H       20.3863587290     4.1951663024     8.3961255381
Si       16.4264737702     3.3955660266     4.3950200245
O       16.3167476630     4.9881431658     4.7361362243
O       17.9291574581     3.0534257898     3.8464967446
O       15.3658835255     2.9882099533     3.2133394756
O       16.0911195214     2.5637676414     5.7628282068
Si       16.5143070397     6.5840653454     4.3957742282
Si       13.9466569324     2.5599929226     2.5004963085
Si       18.8254818811     2.5073670571     2.5742460977
Si       15.7253498244     1.1269980292     6.4756864603
H       17.9032222149     6.8365500281     3.8997648416
H       15.5630290313     6.9535975782     3.2918409753
H       16.2875619559     7.4675806613     5.6062446291
H       12.8152827465     3.3135423794     3.0937172913
H       13.9422400532     2.8548792198     1.0339349987
H       18.4349156435     3.2918948930     1.3697768251
H       13.6895182958     1.1008748688     2.7039789871
H       18.5204456757     1.0674441376     2.3209452386
H       16.4137279844     0.8956971631     7.7992142469
H       14.2442303105     0.9852295822     6.7036493039
H       20.3217593431     2.6469123251     2.7691020530
H       16.1648860945     0.0580526901     5.5439522572
32
# Point 12 Energy = 0.0
C       20.6686664888     3.6539251462     7.4848976922
H       18.8299130668     3.5675416819     6.2666887934
C       19.4397249606     2.8938166662     6.8896360017
H       18.6221221976     2.9960968101     7.6264300052
H       20.4569172648     1.1295003989     5.5069330492
C       19.7680994275     1.5832286558     6.2810384049
H       19.2475067171     1.8281769765     5.3660293659
H       20.7476777427     1.5677344895     6.7459669962
H       21.2419363148     3.4480007482     6.5972531849
H       21.0140322879     3.4011993655     8.5073635104
H       20.3963542418     4.1526471883     8.4217262381
Si       16.4262177377     3.3962194563     4.3947935364
O       16.3158918779     4.9889905296     4.7355987236
O       17.9288013494     3.0545598243     3.8462018073
O       15.3655035076     2.9882921580     3.2132550149
O       16.0910244662     2.5645090680     5.7629752788
Si       16.5129177162     6.5847506225     4.3948769856
Si       13.9464782906     2.5594898308     2.5006391698
Si       18.8252585399     2.5083667559     2.5742017494
Si       15.7258025280     1.1280363638     6.4759523694
H       17.9017409302     6.8376024364     3.8987323132
H       15.5614779316     6.9537740704     3.2909092690
H       16.2859729324     7.4684971352     5.6051603267
H       12.8148716404     3.3128027057     3.0937475873
H       13.9418572466     2.8540412459     1.0340026790
H       18.4344240349     3.2925567009     1.3694992547
H       13.6897867705     1.1003264041     2.7044490724
H       18.5207092453     1.0683429527     2.3211536622
H       16.4143443584     0.8971375243     7.7995719344
H       14.2447583639     0.9857403572     6.7041066109
H       20.3215460194     2.6484804150     2.7688663304
H       16.1656444026     0.0589173161     5.5445084425
32
# Point 13 Energy = 0.0
C       20.6705128025     3.6589332957     7.4812510325
H       18.8195551573     3.5668140407     6.2749129014
C       19.4397827856     2.8935066885     6.8886994531
H       18.6191375670     3.0200322354     7.6192703482
H       20.4500383567     1.1060536324     5.5187456203
C       19.7661162648     1.5835825370     6.2870137532
H       19.2804096432     1.8354301531     5.3564228570
H       20.7603931633     1.5810636607     6.7175698921
H       21.2188905642     3.4125912982     6.5901820034
H       21.0083175662     3.4433151410     8.5159805159
H       20.4054712095     4.1076295792     8.4451690319
Si       16.4260148048     3.3969467574     4.3946443928
O       16.3150704966     4.9899208212     4.7350887320
O       17.9285105337     3.0557627793     3.8460210812
O       15.3652006236     2.9884042647     3.2132418158
O       16.0909648949     2.5653629112     5.7632187185
Si       16.5115563934     6.5855098814     4.3939629441
Si       13.9463928049     2.5589842144     2.5008415183
Si       18.8251275136     2.5094044090     2.5743040394
Si       15.7262892678     1.1292058270     6.4763511788
H       17.9002943173     6.8387247777     3.8976999130
H       15.5599716545     6.9539838789     3.2899329505
H       16.2843834289     7.4695220281     5.6040286156
H       12.8145374753     3.3120693338     3.0937950034
H       13.9415910228     2.8531564971     1.0341210025
H       18.4340401420     3.2932170934     1.3693379077
H       13.6901563436     1.0997797448     2.7050180485
H       18.5210809510     1.0692699610     2.3215465276
H       16.4149731393     0.8987542445     7.8000815085
H       14.2453177758     0.9863775486     6.7046750998
H       20.3214202290     2.6501039732     2.7687995220
H       16.1664617069     0.0598887913     5.5452374312
32
# Point 14 Energy = 0.0
C       20.6725390876     3.6640855574     7.4776884857
H       18.8096188678     3.5662640380     6.2832948906
C       19.4400050930     2.8933808474     6.8878779462
H       18.6166654309     3.0441222776     7.6117501421
H       20.4446989894     1.0862242889     5.5304703132
C       19.7644227296     1.5841250558     6.2932254378
H       19.3142118907     1.8417440251     5.3480464117
H       20.7720789809     1.5936263902     6.6888401456
H       21.1911819849     3.3751919275     6.5835893288
H       21.0035915922     3.4866936922     8.5231032559
H       20.4121247471     4.0592235310     8.4660983173
Si       16.4259637884     3.3977542485     4.3946051481
O       16.3143984129     4.9909437850     4.7346277515
O       17.9283696401     3.0570284052     3.8459560482
O       15.3650448778     2.9885481625     3.2133599043
O       16.0910661284     2.5663489083     5.7636056919
Si       16.5103386775     6.5863488874     4.3930356303
Si       13.9464521421     2.5584794112     2.5011991197
Si       18.8251418418     2.5104582867     2.5745388668
Si       15.7269438942     1.1305341530     6.4769504595
H       17.8989881097     6.8399112828     3.8966376308
H       15.5586028342     6.9542284003     3.2889339506
H       16.2829410228     7.4706725442     5.6028506159
H       12.8143492759     3.3113565712     3.0939744807
H       13.9414614958     2.8522158783     1.0343833792
H       18.4337939426     3.2938461433     1.3692808899
H       13.6906756007     1.0992413548     2.7057998658
H       18.5216005403     1.0702029264     2.3221288445
H       16.4157768354     0.9005826792     7.8007969093
H       14.2460468036     0.9871786418     6.7054570398
H       20.3214401376     2.6517550284     2.7688524970
H       16.1674452039     0.0609846705     5.5462059613
32
# Point 15 Energy = 0.0
C       20.6750618474     3.6694818496     7.4741253704
H       18.8003687866     3.5659942207     6.2918350258
C       19.4406833555     2.8935341188     6.8871454507
H       18.6150321313     3.0684554093     7.6038786973
H       20.4412352075     1.0699512852     5.5419471881
C       19.7632844184     1.5849449058     6.2996503525
H       19.3490451498     1.8474849881     5.3410127717
H       20.7829792820     1.6057659433     6.6598781124
H       21.1554922000     3.3350051255     6.5765482730
H       21.0001762669     3.5314866536     8.5285943432
H       20.4133838291     4.0061638051     8.4837147098
Si       16.4262586169     3.3986872044     4.3947575518
O       16.3140823849     4.9921112829     4.7342705927
O       17.9285512416     3.0583916001     3.8460363787
O       15.3651841593     2.9887456511     3.2137406304
O       16.0915758476     2.5675392004     5.7642473377
Si       16.5094575175     6.5873127757     4.3921109053
Si       13.9467764949     2.5579828791     2.5019072929
Si       18.8254245731     2.5115385922     2.5749116148
Si       15.7280423683     1.1321074336     6.4779037142
H       17.8979957755     6.8411976905     3.8955020328
H       15.5575211701     6.9545308079     3.2879581889
H       16.2818856888     7.4720174909     5.6016336689
H       12.8144501894     3.3106831898     3.0945108311
H       13.9415314501     2.8511980122     1.0349796237
H       18.4337611547     3.2944302255     1.3693335613
H       13.6914731521     1.0987227050     2.7070284891
H       18.5223816104     1.0711470625     2.3229461469
H       16.4170832115     0.9027351347     7.8018491583
H       14.2472303932     0.9882338430     6.7066666941
H       20.3217363336     2.6534479824     2.7689693026
H       16.1688347921     0.0622729310     5.5475713492
