32
# Point -15 Energy = 0.0
C       20.4488566946     3.6369225802     7.5889131809
H       19.2261194344     3.6401964653     7.0440222042
C       19.3770776657     2.6001423054     6.7023541828
H       19.2862284940     3.3327114015     7.5158867469
H       19.9173759708     2.0726497306     5.0189425738
C       19.5844646018     1.5624489183     5.9020303623
H       18.5718892283     1.8590818349     6.1440228717
H       19.8467270894     0.9189543403     6.7228378386
H       21.4234866367     3.9343028933     7.1327397712
H       21.3126576408     3.2209529944     8.1537699423
H       20.5773514017     4.5269867181     8.2302231228
Si       16.4670336664     3.3420666185     4.3728513205
O       16.3609481158     4.9279641688     4.7309128963
O       17.9672083804     3.0040189338     3.8189029133
O       15.4043010063     2.9460892411     3.1945754101
O       16.1402358489     2.4972892622     5.7323804268
Si       16.5576334604     6.5304578928     4.4058980310
Si       13.9790696502     2.5243768748     2.4830770954
Si       18.8624172605     2.4694198822     2.5336572290
Si       15.7767422389     1.0492734983     6.4335752009
H       17.9443445861     6.7869569504     3.9069474527
H       15.6017749572     6.9104395545     3.3095402917
H       16.3356000408     7.4010856519     5.6260803996
H       12.8512785612     3.2723151776     3.0895521419
H       13.9678903143     2.8337624005     1.0197798138
H       18.4659916574     3.2661508692     1.3399475995
H       13.7233255542     1.0635175774     2.6738257433
H       18.5532743346     1.0323247467     2.2687163355
H       16.4706299626     0.8057399411     7.7511938192
H       14.2964588390     0.9068673854     6.6659501583
H       20.3575220075     2.6058874256     2.7257540804
H       16.2120652992     -0.0080522349     5.4883042034
32
# Point -14 Energy = 0.0
C       20.4657159262     3.6317089203     7.5812309314
H       19.1960562894     3.6745599392     6.9828735435
C       19.3762136615     2.6176898552     6.7172164750
H       19.2567749801     3.3180268122     7.5550089500
H       19.9922329019     2.0641898800     5.0518299755
C       19.6217091545     1.5632938790     5.9271941118
H       18.5809779921     1.8089839876     6.1017691316
H       19.8855232135     0.9284481270     6.7559529775
H       21.4299837600     3.9193613375     7.1007253813
H       21.3086761262     3.1938953057     8.1584513490
H       20.5767721566     4.5295453197     8.2137663382
Si       16.4609499013     3.3445532711     4.3736732687
O       16.3545284393     4.9305377776     4.7316462752
O       17.9619165528     3.0064468324     3.8212806411
O       15.3996436142     2.9487972722     3.1938036538
O       16.1323050253     2.4998036538     5.7327264051
Si       16.5517513346     6.5329263227     4.4069669942
Si       13.9754081352     2.5273246840     2.4804200152
Si       18.8583430037     2.4720716290     2.5372084186
Si       15.7677829927     1.0518955148     6.4334976238
H       17.9390970206     6.7893518883     3.9097161036
H       15.5972647442     6.9130917658     3.3094779682
H       16.3283269045     7.4035173267     5.6269381775
H       12.8468670573     3.2753203660     3.0854396622
H       13.9662122590     2.8368451807     1.0171278668
H       18.4634425458     3.2688657884     1.3430567143
H       13.7192385434     1.0664698778     2.6706761372
H       18.5495924520     1.0349634051     2.2717483687
H       16.4599908572     0.8082551410     7.7519564427
H       14.2871908242     0.9096173879     6.6639920450
H       20.3533231440     2.6084613278     2.7310452362
H       16.2041690869     -0.0055177765     5.4887481772
32
# Point -13 Energy = 0.0
C       20.4819745428     3.6272285142     7.5737838108
H       19.1708561553     3.7044882273     6.9196484366
C       19.3762573992     2.6362502437     6.7313669853
H       19.2249891807     3.2996325840     7.5936680207
H       20.0643838144     2.0530035789     5.0860542013
C       19.6560022316     1.5643698520     5.9534536875
H       18.5944271258     1.7587460700     6.0599437637
H       19.9202421144     0.9363750542     6.7890062326
H       21.4352750114     3.9057761466     7.0697161736
H       21.3031025484     3.1687331327     8.1638517318
H       20.5743152036     4.5325581809     8.1974329408
Si       16.4552732628     3.3474208423     4.3743643988
O       16.3483918668     4.9335008238     4.7321737195
O       17.9569516146     3.0094060562     3.8232220300
O       15.3951764012     2.9516747789     3.1931704472
O       16.1251934333     2.5027336159     5.7330606151
Si       16.5458754449     6.5357893335     4.4076880064
Si       13.9718299882     2.5302131904     2.4782553007
Si       18.8543798966     2.4752847230     2.5401620308
Si       15.7599863077     1.0549257780     6.4335704582
H       17.9337117141     6.7922881775     3.9118162654
H       15.5924717351     6.9159485246     3.3092556341
H       16.3212172810     7.4063904505     5.6274419072
H       12.8425825475     3.2781590106     3.0820295935
H       13.9642428227     2.8397748981     1.0149530434
H       18.4606461828     3.2720186250     1.3456061125
H       13.7154674474     1.0693419004     2.6681694367
H       18.5461414818     1.0381087768     2.2743408433
H       16.4508383073     0.8113428219     7.7527275005
H       14.2791570481     0.9125974275     6.6625215560
H       20.3492592550     2.6117929462     2.7354039160
H       16.1973612337     -0.0025722857     5.4893065602
32
# Point -12 Energy = 0.0
C       20.4977215147     3.6236475824     7.5666163385
H       19.1503847006     3.7300554718     6.8554310070
C       19.3772229366     2.6558666470     6.7449569076
H       19.1906517572     3.2775587347     7.6310160087
H       20.1326346607     2.0390464079     5.1207776140
C       19.6868539809     1.5658003445     5.9802637460
H       18.6114967994     1.7081011404     6.0193055621
H       19.9514799422     0.9423644070     6.8208185835
H       21.4395025230     3.8936407158     7.0397164605
H       21.2960325082     3.1456652139     8.1700135361
H       20.5700464239     4.5362169272     8.1811212671
Si       16.4500771553     3.3506640363     4.3749946419
O       16.3425958355     4.9368523223     4.7325406548
O       17.9524038912     3.0128899172     3.8248417494
O       15.3910052047     2.9546961498     3.1927218943
O       16.1189409577     2.5060907607     5.7334567244
Si       16.5400658914     6.5390423677     4.4080895456
Si       13.9684608935     2.5330013695     2.4765960253
Si       18.8506554755     2.4790387258     2.5426636576
Si       15.7533786631     1.0583838640     6.4338780284
H       17.9282619845     6.7957602877     3.9133099505
H       15.5874835537     6.9189866259     3.3088701335
H       16.3142948582     7.4097159064     5.6276027766
H       12.8385307627     3.2807935689     3.0792947133
H       13.9621458389     2.8424907944     1.0132628349
H       18.4577590839     3.2755712783     1.3477190140
H       13.7121382836     1.0720941226     2.6663322496
H       18.5430613988     1.0417356955     2.2766505989
H       16.4431646719     0.8150431305     7.7536141469
H       14.2723774075     0.9158240939     6.6615853014
H       20.3454529335     2.6158704726     2.7390142116
H       16.1916981073     0.0007929173     5.4900894762
32
# Point -11 Energy = 0.0
C       20.5130210335     3.6210630324     7.5598332263
H       19.1341097287     3.7513700210     6.7910150987
C       19.3791040828     2.6765633324     6.7581450186
H       19.1537310839     3.2519288574     7.6661430505
H       20.1961469707     2.0224064339     5.1552106532
C       19.7139580332     1.5677291691     6.0070585751
H       18.6315454852     1.6568670503     5.9803969297
H       19.9798562957     0.9461610668     6.8503082669
H       21.4427842131     3.8829853954     7.0108082769
H       21.2875249709     3.1247995154     8.1770297463
H       20.5640050931     4.5406112432     8.1648172667
Si       16.4454208912     3.3542707830     4.3756411139
O       16.3371929943     4.9405856870     4.7327968774
O       17.9483472683     3.0168751293     3.8262622340
O       15.3872197410     2.9578330371     3.1925123511
O       16.1135685941     2.5098844450     5.7339967427
Si       16.5343872777     6.5426733912     4.4082017626
Si       13.9654083320     2.5356525133     2.4754645652
Si       18.8472774356     2.4832889971     2.5448677410
Si       15.7479592994     1.0622906466     6.4345153572
H       17.9228267720     6.7997461283     3.9142603791
H       15.5823947599     6.9221789181     3.3083196730
H       16.3075930075     7.4135006212     5.6274318893
H       12.8348039344     3.2831985097     3.0772157720
H       13.9600687020     2.8449337241     1.0120738690
H       18.4549226390     3.2794614859     1.3495264261
H       13.7093504252     1.0746932991     2.6652029749
H       18.5404640256     1.0457962049     2.2788459219
H       16.4369335111     0.8193959247     7.7547342756
H       14.2668441363     0.9193243983     6.6612409269
H       20.3420073601     2.6206494741     2.7420686495
H       16.1872025022     0.0045835649     5.4912197487
32
# Point -10 Energy = 0.0
C       20.5279168082     3.6194933488     7.5535657517
H       19.1212226262     3.7684750165     6.7269143056
C       19.3818713037     2.6983369534     6.7710727643
H       19.1143296574     3.2229185942     7.6981230980
H       20.2544772590     2.0033338042     5.1887631473
C       19.7372299059     1.5702887175     6.0333332934
H       18.6541210226     1.6050245564     5.9436048949
H       20.0059904294     0.9476919445     6.8766307459
H       21.4452135760     3.8737773884     6.9831087548
H       21.2776116167     3.1061376272     8.1849940846
H       20.5562145040     4.5457174478     8.1485673942
Si       16.4413397323     3.3582229499     4.3763734706
O       16.3322230448     4.9446883463     4.7329873086
O       17.9448276504     3.0213234967     3.8275938266
O       15.3838801576     2.9610594332     3.1925913570
O       16.1090717252     2.5141182924     5.7347546290
Si       16.5289005182     6.5466634425     4.4080518241
Si       13.9627458767     2.5381423572     2.4748820359
Si       18.8443183866     2.4879720485     2.5469134990
Si       15.7436946240     1.0666627632     6.4355681550
H       17.9174813201     6.8042084581     3.9147243324
H       15.5772958094     6.9254988891     3.3076029443
H       16.3011503491     7.4177443057     5.6269390683
H       12.8314670488     3.2853670967     3.0757764445
H       13.9581228457     2.8470589867     1.0114022953
H       18.4522450111     3.2836122248     1.3511466527
H       13.7071606299     1.0771201208     2.6648172609
H       18.5384162913     1.0502259284     2.2810786856
H       16.4320774965     0.8244306315     7.7561938964
H       14.2625166660     0.9231302878     6.6615407026
H       20.3389917565     2.6260568246     2.7447404780
H       16.1838549507     0.0087997169     5.4928082586
32
# Point -9 Energy = 0.0
C       20.5424323257     3.6188921168     7.5479320416
H       19.1107445419     3.7812656656     6.6634013192
C       19.3854800209     2.7211394290     6.7838490693
H       19.0726273850     3.1906946467     7.7260355319
H       20.3075175736     1.9822585281     5.2211074776
C       19.7567943662     1.5735674413     6.0586882608
H       18.6789572784     1.5527824910     5.9092573671
H       20.0304784471     0.9471093587     6.8992542092
H       21.4468512084     3.8659460159     6.9567188912
H       21.2663103597     3.0896039496     8.1939573581
H       20.5466734094     4.5514205189     8.1324294923
Si       16.4378480883     3.3624934068     4.3772476111
O       16.3277188518     4.9491375113     4.7331524144
O       17.9418646223     3.0261791687     3.8289238641
O       15.3810170781     2.9643550248     3.1929979421
O       16.1054250669     2.5187821433     5.7357873193
Si       16.5236704338     6.5509834789     4.4076704291
Si       13.9605110269     2.5404673063     2.4748638931
Si       18.8418141113     2.4930068183     2.5489098699
Si       15.7405226790     1.0715021797     6.4370987586
H       17.9123041565     6.8090918591     3.9147567231
H       15.5722787412     6.9289233195     3.3067291849
H       16.2950221296     7.4224316286     5.6261434552
H       12.8285579034     3.2873187086     3.0749644263
H       13.9563788583     2.8488505510     1.0112605979
H       18.4497978816     3.2879384245     1.3526742805
H       13.7055792801     1.0793770014     2.6651982064
H       18.5369359467     1.0549468327     2.2834640746
H       16.4285054296     0.8301494644     7.7580706609
H       14.2593262810     0.9272693055     6.6625200621
H       20.3364403545     2.6319891311     2.7471659772
H       16.1815947628     0.0134285740     5.4949345911
32
# Point -8 Energy = 0.0
C       20.5565641400     3.6191788787     7.5430036021
H       19.1016012053     3.7894280493     6.6005698413
C       19.3898786961     2.7448629255     6.7965466937
H       19.0288597705     3.1553583869     7.7489752109
H       20.3554192132     1.9597743293     5.2521626416
C       19.7729637881     1.5775906811     6.0828533466
H       18.7059166303     1.5005818604     5.8776987709
H       20.0538947115     0.9447932556     6.9179861688
H       21.4477074883     3.8594251004     6.9316786278
H       21.2536381279     3.0751018459     8.2038978748
H       20.5353312184     4.5575553365     8.1164230016
Si       16.4349461794     3.3670440592     4.3783052176
O       16.3237157506     4.9538972899     4.7333329351
O       17.9394574003     3.0313660884     3.8303143574
O       15.3786369336     2.9677087099     3.1937593650
O       16.1025887217     2.5238461855     5.7371317687
Si       16.5187773802     6.5555922932     4.4071015909
Si       13.9587093929     2.5426524814     2.4754179833
Si       18.8397680860     2.4982948478     2.5509309883
Si       15.7383573033     1.0767885684     6.4391387194
H       17.9073889619     6.8143200875     3.9144204992
H       15.5674487372     6.9324352638     3.3057296141
H       16.2892938348     7.4275265756     5.6250862647
H       12.8260926828     3.2891067427     3.0747724831
H       13.9548703683     2.8503338541     1.0116565820
H       18.4476215363     3.2923516543     1.3541783672
H       13.7045723822     1.0814958590     2.6663498346
H       18.5359936866     1.0598686848     2.2860715578
H       16.4261067832     0.8365144414     7.7604053821
H       14.2571800669     0.9317585516     6.6641904740
H       20.3343573446     2.6383099338     2.7494396440
H       16.1803220778     0.0184391781     5.4976359513
32
# Point -7 Energy = 0.0
C       20.5702718724     3.6202867485     7.5387864092
H       19.0926682128     3.7924018123     6.5384150157
C       19.3950128878     2.7693393743     6.8092116571
H       18.9833321538     3.1169097401     7.7660615625
H       20.3985207946     1.9365624581     5.2820137668
C       19.7862050535     1.5823200068     6.1056959712
H       18.7349126425     1.4490068000     5.8493051033
H       20.0768055491     0.9412930207     6.9329435863
H       21.4477212030     3.8542093151     6.9079375871
H       21.2396246485     3.0625864467     8.2147100409
H       20.5220566427     4.5639597831     8.1004935525
Si       16.4326267828     3.3718287373     4.3795781694
O       16.3202579593     4.9589213982     4.7335754631
O       17.9375925043     3.0367910864     3.8318086006
O       15.3767304547     2.9711226472     3.1948933852
O       16.1005126080     2.5292626944     5.7388081725
Si       16.5143244295     6.5604395751     4.4064098596
Si       13.9573241656     2.5447565745     2.4765440640
Si       18.8381611884     2.5037242894     2.5530238070
Si       15.7370912059     1.0824804146     6.4416902444
H       17.9028526773     6.8197993469     3.9137963714
H       15.5629330483     6.9360282221     3.3046633395
H       16.2840865427     7.4329745702     5.6238384078
H       12.8240744966     3.2908231978     3.0751967394
H       13.9536058931     2.8515819170     1.0125930786
H       18.4457365701     3.2967652581     1.3557100211
H       13.7040704911     1.0835427606     2.6682549791
H       18.5355230406     1.0648932363     2.2889307831
H       16.4247526813     0.8434472469     7.7632044779
H       14.2559634916     0.9366058294     6.6665383069
H       20.3327263960     2.6448533151     2.7516244262
H       16.1799023122     0.0237841768     5.5009084105
32
# Point -6 Energy = 0.0
C       20.5834713808     3.6222114457     7.5352200517
H       19.0828108339     3.7893752281     6.4769428054
C       19.4008233536     2.7943580817     6.8218804448
H       18.9364759940     3.0752365405     7.7764604712
H       20.4372766643     1.9132862308     5.3108069412
C       19.7970857932     1.5876716133     6.1272085719
H       18.7658516765     1.3986379736     5.8244465576
H       20.0997759457     0.9372283782     6.9444661011
H       21.4467421540     3.8504083205     6.8853469378
H       21.2243286854     3.0521244815     8.2262076284
H       20.5066154530     4.5705173538     8.0845066151
Si       16.4308789537     3.3768003615     4.3810937090
O       16.3173979608     4.9641610134     4.7339337249
O       17.9362500297     3.0423528331     3.8334421140
O       15.3752810000     2.9746146796     3.1964107125
O       16.0991373994     2.5349754641     5.7408259556
Si       16.5104346226     6.5654735609     4.4056786771
Si       13.9563275583     2.5468698109     2.4782323928
Si       18.8369632860     2.5091778119     2.5552232050
Si       15.7365974847     1.0885251486     6.4447342182
H       17.8988339386     6.8254276559     3.9129852388
H       15.5588810415     6.9397094865     3.3036116265
H       16.2795484338     7.4387124119     5.6224961921
H       12.8225012962     3.2925957471     3.0762298271
H       13.9525844574     2.8527100999     1.0140657666
H       18.4441577775     3.3010988977     1.3573143673
H       13.7039824339     1.0856156847     2.6708762788
H       18.5354356841     1.0699208233     2.2920488473
H       16.4242936154     0.8508436324     7.7664509014
H       14.2555413854     0.9418172963     6.6695282056
H       20.3315214035     2.6514352465     2.7537715506
H       16.1801729033     0.0294086862     5.5047187227
32
# Point -5 Energy = 0.0
C       20.5960420708     3.6250367692     7.5321991328
H       19.0709623674     3.7793428725     6.4163313443
C       19.4072425937     2.8196992735     6.8345974684
H       18.8889536279     3.0301332343     7.7794330975
H       20.4721501473     1.8905156304     5.3386379962
C       19.8061747187     1.5935512134     6.1474551291
H       18.7985701911     1.3499589519     5.8034230306
H       20.1233250109     0.9331832702     6.9529647042
H       21.4445313669     3.8482760308     6.8636806230
H       21.2078592431     3.0438990675     8.2381372056
H       20.4886788026     4.5771586718     8.0682893604
Si       16.4296902330     3.3819172129     4.3828766514
O       16.3151896722     4.9695725251     4.7344616319
O       17.9354095937     3.0479524371     3.8352524506
O       15.3742731287     2.9782129598     3.1983153258
O       16.0983956971     2.5409318465     5.7431894029
Si       16.5072375980     6.5706480333     4.4049953324
Si       13.9556941003     2.5490976932     2.4804609226
Si       18.8361466161     2.5145405720     2.5575681386
Si       15.7367351668     1.0948731727     6.4482424390
H       17.8954803481     6.8311059421     3.9120970245
H       15.5554531155     6.9434964952     3.3026570921
H       16.2758325950     7.4446808614     5.6211606351
H       12.8213732512     3.2945692702     3.0778496455
H       13.9518129031     2.8538518424     1.0160586056
H       18.4429081722     3.3052781028     1.3590407766
H       13.7042149669     1.0878279967     2.6741604589
H       18.5356427861     1.0748553341     2.2954332025
H       16.4245611961     0.8585980140     7.7701203827
H       14.2557632884     0.9474054869     6.6731104555
H       20.3307184858     2.6578699434     2.7559416392
H       16.1809575453     0.0352612729     5.5090240544
32
# Point -4 Energy = 0.0
C       20.6078597164     3.6289116010     7.5296271072
H       19.0562962169     3.7612997876     6.3571657337
C       19.4141986908     2.8451826768     6.8474275678
H       18.8418046434     2.9813712720     7.7744249904
H       20.5034329512     1.8687158258     5.3654159493
C       19.8138676877     1.5999063900     6.1664516288
H       18.8326873865     1.3034255874     5.7863619798
H       20.1477691720     0.9296065011     6.9586860292
H       21.4407961947     3.8481947826     6.8427037707
H       21.1903994005     3.0381172686     8.2502042582
H       20.4678836699     4.5837959942     8.0517459628
Si       16.4290525588     3.3871420034     4.3849477993
O       16.3136790770     4.9751188301     4.7351966465
O       17.9350608288     3.0535010469     3.8372850768
O       15.3737055425     2.9819345635     3.2006035326
O       16.0982215832     2.5470913775     5.7459029387
Si       16.5048467830     6.5759223219     4.4044200320
Si       13.9554194912     2.5515201842     2.4831941984
Si       18.8357047450     2.5197041505     2.5601150523
Si       15.7373697283     1.1014897179     6.4521952716
H       17.8929247495     6.8367460243     3.9112213563
H       15.5527977078     6.9473980725     3.3018465241
H       16.2730628569     7.4508337832     5.6198977841
H       12.8207031824     3.2968603152     3.0800080602
H       13.9513262159     2.8551043039     1.0185398613
H       18.4420342863     3.3092236005     1.3609477750
H       13.7047042050     1.0902671353     2.6780500519
H       18.5360876620     1.0796030055     2.2991175399
H       16.4253869955     0.8666337320     7.7742033029
H       14.2564846421     0.9533898780     6.6772357006
H       20.3303130909     2.6639891212     2.7582211427
H       16.1820989380     0.0413011453     5.5138007351
32
# Point -3 Energy = 0.0
C       20.6188552594     3.6339654220     7.5275083692
H       19.0385193999     3.7346709007     6.3007103122
C       19.4216329031     2.8707253994     6.8604599467
H       18.7965753430     2.9288664703     7.7611907951
H       20.5310070746     1.8482806167     5.3906932271
C       19.8201521856     1.6067922760     6.1839847181
H       18.8673350048     1.2597060550     5.7730374154
H       20.1729318371     0.9267124983     6.9614039892
H       21.4352707842     3.8506029245     6.8223030661
H       21.1722168184     3.0348053590     8.2621206951
H       20.4439499002     4.5901902748     8.0350499063
Si       16.4289751096     3.3924297686     4.3873205903
O       16.3128961217     4.9807598318     4.7361370477
O       17.9352208118     3.0589208886     3.8395947633
O       15.3736098501     2.9857451820     3.2032650917
O       16.0985738000     2.5534258981     5.7489778177
Si       16.5033305059     6.5812501735     4.4039437877
Si       13.9555453934     2.5541241182     2.4863890986
Si       18.8356775617     2.5245639503     2.5629461682
Si       15.7384148466     1.1083589123     6.4566057472
H       17.8912531195     6.8422716986     3.9103829078
H       15.5510181191     6.9513773969     3.3011438446
H       16.2712928713     7.4571386539     5.6186858350
H       12.8205313498     3.2994817918     3.0826270609
H       13.9512090616     2.8564429347     1.0214641763
H       18.4416214377     3.3128289339     1.3631015803
H       13.7054594473     1.0929262060     2.6825068001
H       18.5367897504     1.0840628398     2.3031874752
H       16.4266467006     0.8749322059     7.7787319332
H       14.2576104219     0.9597842568     6.6818801826
H       20.3303429498     2.6696614050     2.7607295390
H       16.1835148601     0.0474967569     5.5190814723
32
# Point -2 Energy = 0.0
C       20.6290701983     3.6401830006     7.5260443048
H       19.0181929339     3.6999578338     6.2490263414
C       19.4295229801     2.8963756046     6.8737966106
H       18.7552781656     2.8729624108     7.7398953576
H       20.5542094747     1.8295533036     5.4135684696
C       19.8244480385     1.6144142962     6.1994672838
H       18.9009339228     1.2199050679     5.7626424385
H       20.1978618278     0.9244041506     6.9601970208
H       21.4278197836     3.8558721642     6.8026424989
H       21.1536292243     3.0335630855     8.2736709016
H       20.4168076033     4.5958093402     8.0188227081
Si       16.4294952932     3.3977071599     4.3899983198
O       16.3128498470     4.9864330360     4.7372266803
O       17.9359465806     3.0641364494     3.8422399100
O       15.3740617059     2.9895174510     3.2062877801
O       16.0994607409     2.5599064339     5.7524372770
Si       16.5026886705     6.5865594522     4.4034595200
Si       13.9561726969     2.5567404744     2.4900082766
Si       18.8361648465     2.5290098350     2.5661648372
Si       15.7398755489     1.1154727411     6.4615377120
H       17.8904765545     6.8476093994     3.9095052144
H       15.5501412496     6.9553124074     3.3004018740
H       16.2704777614     7.4635634603     5.6173799112
H       12.8209329118     3.3022726787     3.0856103768
H       13.9516004756     2.8576467844     1.0247836911
H       18.4417944785     3.3159369901     1.3655666475
H       13.7065929186     1.0956403711     2.6875378591
H       18.5378727916     1.0881121522     2.3077887205
H       16.4283105359     0.8835400851     7.7837977893
H       14.2591407927     0.9665715201     6.6870706356
H       20.3309007120     2.6748007103     2.7636078867
H       16.1852493346     0.0538121502     5.5249805051
32
# Point -1 Energy = 0.0
C       20.6386453954     3.6473214659     7.5256319797
H       18.9967847340     3.6592195918     6.2046041846
C       19.4378840070     2.9222585219     6.8875184407
H       18.7200010572     2.8147083583     7.7110760803
H       20.5720822154     1.8127828828     5.4328936355
C       19.8257877630     1.6230760902     6.2120375756
H       18.9314268026     1.1854226928     5.7537411940
H       20.2209200921     0.9223106280     6.9536456149
H       21.4184867294     3.8641828386     6.7842094547
H       21.1349059226     3.0334866186     8.2847559457
H       20.3866212192     4.5998101408     8.0040761930
Si       16.4306651507     3.4028579059     4.3929723904
O       16.3135267739     4.9920359197     4.7383698790
O       17.9373151257     3.0690567225     3.8452651747
O       15.3751553598     2.9930342689     3.2096604301
O       16.1009330070     2.5664772271     5.7563089971
Si       16.5028577165     6.5917363982     4.4027913695
Si       13.9574278530     2.5590630780     2.4940306570
Si       18.8372928116     2.5329158857     2.5698656019
Si       15.7418381341     1.1228004262     6.4670867987
H       17.8905336879     6.8526692822     3.9084312250
H       15.5501158452     6.9589964069     3.2994032872
H       16.2704939498     7.4700501144     5.6157518258
H       12.8219934291     3.3049172318     3.0888706364
H       13.9526501273     2.8583316715     1.0284617628
H       18.4426792365     3.3183437658     1.3683869621
H       13.7082792544     1.0981053201     2.6931938145
H       18.5395209697     1.0916009042     2.3130853327
H       16.4304424722     0.8925216092     7.7895244617
H       14.2611620643     0.9736793959     6.6928759343
H       20.3321028480     2.6793453965     2.7669780181
H       16.1874488455     0.0601832398     5.5316605024
32
# Point 0 Energy = 0
C       20.6477110000     3.6549790000     7.5266840000
H       18.9761800000     3.6157410000     6.1694560000
C       19.4467280000     2.9484220000     6.9016430000
H       18.6922510000     2.7558520000     7.6754250000
H       20.5840390000     1.7980300000     5.4478400000
C       19.8234060000     1.6330100000     6.2209870000
H       18.9571360000     1.1573250000     5.7446630000
H       20.2404540000     0.9200090000     6.9405780000
H       21.4074060000     3.8754920000     6.7676150000
H       21.1161610000     3.0334640000     8.2953550000
H       20.3536290000     4.6012450000     7.9917750000
Si       16.4325060000     3.4077350000     4.3962220000
O       16.3148940000     4.9974300000     4.7394840000
O       17.9393640000     3.0735620000     3.8486780000
O       15.3769370000     2.9960700000     3.2133680000
O       16.1030250000     2.5730330000     5.7606000000
Si       16.5037570000     6.5966350000     4.4017980000
Si       13.9593780000     2.5607940000     2.4984440000
Si       18.8391290000     2.5361430000     2.5740860000
Si       15.7443760000     1.1302530000     6.4733110000
H       17.8913405600     6.8573308000     3.9070238400
H       15.5508605600     6.9622108000     3.2979838400
H       16.2712205600     7.4764908000     5.6136238400
H       12.8237502400     3.3071035200     3.0923555200
H       13.9544302400     2.8581435200     1.0324755200
H       18.4443303200     3.3198514400     1.3715668800
H       13.7106302400     1.1000235200     2.6995155200
H       18.5418503200     1.0943714400     2.3191668800
H       16.4331100800     0.9018602400     7.7959848800
H       14.2637500800     0.9809802400     6.6993448800
H       20.3340103200     2.6832114400     2.7708868800
H       16.1902300800     0.0665002400     5.5392248800
32
# Point 1 Energy = 0.0
C       20.6562789974     3.6628711207     7.5293746573
H       18.9575680508     3.5724374636     6.1442151979
C       19.4560348411     2.9747309366     6.9161490412
H       18.6725167544     2.6982452281     7.6335060695
H       20.5902324719     1.7851562929     5.4582584867
C       19.8172045896     1.6442476263     6.2261578204
H       18.9774849225     1.1357552939     5.7342029204
H       20.2556239935     0.9172884105     6.9206787920
H       21.3945986592     3.8897360297     6.7532124837
H       21.0973945889     3.0327599181     8.3053939433
H       20.3178822672     4.5994137832     7.9823018829
Si       16.4349998147     3.4122095472     4.3997385974
O       16.3169350919     5.0024841574     4.7405654882
O       17.9420750132     3.0775237696     3.8524695490
O       15.3793884070     2.9985009433     3.2174013277
O       16.1057174951     2.5794411969     5.7652979601
Si       16.5053718571     6.6011239430     4.4004815576
Si       13.9620045800     2.5618136847     2.5032380560
Si       18.8416550107     2.5385664867     2.5788164605
Si       15.7474682165     1.1376969199     6.4801926300
H       17.8928829403     6.8614627823     3.9052866766
H       15.5523613838     6.9648286605     3.2961475274
H       16.2726435351     7.4827496990     5.6110001097
H       12.8261854350     3.3087106440     3.0960566255
H       13.9569228958     2.8569673732     1.0368167730
H       18.4467305691     3.3203391615     1.3751002472
H       13.7136257049     1.1012760688     2.7064877755
H       18.5448408722     1.0963012377     2.3260191640
H       16.4362919023     0.9114174973     7.8031597765
H       14.2668836718     0.9883413153     6.7064589409
H       20.3366048756     2.6862717996     2.7753256318
H       16.1935711916     0.0726330085     5.5476531903
32
# Point 2 Energy = 0.0
C       20.6642727761     3.6708432748     7.5336502158
H       18.9415910479     3.5315648194     6.1284561381
C       19.4657549569     3.0009138357     6.9309802409
H       18.6605319904     2.6436919703     7.5858392711
H       20.5913689798     1.7738744115     5.4645644056
C       19.8075870164     1.6566466875     6.2278413640
H       18.9927718392     1.1202030510     5.7217298246
H       20.2662542011     0.9141528376     6.8944007087
H       21.3799841781     3.9068340040     6.7410952155
H       21.0785734382     3.0310308298     8.3147232677
H       20.2793242620     4.5938308349     7.9754993980
Si       16.4380916163     3.4161771358     4.4035139205
O       16.3196368832     5.0070825793     4.7416676671
O       17.9453812829     3.0808213646     3.8566092947
O       15.3824364082     3.0002944989     3.2217442523
O       16.1089438876     2.5855536983     5.7703638342
Si       16.5077266144     6.6050946323     4.3989558728
Si       13.9652187586     2.5621524682     2.5083899309
Si       18.8447821501     2.5400927914     2.5840007429
Si       15.7510170665     1.1449665493     6.4876391312
H       17.8951883818     6.8649411342     3.9033347381
H       15.5546443495     6.9668071833     3.2940293107
H       16.2748171403     7.4886767684     5.6080289547
H       12.8292326928     3.3097738164     3.0999868241
H       13.9600368279     2.8548897206     1.0414751226
H       18.4498028549     3.3197688132     1.3789643890
H       13.7171418207     1.1018927748     2.7140331830
H       18.5483662759     1.0973148736     2.3335327415
H       16.4398934188     0.9209600161     7.8109423487
H       14.2704628797     0.9956250855     6.7141295488
H       20.3398028410     2.6883881141     2.7802337687
H       16.1973417625     0.0784414252     5.5568097330
32
# Point 3 Energy = 0.0
C       20.6715207178     3.6788786695     7.5392261744
H       18.9284686235     3.4945753767     6.1210491864
C       19.4757863195     3.0265922670     6.9460318693
H       18.6554948531     2.5938254527     7.5330183459
H       20.5887222240     1.7637499504     5.4677218812
C       19.7954483124     1.6698705258     6.2267396304
H       19.0041550049     1.1095655999     5.7072300740
H       20.2728614511     0.9107971473     6.8629752417
H       21.3633742489     3.9266857672     6.7310935656
H       21.0596890804     3.0283509331     8.3231097290
H       20.2378628414     4.5842147662     7.9707172753
Si       16.4416664424     3.4195694244     4.4075160989
O       16.3229605257     5.0111378967     4.7428701820
O       17.9491461844     3.0833562217     3.8610249563
O       15.3859330142     3.0015122180     3.2263492350
O       16.1125679308     2.5912227153     5.7757112535
Si       16.5108507091     6.6084740695     4.3974094976
Si       13.9688441044     2.5619857608     2.5138388324
Si       18.8483341894     2.5406713117     2.5895193170
Si       15.7548296161     1.1518813472     6.4954680381
H       17.8982922331     6.8676643785     3.9013586401
H       15.5577420692     6.9681929176     3.2918546583
H       16.2778252547     7.4941251411     5.6049622192
H       12.8327565018     3.3104784505     3.1041501162
H       13.9635913097     2.8521876777     1.0464110248
H       18.4533919979     3.3181907648     1.3830991859
H       13.7209384359     1.1020468800     2.7219925745
H       18.5521818375     1.0973933270     2.3414916653
H       16.4437274051     0.9301844554     7.8191257487
H       14.2742906575     1.0027023483     6.7221811789
H       20.3434370981     2.6894283667     2.7854845557
H       16.2012894058     0.0837898712     5.5664334087
32
# Point 4 Energy = 0.0
C       20.6778466811     3.6871395975     7.5457119338
H       18.9178464564     3.4617963922     6.1205680979
C       19.4860291575     3.0514200518     6.9612215417
H       18.6564161878     2.5497980552     7.4757341622
H       20.5834894575     1.7543330859     5.4687088362
C       19.7817088515     1.6835383320     6.2236277044
H       19.0129181798     1.1026109704     5.6910911785
H       20.2762574027     0.9074587160     6.8277592234
H       21.3445094412     3.9493187202     6.7228847779
H       21.0408945659     3.0251214443     8.3302629130
H       20.1934847163     4.5704462293     7.9671330382
Si       16.4456184241     3.4223611455     4.4117171676
O       16.3268748977     5.0146057270     4.7442602366
O       17.9532444272     3.0850739923     3.8656538765
O       15.3897442136     3.0022616398     3.2311662784
O       16.1164567771     2.5963397792     5.7812547807
Si       16.5147827278     6.6112338179     4.3960432369
Si       13.9727211167     2.5615366206     2.5195136599
Si       18.8521515350     2.5402985488     2.5952644696
Si       15.7587133438     1.1582976549     6.5034929045
H       17.9022410618     6.8695768592     3.8995679819
H       15.5617008936     6.9690799745     3.2898573886
H       16.2817559048     7.4989898982     5.6020657203
H       12.8366358315     3.3110565466     3.1085371896
H       13.9674286304     2.8491898353     1.0515746813
H       18.4573644543     3.3157058775     1.3874559510
H       13.7247914565     1.1019581163     2.7301917624
H       18.5560605124     1.0965646732     2.3496866981
H       16.4476015461     0.9388208942     7.8275022927
H       14.2781694136     1.0094802615     6.7304273255
H       20.3473563408     2.6893071068     2.7909703037
H       16.2051659933     0.0885814360     5.5762580470
32
# Point 5 Energy = 0.0
C       20.6831437794     3.6958470092     7.5527753897
H       18.9091581363     3.4329607013     6.1257259888
C       19.4964221734     3.0751683318     6.9765028776
H       18.6623606636     2.5123890048     7.4148113759
H       20.5764137453     1.7452603334     5.4681791279
C       19.7669710161     1.6973626232     6.2190731180
H       19.0199103090     1.0984139220     5.6737224526
H       20.2770528079     0.9043020073     6.7897474125
H       21.3231777979     3.9748554994     6.7162291646
H       21.0225201424     3.0217817965     8.3359182015
H       20.1464244466     4.5524245813     7.9641103466
Si       16.4498832749     3.4245480440     4.4160964904
O       16.3313612266     5.0174675486     4.7459021662
O       17.9576007653     3.0859570877     3.8704546861
O       15.3937907581     3.0026308755     3.2361544637
O       16.1205266847     2.6008370236     5.7869306291
Si       16.5195476305     6.6133687065     4.3950059940
Si       13.9767562952     2.5609706562     2.5253528434
Si       18.8561403675     2.5389993394     2.6011641441
Si       15.7625461996     1.1641191269     6.5115742681
H       17.9070657384     6.8706610021     3.8981227166
H       15.5665528790     6.9695487198     3.2882072132
H       16.2866621283     7.5032082686     5.5995361169
H       12.8407997842     3.3116743253     3.1131285436
H       13.9714593734     2.8461399444     1.0569197463
H       18.4616450182     3.3124142488     1.3920045206
H       13.7285670557     1.1017878098     2.7384921535
H       18.5598672857     1.0948750168     2.3579695533
H       16.4513911879     0.9466833001     7.8359196014
H       14.2819735354     1.0158918813     6.7387235449
H       20.3514713991     2.6879967850     2.7966241392
H       16.2088169944     0.0927564798     5.5860863699
32
# Point 6 Energy = 0.0
C       20.6873915856     3.7051797707     7.5602286910
H       18.9018711489     3.4076373642     6.1355111174
C       19.5069540081     3.0977361576     6.9918576671
H       18.6724997611     2.4821420338     7.3511795250
H       20.5677030100     1.7363117242     5.4663686429
C       19.7514264477     1.7112205543     6.2133416851
H       19.0253735342     1.0965174652     5.6553349198
H       20.2754372389     0.9014070326     6.7494023556
H       21.2992945522     4.0034657461     6.7111233768
H       21.0050262489     3.0186385650     8.3398993473
H       20.0972316574     4.5300131121     7.9613614322
Si       16.4544449369     3.4261270810     4.4206397403
O       16.3364142648     5.0197122478     4.7478262022
O       17.9621967599     3.0860072711     3.8754050859
O       15.3980539982     3.0026570352     3.2412863623
O       16.1247557487     2.6046752329     5.7927015577
Si       16.5251510184     6.6148764744     4.3943727253
Si       13.9809282361     2.5603543749     2.5313150762
Si       18.8602787988     2.5368047609     2.6071814079
Si       15.7662964252     1.1692884317     6.5196346471
H       17.9127736107     6.8709190748     3.8971062705
H       15.5723063824     6.9696343819     3.2869877794
H       16.2925553417     7.5067460512     5.5974733698
H       12.8452320678     3.3123898185     3.1179028585
H       13.9756643208     2.8431455773     1.0624124651
H       18.4662174622     3.3083835106     1.3967288030
H       13.7322338726     1.1015979630     2.7468115726
H       18.5635704182     1.0923639635     2.3662625527
H       16.4550627645     0.9536726268     7.8442951798
H       14.2856703197     1.0218835927     6.7469868407
H       20.3557611802     2.6855127514     2.8024149770
H       16.2122034791     0.0962802526     5.5958111257
32
# Point 7 Energy = 0.0
C       20.6906397559     3.7152142261     7.5680505180
H       18.8955980588     3.3854506493     6.1491533568
C       19.5176585430     3.1191211995     7.0072799272
H       18.6860811427     2.4594525944     7.2858260259
H       20.5571162462     1.7274323092     5.4631410568
C       19.7349150159     1.7251710443     6.2064197344
H       19.0290151685     1.0969145292     5.6358734323
H       20.2711714031     0.8988179637     6.7066876980
H       21.2729414207     4.0353297606     6.7078676033
H       20.9889347444     3.0158088915     8.3421541425
H       20.0467498786     4.5030610831     7.9589560085
Si       16.4593271240     3.4270845291     4.4253354247
O       16.3420416285     5.0213235739     4.7500291175
O       17.9670593692     3.0852286360     3.8804932302
O       15.4025623397     3.0023217932     3.2465469166
O       16.1291756726     2.6078302022     5.7985520809
Si       16.5315844205     6.6157449220     4.3941484825
Si       13.9852702049     2.5596586906     2.5373814679
Si       18.8645995790     2.5337344171     2.6133021162
Si       15.7700101044     1.1737737111     6.5276511660
H       17.9193535327     6.8703555048     3.8965262125
H       15.5789498237     6.9693209150     3.2862046284
H       16.2994178024     7.5095826657     5.5958873607
H       12.8499584359     3.3131596923     3.1228441935
H       13.9800742040     2.8401851430     1.0680348524
H       18.4711072516     3.3036355836     1.4016177478
H       13.7358398583     1.1013556270     2.7551235707
H       18.5672172348     1.0890490827     2.3745437285
H       16.4586640755     0.9597571409     7.8526061995
H       14.2893075078     1.0274074313     6.7551922609
H       20.3602565729     2.6818885957     2.8083310915
H       16.2153824796     0.0991298917     5.6054040076
32
# Point 8 Energy = 0.0
C       20.6929852919     3.7258911376     7.5763789070
H       18.8901267163     3.3661494295     6.1660368938
C       19.5286046755     3.1393832660     7.0227597046
H       18.7023881229     2.4446029032     7.2197570192
H       20.5441044912     1.7187349932     5.4580823692
C       19.7170379986     1.7394446710     6.1980810037
H       19.0301730280     1.0999595139     5.6150365687
H       20.2636817549     0.8966100700     6.6611839626
H       21.2443824636     4.0706045943     6.7070772601
H       20.9747525717     3.0132173101     8.3427715557
H       19.9960371817     4.4714564477     7.9572436951
Si       16.4645798646     3.4273917422     4.4301707464
O       16.3482616370     5.0222747214     4.7524788109
O       17.9722439377     3.0836163933     3.8857079348
O       15.4073719734     3.0015604262     3.2519300194
O       16.1338563788     2.6102834721     5.8044805943
Si       16.5388327410     6.6159469199     4.3942810599
Si       13.9898461055     2.5587811450     2.5435536012
Si       18.8691662872     2.5297861352     2.6195200527
Si       15.7737881609     1.1775579980     6.5356408548
H       17.9267837863     6.8689653690     3.8963247122
H       15.5864586218     6.9685481293     3.2858024114
H       16.3072189616     7.5117011695     5.5947156865
H       12.8550290480     3.3138657261     3.1279469196
H       13.9847438101     2.8371379179     1.0737845210
H       18.4763597276     3.2981453164     1.4066558334
H       13.7394791900     1.1009558096     2.7634483359
H       18.5709001963     1.0849190319     2.3828251001
H       16.4623032552     0.9649502797     7.8608716271
H       14.2929898395     1.0324190550     6.7633612578
H       20.3650181745     2.6771549467     2.8143621061
H       16.2184746067     0.1012859589     5.6148942349
32
# Point 9 Energy = 0.0
C       20.6945576244     3.7369957145     7.5854951776
H       18.8854154746     3.3496041110     6.1856129267
C       19.5398859955     3.1586176747     7.0382695713
H       18.7207189766     2.4377633605     7.1539687887
H       20.5279566612     1.7104970918     5.4506062607
C       19.6972782791     1.7544254467     6.1879647160
H       19.0279990632     1.1062696134     5.5923402285
H       20.2521898975     0.8949568078     6.6122284246
H       21.2140666128     4.1093710699     6.7096585523
H       20.9628848276     3.0105991329     8.3419847260
H       19.9462497457     4.4351687860     7.9567241984
Si       16.4702658339     3.4270074066     4.4351279153
O       16.3550990742     5.0225294801     4.7551188560
O       17.9778175747     3.0811535792     3.8910301488
O       15.4125483290     3.0002758590     3.2574350542
O       16.1388907392     2.6120195061     5.8104921096
Si       16.5468780331     6.6154422110     4.3946732256
Si       13.9947279362     2.5575713920     2.5498509142
Si       18.8740510418     2.5249341651     2.6258238646
Si       15.7777647428     1.1806347803     6.5436468324
H       17.9350362637     6.8667310442     3.8963891741
H       15.5947985149     6.9672243204     3.2856810365
H       16.3159266788     7.5130852112     5.5938407517
H       12.8605012480     3.3143435548     3.1332192333
H       13.9897278665     2.8338169558     1.0796736554
H       18.4820194578     3.2918469311     1.4118148460
H       13.7432621716     1.1002473293     2.7718432306
H       18.5747261597     1.0799346912     2.3911329849
H       16.4661288251     0.9692957363     7.8691357332
H       14.2968570468     1.0368803307     6.7715502419
H       20.3701153041     2.6713284365     2.8204834992
H       16.2216345995     0.1027302699     5.6243484816
32
# Point 10 Energy = 0.0
C       20.6955139796     3.7481450367     7.5958031986
H       18.8815746958     3.3357768691     6.2073299091
C       19.5516103908     3.1769437344     7.0537550947
H       18.7403937021     2.4389750011     7.0894230218
H       20.5079371360     1.7031535015     5.4400643883
C       19.6751128003     1.7706310425     6.1756575594
H       19.0216366824     1.1166336895     5.5672077394
H       20.2358495073     0.8941901433     6.5590648537
H       21.1826212730     4.1515468716     6.7167520269
H       20.9535364996     3.0074947013     8.3401592423
H       19.8985117142     4.3942639427     7.9578789023
Si       16.4764471271     3.4258853200     4.4401812969
O       16.3625774178     5.0220490696     4.7578720198
O       17.9838441387     3.0778161962     3.8964267333
O       15.4181497900     2.9983544381     3.2630639197
O       16.1443807277     2.6130291285     5.8165925762
Si       16.5556962295     6.6141850090     4.3951922377
Si       13.9999770535     2.5558542794     2.5563079888
Si       18.8793159849     2.5191364761     2.6321875330
Si       15.7820899046     1.1830097408     6.5517274714
H       17.9440733407     6.8636273552     3.8965608680
H       15.6039217783     6.9652412413     3.2857079434
H       16.3255084632     7.5137226191     5.5931030222
H       12.8664239841     3.3144070404     3.1386849143
H       13.9950610855     2.8299979555     1.0857275009
H       18.4881123870     3.2846473198     1.4170479710
H       13.7472922260     1.0990558686     2.7803947089
H       18.5787929778     1.0740383718     2.3994932479
H       16.4703136273     0.9728618047     7.8774553962
H       14.3010663456     1.0407648815     6.7798412014
H       20.3756082952     2.6644134835     2.8266455878
H       16.2250293345     0.1034498675     5.6338552848
32
# Point 11 Energy = 0.0
C       20.6960406896     3.7587843194     7.6077966017
H       18.8788370371     3.3246832701     6.2305877943
C       19.5638863309     3.1945059771     7.0691305525
H       18.7607874984     2.4481198372     7.0270175699
H       20.4834117023     1.6972792281     5.4258644112
C       19.6501124609     1.7886869075     6.1607809231
H       19.0103831536     1.1319230696     5.5390816772
H       20.2138814015     0.8948444609     6.5010040035
H       21.1508438508     4.1967699989     6.7296403570
H       20.9466171201     3.0032459981     8.3377674214
H       19.8538045659     4.3489026612     7.9609825526
Si       16.4831711588     3.4239863097     4.4452952163
O       16.3707059252     5.0208030557     4.7606433357
O       17.9903698639     3.0735857953     3.9018470450
O       15.4242131067     2.9956825982     3.2688175588
O       16.1504228944     2.6133171094     5.8227839559
Si       16.5652453383     6.6121359534     4.3956781930
Si       14.0056291409     2.5534499802     2.5629697467
Si       18.8849983831     2.5123508904     2.6385651196
Si       15.7869141294     1.1847061859     6.5599467278
H       17.9538362333     6.8596341274     3.8966440327
H       15.6137555053     6.9624904876     3.2857277313
H       16.3359204629     7.5136135174     5.5923123050
H       12.8728233663     3.3138673207     3.1443810764
H       14.0007431479     2.8254442978     1.0919805491
H       18.4946313241     3.2764465253     1.4222871525
H       13.7516498349     1.0972035780     2.7892087002
H       18.5831735171     1.0671709763     2.4079212996
H       16.4750393809     0.9757418542     7.8858896284
H       14.3057768389     1.0440638924     6.7883316535
H       20.3815337750     2.6564166292     2.8327686495
H       16.2288214616     0.1034451871     5.6435118185
32
# Point 12 Energy = 0.0
C       20.6963537732     3.7681982722     7.6220009311
H       18.8775107271     3.3163492833     6.2547232044
C       19.5768031005     3.2114807577     7.0842816890
H       18.7813858567     2.4648826827     6.9675457632
H       20.4539535474     1.6935471844     5.4075927036
C       19.6220222689     1.8092832165     6.1430819087
H       18.9938243130     1.1529909188     5.5075510388
H       20.1856979880     0.8976664031     6.4375908267
H       21.1196982067     4.2442811763     6.7496122027
H       20.9416764914     2.9970219180     8.3353526271
H       19.8129038097     4.2993592375     7.9659302422
Si       16.4904552870     3.4212917760     4.4504225131
O       16.3794620158     5.0187815432     4.7633245773
O       17.9974093804     3.0684666086     3.9072230060
O       15.4307406182     2.9921639320     3.2746909321
O       16.1570912773     2.6129100472     5.8290589787
Si       16.5754468570     6.6092758918     4.3959550076
Si       14.0116831760     2.5501924217     2.5698820814
Si       18.8910995871     2.5045580017     2.6448904219
Si       15.7923713503     1.1857697264     6.5683626853
H       17.9642271037     6.8547532646     3.8964204422
H       15.6241846895     6.9588806468     3.2855727407
H       16.3470857297     7.5127792335     5.5912617168
H       12.8796897528     3.3125478709     3.1503495664
H       14.0067301052     2.8199311653     1.0984682762
H       18.5015263467     3.2671649866     1.4274449972
H       13.7563825940     1.0945263979     2.7983951482
H       18.5879065332     1.0592955289     2.4164156334
H       16.4804774849     0.9780545449     7.8944885585
H       14.3111322360     1.0467884555     6.7971198511
H       20.3878931499     2.6473701740     2.8387459436
H       16.2331552428     0.1027387321     5.6534091449
32
# Point 13 Energy = 0.0
C       20.6966930717     3.7755481415     7.6388808975
H       18.8779126880     3.3107660896     6.2790337928
C       19.5904070062     3.2280791322     7.0990775655
H       18.8018507422     2.4887129846     6.9116414318
H       20.4194120140     1.6926486328     5.3851268824
C       19.5908090324     1.8331054544     6.1225186593
H       18.9719184745     1.1805533125     5.4724776423
H       20.1509998068     0.9035702239     6.3687597530
H       21.0903090250     4.2928507886     6.7777727076
H       20.9378995751     2.9878955103     8.3334854435
H       19.7763641300     4.2460894589     7.9721243761
Si       16.4982733919     3.4178153977     4.4555052440
O       16.3887737598     5.0160050178     4.7658030476
O       18.0049351456     3.0625027411     3.9124740476
O       15.4376923612     2.9877353873     3.2806671751
O       16.1644197973     2.6118601136     5.8353961260
Si       16.5861669543     6.6056180305     4.3958485211
Si       14.0180971756     2.5459468409     2.5770779239
Si       18.8975806043     2.4957866561     2.6510825716
Si       15.7985608504     1.1862674332     6.5770134002
H       17.9750918561     6.8490259481     3.8956744688
H       15.6350372940     6.9543537780     3.2850792075
H       16.3588689466     7.5112676550     5.5897496572
H       12.8869697819     3.3102970235     3.1566224974
H       14.0129356350     2.8132709712     1.1052146882
H       18.5087039749     3.2567748862     1.4324229070
H       13.7615025945     1.0908899539     2.8080452468
H       18.5929957164     1.0504233563     2.4249544721
H       16.4867659003     0.9799370502     7.9032809130
H       14.3172420532     1.0489649740     6.8062838737
H       20.3946471605     2.6373591772     2.8444561370
H       16.2381440802     0.1013798792     5.6636140827
32
# Point 14 Energy = 0.0
C       20.6973065577     3.7799466358     7.6587175481
H       18.8802893247     3.3078504635     6.3028442529
C       19.6046817833     3.2445384563     7.1133919083
H       18.8220792976     2.5188060573     6.8597143016
H       20.3799224318     1.6951754137     5.3587136286
C       19.5566619190     1.8607403791     6.0993228612
H       18.9450020089     1.2150622095     5.4340948128
H       20.1098175840     0.9135279970     6.2949456053
H       21.0639264885     4.3407962170     6.8148044326
H       20.9341733616     2.9749793123     8.3327082465
H       19.7445303995     4.1898378202     7.9784614161
Si       16.5065512755     3.4136092453     4.4604797678
O       16.3985113695     5.0125282137     4.7679772119
O       18.0128763880     3.0557900432     3.9175180474
O       15.4449886382     2.9823801258     3.2867138257
O       16.1723910149     2.6102411117     5.8417572403
Si       16.5972078853     6.6012146881     4.3952143101
Si       14.0247953029     2.5406256408     2.5845625438
Si       18.9043688911     2.4861357422     2.6570579600
Si       15.8055337903     1.1862782104     6.5859025407
H       17.9862140340     6.8425447097     3.8942302759
H       15.6460814160     6.9488986417     3.2841122563
H       16.3710599197     7.5091514157     5.5876126804
H       12.8945691875     3.3069983317     3.1632066264
H       14.0192460392     2.8053394402     1.1122194672
H       18.5160397615     3.2453299304     1.4371261660
H       13.7669942060     1.0862034214     2.8182051677
H       18.5984197081     1.0406369967     2.4334959258
H       16.4939885283     0.9815271163     7.9122620130
H       14.3241670360     1.0506219817     6.8158581171
H       20.4017214148     2.6265438875     2.8497844930
H       16.2438636365     0.0994421439     5.6741497093
32
# Point 15 Energy = 0.0
C       20.6984239046     3.7805762945     7.6814831144
H       18.8847454975     3.3074220728     6.3256004645
C       19.6195445884     3.2610979634     7.1271294658
H       18.8422293480     2.5541307834     6.8118905027
H       20.3358426230     1.7014810921     5.3289867693
C       19.5199379466     1.8925739673     6.0740196224
H       18.9137002601     1.2565986079     5.3930475202
H       20.0624735831     0.9284061161     6.2171149985
H       21.0418293797     4.3861187773     6.8607180536
H       20.9292181292     2.9576043750     8.3334686605
H       19.7175532950     4.1317300637     7.9834401039
Si       16.5151775783     3.4087609555     4.4652869307
O       16.4084968929     5.0084351035     4.7697787075
O       18.0211328322     3.0484770722     3.9222864762
O       15.4525270484     2.9761338869     3.2927841165
O       16.1809395231     2.6081350895     5.8480898622
Si       16.6083200714     6.5961552342     4.3939729714
Si       14.0316885000     2.5342004083     2.5923040577
Si       18.9113786149     2.4757845255     2.6627454937
Si       15.8132922913     1.1858736755     6.5949888769
H       17.9973296232     6.8354549027     3.8919960995
H       15.6570433429     6.9425573995     3.2825988949
H       16.3833795660     7.5065168377     5.5847667089
H       12.9023705524     3.3025784877     3.1700739948
H       14.0255487570     2.7960989149     1.1194503958
H       18.5234052186     3.2329851948     1.4414829852
H       13.7728330971     1.0804296842     2.8288540137
H       18.6041531795     1.0301021881     2.4419804833
H       16.5021672165     0.9829336144     7.9213853147
H       14.3319169859     1.0517695968     6.8258141058
H       20.4090256768     2.6151682690     2.8546469432
H       16.2503554762     0.0970108454     5.6849786518
