32
# Point -15 Energy = 0.0
C       20.7136771383     3.5399380089     7.4883893043
H       19.3920347479     3.6241950172     6.0453486943
C       19.3879025624     2.8642685197     6.8268824708
H       19.0073161883     2.6085636644     7.8139161185
H       20.8446586437     1.3980908372     6.3063135921
C       19.7659363887     1.5899105763     6.1624406733
H       18.7109669464     1.4895189698     6.2761273226
H       20.6524038461     0.9232528750     6.2911477243
H       20.7786867484     4.4802918302     6.9349661727
H       20.3599582476     2.9521706376     8.3094280932
H       20.9722311570     4.6204993967     7.6463496260
Si       16.4189321719     3.3988055569     4.3772578158
O       16.3124211932     4.9852047620     4.7348956096
O       17.9234244561     3.0612886517     3.8148441121
O       15.3545386841     3.0027729726     3.1979642377
O       16.0957721678     2.5549824323     5.7354329101
Si       16.5069975505     6.5875260761     4.4097694906
Si       13.9293823305     2.5805118222     2.4890678747
Si       18.8085893381     2.5325197656     2.5302833310
Si       15.7356414424     1.1059625774     6.4384508899
H       17.8921778587     6.8455322478     3.9077898596
H       15.5481037870     6.9670682401     3.3159101391
H       16.2868862633     7.4574796700     5.6309237200
H       12.8016996827     3.3270562098     3.0974415313
H       13.9158151444     2.8907772121     1.0258442543
H       18.4104367302     3.3279325958     1.3376988591
H       13.6750552795     1.1192701685     2.6790968587
H       18.5036283917     1.0937519840     2.2650419986
H       16.4316946868     0.8630673163     7.7543275469
H       14.2552434378     0.9623187392     6.6734897230
H       20.3065633969     2.6699149539     2.7182839418
H       16.1692039916     0.0488577128     5.4920408642
32
# Point -14 Energy = 0.0
C       20.7114803375     3.5458382997     7.4908839773
H       19.3634515249     3.6303107539     6.0516099235
C       19.3936724831     2.8687003388     6.8315473743
H       18.9852352746     2.6170446143     7.8091372849
H       20.8585594608     1.4252161776     6.2555546947
C       19.7705438504     1.5921468075     6.1643720899
H       18.7165632323     1.4393646101     6.2430555958
H       20.6379640081     0.9101709955     6.3261490138
H       20.7792807082     4.4589255830     6.8934554662
H       20.3807964474     2.9544899767     8.3209868036
H       20.9436304735     4.6269226951     7.6715766790
Si       16.4211000779     3.3999991441     4.3792052635
O       16.3147396711     4.9866417348     4.7360756959
O       17.9254060291     3.0620152934     3.8172635522
O       15.3567206737     3.0035605917     3.1999695641
O       16.0975470305     2.5568148300     5.7378233451
Si       16.5096112200     6.5886956289     4.4102035262
Si       13.9316337473     2.5812003212     2.4910798762
Si       18.8108674383     2.5323519802     2.5330223220
Si       15.7370347014     1.1083192992     6.4414704401
H       17.8949175409     6.8462482809     3.9082805340
H       15.5509441720     6.9678835094     3.3160224751
H       16.2894931304     7.4593043671     5.6308965109
H       12.8039788247     3.3282294171     3.0989230755
H       13.9183236851     2.8907518978     1.0277019720
H       18.4129377998     3.3272964087     1.3399770907
H       13.6770244641     1.1200926958     2.6817840058
H       18.5056274842     1.0935552216     2.2684287353
H       16.4329104563     0.8659252606     7.7575578071
H       14.2566240115     0.9650073695     6.6763726105
H       20.3087675151     2.6696364412     2.7211402284
H       16.1705931259     0.0506414543     5.4956378266
32
# Point -13 Energy = 0.0
C       20.7088945678     3.5526856057     7.4944177720
H       19.3349467363     3.6358746975     6.0591106081
C       19.3991607116     2.8739043175     6.8372558503
H       18.9631950567     2.6264210988     7.8046686820
H       20.8682167263     1.4426729019     6.1871964577
C       19.7749619605     1.5949766581     6.1677483919
H       18.7256448687     1.3879364181     6.1982570914
H       20.6241421159     0.9035338844     6.3710763674
H       20.7819285864     4.4367997011     6.8550963527
H       20.3999175902     2.9580758253     8.3325800931
H       20.9127061991     4.6336236200     7.6973957601
Si       16.4233335746     3.4013269498     4.3816442158
O       16.3169799141     4.9882735962     4.7374319818
O       17.9275580726     3.0628560071     3.8204684377
O       15.3591700715     3.0042000762     3.2023794471
O       16.0992274885     2.5590189506     5.7408138052
Si       16.5121062517     6.5900091276     4.4105420795
Si       13.9342843431     2.5815264660     2.4933592851
Si       18.8135422535     2.5321067918     2.5367827616
Si       15.7383078750     1.1111601106     6.4453066935
H       17.8976007024     6.8470919307     3.9088393166
H       15.5538118632     6.9685822494     3.3158216893
H       16.2917458456     7.4614901837     5.6305756844
H       12.8065226155     3.3290905868     3.1003593569
H       13.9214365386     2.8900876297     1.0297673502
H       18.4159731585     3.3263353326     1.3430666369
H       13.6794462867     1.1205749044     2.6849749313
H       18.5081450729     1.0932144594     2.2730610066
H       16.4338187322     0.8695542368     7.7617562501
H       14.2578568040     0.9681403849     6.6798727383
H       20.3113317420     2.6694008811     2.7252212469
H       16.1720662745     0.0527564160     5.5003170189
32
# Point -12 Energy = 0.0
C       20.7065053146     3.5588644683     7.4978549096
H       19.3069126038     3.6397929533     6.0669719572
C       19.4047627305     2.8785571586     6.8429515194
H       18.9417423919     2.6352406460     7.7994971843
H       20.8728526738     1.4610777224     6.1136203123
C       19.7793402170     1.5971802992     6.1711758166
H       18.7373178579     1.3459964395     6.1505742569
H       20.6100238401     0.9011420591     6.4219823588
H       20.7870009680     4.4125720096     6.8189550295
H       20.4181679316     2.9611368167     8.3431715517
H       20.8802690894     4.6387770122     7.7229044479
Si       16.4256510907     3.4023259146     4.3841619602
O       16.3193939640     4.9895698227     4.7389208115
O       17.9297631546     3.0633103641     3.8237051382
O       15.3616539161     3.0046029264     3.2048821863
O       16.1009820080     2.5608666448     5.7438626057
Si       16.5148490347     6.5909869523     4.4110607027
Si       13.9369302882     2.5817112054     2.4957535214
Si       18.8162120124     2.5314722293     2.5405374731
Si       15.7395984846     1.1136403390     6.4491619402
H       17.9005324759     6.8475456684     3.9095534044
H       15.5569202278     6.9690292194     3.3158368588
H       16.2943204878     7.4633116173     5.6304678545
H       12.8091151304     3.3298474724     3.1019622970
H       13.9245239681     2.8893297723     1.0319586265
H       18.4190151488     3.3250433892     1.3461863518
H       13.6817937684     1.1209230795     2.6882395594
H       18.5105780059     1.0925089937     2.2776480538
H       16.4347640549     0.8727444027     7.7659483530
H       14.2591055778     0.9709801565     6.6834228393
H       20.3139023346     2.6686940061     2.7292649097
H       16.1734798476     0.0545202390     5.5049705684
32
# Point -11 Energy = 0.0
C       20.7045390895     3.5643151430     7.5007377286
H       19.2795148427     3.6420825942     6.0748273091
C       19.4106784067     2.8825990028     6.8482266828
H       18.9211404901     2.6434250555     7.7932602152
H       20.8727801596     1.4834406316     6.0421009032
C       19.7838843608     1.5987361741     6.1741779661
H       18.7505619195     1.3136709065     6.1050089744
H       20.5940733798     0.8999668978     6.4735000692
H       20.7946176118     4.3864158402     6.7846967490
H       20.4361743769     2.9636077558     8.3525274312
H       20.8466603819     4.6421576785     7.7477237086
Si       16.4280786627     3.4029905089     4.3865716602
O       16.3219950000     4.9905051504     4.7404404477
O       17.9320183111     3.0634344412     3.8266715476
O       15.3641299400     3.0047974957     3.2073409655
O       16.1029449548     2.5622781009     5.7467629610
Si       16.5177947832     6.5916245035     4.4117235746
Si       13.9394924149     2.5817854714     2.4981982322
Si       18.8188016866     2.5305874884     2.5438998977
Si       15.7411201060     1.1156372101     6.4527819996
H       17.9036293631     6.8476609523     3.9103087356
H       15.5601440319     6.9692520165     3.3161133931
H       16.2972323890     7.4646991671     5.6305947127
H       12.8116999130     3.3304757136     3.1037783216
H       13.9274037979     2.8885809839     1.0342272091
H       18.4218923432     3.3236095859     1.3490146074
H       13.6840336167     1.1211528079     2.6914584279
H       18.5128667689     1.0915839369     2.2817525486
H       16.4360518528     0.8753239454     7.7698226883
H       14.2606024971     0.9733588512     6.6868587473
H       20.3164135415     2.6676796638     2.7327933081
H       16.1750096062     0.0558663251     5.5092636368
32
# Point -10 Energy = 0.0
C       20.6975974863     3.5679951701     7.5030947817
H       19.2481214518     3.6418814939     6.0819469622
C       19.4118956899     2.8850152462     6.8523135040
H       18.8958916748     2.6497937022     7.7849018116
H       20.8638781973     1.5079565242     5.9735586801
C       19.7840464264     1.5987689198     6.1759787360
H       18.7604691802     1.2868211107     6.0608178798
H       20.5708392065     0.8974874576     6.5228416579
H       20.8680483426     4.3722012265     6.7810463967
H       20.5135033436     2.9805780960     8.3879151726
H       20.8027608069     4.6430559350     7.7714780770
Si       16.4268660781     3.4025562074     4.3866282138
O       16.3207475641     4.9902461400     4.7399709675
O       17.9308885396     3.0626566558     3.8278525898
O       15.3634926236     3.0041612668     3.2068811192
O       16.1007040110     2.5622276603     5.7469502403
Si       16.5169805712     6.5911590502     4.4108968788
Si       13.9392644911     2.5811630518     2.4969953632
Si       18.8185835379     2.5291632435     2.5457265104
Si       15.7381799990     1.1159772778     6.4531562687
H       17.9031757008     6.8468504297     3.9102448934
H       15.5600725595     6.9686219339     3.3145810733
H       16.2958235718     7.4646608834     5.6293611354
H       12.8112058465     3.3302116358     3.1016493394
H       13.9281198616     2.8875133251     1.0329228690
H       18.4224553181     3.3219313249     1.3503395703
H       13.6834494612     1.1206274281     2.6905408411
H       18.5125114390     1.0901769275     2.2838156030
H       16.4323122720     0.8759298332     7.7706913465
H       14.2575409329     0.9739690434     6.6863668343
H       20.3160295887     2.6661287643     2.7354740365
H       16.1725248257     0.0558150351     5.5102260063
32
# Point -9 Energy = 0.0
C       20.6888700169     3.5738247762     7.5069794876
H       19.2158235093     3.6421154030     6.0903939181
C       19.4117764350     2.8890742520     6.8576176937
H       18.8694954875     2.6578202680     7.7769296115
H       20.8501674800     1.5367012903     5.9103508897
C       19.7835838206     1.6004028320     6.1794717454
H       18.7708612431     1.2658272981     6.0206404460
H       20.5441318454     0.8967032949     6.5724148122
H       20.9599533463     4.3428452777     6.7770797005
H       20.6060173707     2.9873094235     8.4094428821
H       20.7466355764     4.6458355230     7.7936963505
Si       16.4250668230     3.4024286100     4.3867230957
O       16.3182327333     4.9902990342     4.7393100024
O       17.9294972338     3.0626400497     3.8296746251
O       15.3628470502     3.0033225501     3.2061115588
O       16.0976589243     2.5625330816     5.7471529895
Si       16.5144684432     6.5910338872     4.4097609803
Si       13.9394402916     2.5797600925     2.4950029303
Si       18.8187669788     2.5286547791     2.5485910116
Si       15.7346723218     1.1166319273     6.4535821773
H       17.9011218328     6.8468003047     3.9103595475
H       15.5585829809     6.9678698510     3.3123378601
H       16.2919598735     7.4650316722     5.6276303708
H       12.8106318292     3.3288483872     3.0982201127
H       13.9296796916     2.8854863138     1.0307893686
H       18.4235927427     3.3208888506     1.3524605657
H       13.6837020543     1.1192562620     2.6889127446
H       18.5131534583     1.0895486492     2.2869740406
H       16.4275954923     0.8772476047     7.7718985252
H       14.2538748342     0.9744087679     6.6853903609
H       20.3159279278     2.6660349916     2.7397355469
H       16.1701909510     0.0561166945     5.5115294082
32
# Point -8 Energy = 0.0
C       20.6817585597     3.5812717477     7.5110966273
H       19.1853773740     3.6424537083     6.0995348536
C       19.4133010029     2.8944459848     6.8634747800
H       18.8453291409     2.6672684308     7.7689314129
H       20.8340690258     1.5679767353     5.8505905915
C       19.7849761792     1.6032268797     6.1838679329
H       18.7841301116     1.2489349176     5.9837193669
H       20.5165641039     0.8970721172     6.6209459425
H       21.0315388237     4.3016068764     6.7648492614
H       20.6797937920     2.9860575489     8.4135811371
H       20.6933230531     4.6477966692     7.8161453936
Si       16.4245793116     3.4027304038     4.3876028541
O       16.3167830119     4.9908099655     4.7392259112
O       17.9294199776     3.0632459800     3.8321752796
O       15.3634645217     3.0025614550     3.2062919011
O       16.0962136172     2.5633954628     5.7482875827
Si       16.5127030170     6.5913561773     4.4089622961
Si       13.9408831778     2.5780827484     2.4941655250
Si       18.8202288967     2.5287529296     2.5521189688
Si       15.7330940061     1.1178755101     6.4551742021
H       17.8997171018     6.8473770914     3.9106355557
H       15.5576625038     6.9672438555     3.3104786661
H       16.2888113240     7.4659766555     5.6261379618
H       12.8112543249     3.3270911347     3.0959579713
H       13.9323024203     2.8829824348     1.0297714923
H       18.4257465392     3.3202182180     1.3551775628
H       13.6855018559     1.1175919934     2.6886665461
H       18.5153040064     1.0894368998     2.2910248451
H       16.4249840608     0.8794584913     7.7742326328
H       14.2521884311     0.9752041817     6.6857503136
H       20.3170982446     2.6668418868     2.7444888696
H       16.1698790827     0.0569569085     5.5141011224
32
# Point -7 Energy = 0.0
C       20.6757083530     3.5894317454     7.5148802843
H       19.1562307784     3.6422261637     6.1088162223
C       19.4158468815     2.9003878514     6.8692850487
H       18.8227530245     2.6773635779     7.7603102910
H       20.8148580436     1.6001381555     5.7931879516
C       19.7875118759     1.6065160770     6.1884844590
H       18.7995491940     1.2345495753     5.9489970358
H       20.4875307489     0.8979145340     6.6677088444
H       21.0918500376     4.2550810910     6.7517737960
H       20.7436688885     2.9837034482     8.4096972737
H       20.6435014321     4.6480078692     7.8388607785
Si       16.4247873332     3.4031849836     4.3887594136
O       16.3159269873     4.9914818782     4.7393444886
O       17.9300023411     3.0641123713     3.8347943262
O       15.3646752378     3.0017930819     3.2068975345
O       16.0956993667     2.5644536627     5.7497815251
Si       16.5113482766     6.5918387318     4.4082566595
Si       13.9428748526     2.5762304007     2.4939457202
Si       18.8222482260     2.5291246539     2.5556913798
Si       15.7326603388     1.1193201468     6.4572454087
H       17.8986403884     6.8482135608     3.9108279611
H       15.5569909102     6.9666320386     3.3088056346
H       16.2861375215     7.4671263772     5.6247161753
H       12.8124299635     3.3250877729     3.0944058055
H       13.9352737703     2.8802239599     1.0293571586
H       18.4282464384     3.3197205764     1.3579435493
H       13.6880053848     1.1157406260     2.6891473988
H       18.5181115838     1.0895575943     2.2952340970
H       16.4236929231     0.8820039622     7.7769760483
H       14.2516878923     0.9760780118     6.6867714260
H       20.3188347429     2.6680690774     2.7491027476
H       16.1706968626     0.0579884431     5.5171589163
32
# Point -6 Energy = 0.0
C       20.6703658009     3.5980348501     7.5182004432
H       19.1280744239     3.6412261262     6.1180652432
C       19.4190571728     2.9066740769     6.8748800485
H       18.8013804191     2.6878656017     7.7508925697
H       20.7922070949     1.6322896716     5.7377890844
C       19.7908483416     1.6100495350     6.1931512105
H       18.8168002684     1.2218209005     5.9160059118
H       20.4568284014     0.8991573589     6.7125656332
H       21.1458150439     4.2053709332     6.7409199062
H       20.8023365353     2.9826092458     8.4011064532
H       20.5964804343     4.6464091252     7.8616581930
Si       16.4253872283     3.4037091001     4.3899905527
O       16.3153928690     4.9922235701     4.7395080846
O       17.9309421579     3.0651362067     3.8373446300
O       15.3661857253     3.0009940667     3.2076967401
O       16.0957696566     2.5655927195     5.7514029537
Si       16.5101761287     6.5923950340     4.4075362786
Si       13.9451235016     2.5742345602     2.4940756256
Si       18.8245317319     2.5296831031     2.5591200553
Si       15.7329784253     1.1208391608     6.4595158997
H       17.8976782643     6.8492045237     3.9108593992
H       15.5563673754     6.9660027110     3.3072058396
H       16.2837106892     7.4683640248     5.6232792034
H       12.8138744744     3.3228791479     3.0932988837
H       13.9383338017     2.8772852723     1.0292869495
H       18.4308380929     3.3193532822     1.3605866412
H       13.6908827567     1.1137343412     2.6900406421
H       18.5212530245     1.0898390109     2.2993665596
H       16.4233014417     0.8847023615     7.7798536632
H       14.2519728424     0.9769323043     6.6881450495
H       20.3208444404     2.6695882618     2.7534179592
H       16.1722420352     0.0591018121     5.5203990527
32
# Point -5 Energy = 0.0
C       20.6655584098     3.6069748316     7.5210120286
H       19.1007708776     3.6393676947     6.1272004611
C       19.4227602725     2.9132160158     6.8801959244
H       18.7810214273     2.6986779990     7.7406136514
H       20.7660121628     1.6638111283     5.6842900380
C       19.7948393468     1.6137374419     6.1978205928
H       18.8357755869     1.2101992080     5.8844838201
H       20.4244501413     0.9008719756     6.7554901840
H       21.1957260812     4.1533996645     6.7336775399
H       20.8580129735     2.9837419191     8.3891708821
H       20.5517374288     4.6430574646     7.8843603465
Si       16.4262367138     3.4042776507     4.3912108934
O       16.3150517889     4.9930063528     4.7396509988
O       17.9320991429     3.0662833718     3.8397509393
O       15.3678609457     3.0001660959     3.2085884952
O       16.0962599368     2.5667735066     5.7530526349
Si       16.5090779896     6.5929983869     4.4067581175
Si       13.9474964285     2.5721215376     2.4944347953
Si       18.8269460937     2.5304012568     2.5623311651
Si       15.7338613554     1.1223883224     6.4618642497
H       17.8967298799     6.8503147704     3.9107035137
H       15.5556979953     6.9653536789     3.3056317036
H       16.2814195698     7.4696494318     5.6217934026
H       12.8154571084     3.3204958580     3.0925156563
H       13.9413674270     2.8742117316     1.0294440671
H       18.4334082892     3.3191089916     1.3630393068
H       13.6939838209     1.1115998418     2.6912044027
H       18.5245822305     1.0902609504     2.3033267121
H       16.4236072991     0.8874849266     7.7827478528
H       14.2528524593     0.9777358255     6.6897335867
H       20.3229937219     2.6713537596     2.7573770157
H       16.1743256947     0.0602604088     5.5236903815
32
# Point -4 Energy = 0.0
C       20.6611999216     3.6161925678     7.5232898762
H       19.0742628512     3.6366004551     6.1361666702
C       19.4268689314     2.9199659787     6.8851988768
H       18.7615781201     2.7097469379     7.7294412369
H       20.7362810579     1.6942240791     5.6327078373
C       19.7994216779     1.6175286134     6.2024792624
H       18.8564585055     1.1992864257     5.8542629532
H       20.3904639874     0.9031601156     6.7964714435
H       21.2426829810     4.0997234714     6.7307572722
H       20.9118106228     2.9875681583     8.3745584431
H       20.5089383057     4.6380087848     7.9068165684
Si       16.4272620310     3.4048843161     4.3923794810
O       16.3148403993     4.9938218634     4.7397443260
O       17.9333993718     3.0675403709     3.8419755774
O       15.3696288795     2.9993201055     3.2095243694
O       16.0970846841     2.5679817372     5.7546819698
Si       16.5080038136     6.5936413534     4.4059065105
Si       13.9499212400     2.5699186700     2.4949657377
Si       18.8294186462     2.5312688099     2.5652861451
Si       15.7352099122     1.1239507573     6.4642292407
H       17.8957492049     6.8515301258     3.9103520556
H       15.5549399131     6.9646932615     3.3040665555
H       16.2792156883     7.4709673736     5.6202492258
H       12.8171085432     3.3179691324     3.0920001001
H       13.9443104622     2.8710420461     1.0297731568
H       18.4358950802     3.3189895965     1.3652674510
H       13.6972244862     1.1093650297     2.6925687987
H       18.5280168278     1.0908175655     2.3070635184
H       16.4245042034     0.8903193230     7.7855984545
H       14.2542254342     0.9784812267     6.6914688644
H       20.3252102584     2.6733423395     2.7609484036
H       16.1768445579     0.0614514081     5.5269649778
32
# Point -3 Energy = 0.0
C       20.6572477102     3.6256432999     7.5250140002
H       19.0485343338     3.6328860798     6.1449175577
C       19.4313373934     2.9268900076     6.8898649993
H       18.7429987541     2.7210327226     7.7173537637
H       20.7030874048     1.7231421149     5.5831293139
C       19.8045704914     1.6213846606     6.2071245089
H       18.8788767318     1.1887740177     5.8252308752
H       20.3549666642     0.9061240303     6.8354938893
H       21.2872026564     4.0447594282     6.7325430964
H       20.9643047441     2.9943382881     8.3576496942
H       20.4678665112     4.6312996172     7.9288974394
Si       16.4284217497     3.4055296519     4.3934747251
O       16.3147277250     4.9946692542     4.7397758842
O       17.9347995263     3.0689006184     3.8439956099
O       15.3714459773     2.9984708206     3.2104797840
O       16.0981961472     2.5692123764     5.7562644577
Si       16.5069335462     6.5943235536     4.4049787883
Si       13.9523518358     2.5676546352     2.4956406078
Si       18.8319031983     2.5322805292     2.5679590740
Si       15.7369662480     1.1255199130     6.4665757693
H       17.8947182296     6.8528435408     3.9098044302
H       15.5540761098     6.9640340040     3.3025093605
H       16.2770842031     7.4723118973     5.6186492368
H       12.8187873230     3.3153318879     3.0917283693
H       13.9471196119     2.8678134253     1.0302479725
H       18.4382581716     3.3189994665     1.3672495091
H       13.7005487489     1.1070593019     2.6940972636
H       18.5315010867     1.0915073176     2.3105423915
H       16.4259320634     0.8931866033     7.7883694394
H       14.2560327672     0.9791708247     6.6933142811
H       20.3274487535     2.6755373314     2.7641077449
H       16.1797341820     0.0626707798     5.5301815225
32
# Point -2 Energy = 0.0
C       20.6536832289     3.6352858549     7.5261659414
H       19.0235932891     3.6281911896     6.1534102097
C       19.4361422181     2.9339589297     6.8941738223
H       18.7252569394     2.7325005913     7.7043332477
H       20.6665481108     1.7502475367     5.5356843499
C       19.8102801238     1.6252716425     6.2117568136
H       18.9030823037     1.1784115936     5.7973132098
H       20.3180639133     0.9098597044     6.8725357790
H       21.3294931099     3.9888610156     6.7392375004
H       21.0157872389     3.0041948434     8.3386939523
H       20.4283702013     4.6229449148     7.9504878057
Si       16.4296912746     3.4062169145     4.3944844577
O       16.3147002341     4.9955506926     4.7397419278
O       17.9362719514     3.0703599027     3.8457945819
O       15.3732830140     2.9976346191     3.2114421570
O       16.0995664337     2.5704641388     5.7577843566
Si       16.5058637034     6.5950474122     4.4039790748
Si       13.9547549484     2.5653590602     2.4964469196
Si       18.8343664987     2.5334325804     2.5703290207
Si       15.7390940474     1.1270934921     6.4688813713
H       17.8936344072     6.8542504906     3.9090636850
H       15.5531037300     6.9633903009     3.3009676303
H       16.2750293919     7.4736808376     5.6170025953
H       12.8204660582     3.3126184002     3.0916938088
H       13.9497612173     2.8645628548     1.0308574182
H       18.4404675462     3.3191433953     1.3689691486
H       13.7039140017     1.1047131051     2.6957702513
H       18.5349917951     1.0923297984     2.3137354894
H       16.4278551921     0.8960731886     7.7910361186
H       14.2582375084     0.9798112500     6.6952491397
H       20.3296772478     2.6779237493     2.7668323557
H       16.1829497212     0.0639180003     5.5333112196
32
# Point -1 Energy = 0.0
C       20.6505024423     3.6450787817     7.5267281086
H       18.9994634003     3.6224853559     6.1616032173
C       19.4412730460     2.9411452193     6.8981060878
H       18.7083414420     2.7441176457     7.6903626755
H       20.6268099113     1.7752796023     5.4905299653
C       19.8165551366     1.6291572452     6.2163773262
H       18.9291425058     1.1679889576     5.7704645360
H       20.2798605550     0.9144579077     6.9075719504
H       21.3695862462     3.9323441023     6.7509272652
H       21.0663918127     3.0172207606     8.3178772950
H       20.3903284445     4.6129372807     7.9714811751
Si       16.4310556343     3.4069504450     4.3954015716
O       16.3147545955     4.9964696152     4.7396433765
O       17.9377978371     3.0719147730     3.8473592099
O       15.3751187498     2.9968285841     3.2124055302
O       16.1011790869     2.5717373412     5.7592317028
Si       16.5048006431     6.5958165263     4.4029153532
Si       13.9571042981     2.5630620973     2.4973808598
Si       18.8367823519     2.5347213226     2.5723772165
Si       15.7415693152     1.1286710571     6.4711303374
H       17.8925043646     6.8557473409     3.9081347877
H       15.5520282803     6.9627773814     3.2994538905
H       16.2730670927     7.4750737019     5.6153223167
H       12.8221252175     3.3098637996     3.0918996896
H       13.9522066213     2.8613272995     1.0315989865
H       18.4424986531     3.3194259679     1.3704124657
H       13.7072848053     1.1023574646     2.6975777258
H       18.5384523557     1.0932846800     2.3166180331
H       16.4302520122     0.8989678021     7.7935797057
H       14.2608153366     0.9804111813     6.6972615234
H       20.3318711087     2.6804867715     2.7690996673
H       16.1864572975     0.0651939884     5.5363318077
32
# Point 0 Energy = 0
C       20.6477110000     3.6549790000     7.5266840000
H       18.9761800000     3.6157410000     6.1694560000
C       19.4467280000     2.9484220000     6.9016430000
H       18.6922510000     2.7558520000     7.6754250000
H       20.5840390000     1.7980300000     5.4478400000
C       19.8234060000     1.6330100000     6.2209870000
H       18.9571360000     1.1573250000     5.7446630000
H       20.2404540000     0.9200090000     6.9405780000
H       21.4074060000     3.8754920000     6.7676150000
H       21.1161610000     3.0334640000     8.2953550000
H       20.3536290000     4.6012450000     7.9917750000
Si       16.4325060000     3.4077350000     4.3962220000
O       16.3148940000     4.9974300000     4.7394840000
O       17.9393640000     3.0735620000     3.8486780000
O       15.3769370000     2.9960700000     3.2133680000
O       16.1030250000     2.5730330000     5.7606000000
Si       16.5037570000     6.5966350000     4.4017980000
Si       13.9593780000     2.5607940000     2.4984440000
Si       18.8391290000     2.5361430000     2.5740860000
Si       15.7443760000     1.1302530000     6.4733110000
H       17.8913405600     6.8573308000     3.9070238400
H       15.5508605600     6.9622108000     3.2979838400
H       16.2712205600     7.4764908000     5.6136238400
H       12.8237502400     3.3071035200     3.0923555200
H       13.9544302400     2.8581435200     1.0324755200
H       18.4443303200     3.3198514400     1.3715668800
H       13.7106302400     1.1000235200     2.6995155200
H       18.5418503200     1.0943714400     2.3191668800
H       16.4331100800     0.9018602400     7.7959848800
H       14.2637500800     0.9809802400     6.6993448800
H       20.3340103200     2.6832114400     2.7708868800
H       16.1902300800     0.0665002400     5.5392248800
32
# Point 1 Energy = 0.0
C       20.6453211840     3.6649451010     7.5260159949
H       18.9537829223     3.6079295564     6.1769291699
C       19.4525115663     2.9557624106     6.9047665610
H       18.6769935513     2.7676716029     7.6595049319
H       20.5384066833     1.8183379940     5.4077962260
C       19.8308433817     1.6367981424     6.2255860416
H       18.9871454095     1.1462602646     5.7199098586
H       20.1999273129     0.9266063078     6.9715303244
H       21.4428067468     3.8185615601     6.7892352203
H       21.1650825370     3.0529538272     8.2712649926
H       20.3181620093     4.5878123721     8.0112686962
Si       16.4340385076     3.4085752100     4.3969439581
O       16.3151266688     4.9984357542     4.7392698851
O       17.9409619607     3.0752982989     3.8497410363
O       15.3787259762     2.9953758984     3.2143304716
O       16.1051007862     2.5743520160     5.7618851813
Si       16.5027501519     6.5975069121     4.4006396038
Si       13.9615582398     2.5585846325     2.4996414124
Si       18.8413887676     2.5376937881     2.5754388761
Si       15.7475042393     1.1318395621     6.4754143018
H       17.8901599169     6.8589976294     3.9057384968
H       15.5496155282     6.9617059891     3.2965758561
H       16.2695183498     7.4779324764     5.6119249006
H       12.8253308932     3.3043725782     3.0930748349
H       13.9564097912     2.8550478367     1.0334933819
H       18.4459447913     3.3204239494     1.3724211759
H       13.7139236629     1.0977419708     2.7015830999
H       18.5451572963     1.0955894172     2.3213602180
H       16.4364238267     0.9047402393     7.7982385848
H       14.2670318886     0.9815278031     6.7014959718
H       20.3360790310     2.6860828408     2.7721716445
H       16.1942470215     0.0678380584     5.5419744507
32
# Point 2 Energy = 0.0
C       20.6433515017     3.6749341312     7.5247065180
H       18.9323201291     3.5990244428     6.1839831157
C       19.4586335986     2.9631396466     6.9074581918
H       18.6625835025     2.7795450493     7.6425863773
H       20.4900853629     1.8360950387     5.3705883751
C       19.8388818406     1.6404901915     6.2301741850
H       19.0192670840     1.1346466658     5.6962243881
H       20.1583449786     0.9343608516     7.0004172207
H       21.4755935434     3.7617698457     6.8156661947
H       21.2131155290     3.0757120152     8.2457391333
H       20.2837985238     4.5725491696     8.0298569307
Si       16.4356529080     3.4094756898     4.3975670341
O       16.3154645883     4.9994908223     4.7390085486
O       17.9425865016     3.0771204188     3.8505388507
O       15.3804767571     2.9947631940     3.2152959119
O       16.1074076141     2.5756952789     5.7630847398
Si       16.5018009367     6.5984364244     4.3994540573
Si       13.9636296349     2.5564636355     2.5009811353
Si       18.8435464170     2.5393698773     2.5764192560
Si       15.7509492718     1.1334309388     6.4774329706
H       17.8889824687     6.8607447323     3.9042868558
H       15.5483108688     6.9612783915     3.2952502349
H       16.2679932343     7.4793992127     5.6102446541
H       12.8268597401     3.3017057539     3.0940748291
H       13.9581244450     2.8520763070     1.0346619306
H       18.4473259239     3.3211476151     1.3729643098
H       13.7171410697     1.0955432449     2.7037830610
H       18.5483472375     1.0969379022     2.3231763455
H       16.4401936591     0.9075975603     7.8003290926
H       14.2706561816     0.9820631314     6.7037142688
H       20.3380639389     2.6890861610     2.7729305788
H       16.1984916088     0.0692086600     5.5445660644
32
# Point 3 Energy = 0.0
C       20.6418280645     3.6848964127     7.5227419524
H       18.9118540912     3.5890070188     6.1905776657
C       19.4651096748     2.9705269990     6.9096984186
H       18.6490400934     2.7914424877     7.6246501478
H       20.4392434262     1.8512690735     5.3364176099
C       19.8475433893     1.6440559932     6.2347503355
H       19.0536202649     1.1223443333     5.6736385719
H       20.1157445315     0.9434229733     7.0272505116
H       21.5055204556     3.7052637821     6.8467209905
H       21.2602087667     3.1017585816     8.2189113489
H       20.2503674359     4.5553148282     8.0474188453
Si       16.4373526390     3.4104408259     4.3980922111
O       16.3159235847     5.0005989945     4.7387088554
O       17.9442356785     3.0790249323     3.8510623015
O       15.3821832416     2.9942483643     3.2162695284
O       16.1099514538     2.5770635397     5.7641978393
Si       16.5009336534     6.5994275709     4.3982563409
Si       13.9655791238     2.5544600191     2.5024745476
Si       18.8455890254     2.5411672002     2.5770102802
Si       15.7547117964     1.1350271923     6.4793617709
H       17.8878312927     6.8625689459     3.9026770677
H       15.5469668633     6.9609431492     3.2940290635
H       16.2666823202     7.4808914931     5.6086034150
H       12.8283320837     3.2991371922     3.0953768031
H       13.9595545428     2.8492642174     1.0359938826
H       18.4484589136     3.3220261717     1.3731852296
H       13.7202610408     1.0934570984     2.7061216355
H       18.5513963235     1.0984158398     2.3245936346
H       16.4444264693     0.9104220080     7.8022461868
H       14.2746240421     0.9825952585     6.7060023771
H       20.3399541782     2.6922064684     2.7731389109
H       16.2029521393     0.0706130349     5.5469870800
32
# Point 4 Energy = 0.0
C       20.6407861357     3.6947775596     7.5201102103
H       18.8924586310     3.5778633442     6.1966724080
C       19.4719630887     2.9778966426     6.9114669730
H       18.6363911377     2.8033338403     7.6056755510
H       20.3860222037     1.8639276469     5.3054975665
C       19.8568549513     1.6474651938     6.2393108392
H       19.0903457532     1.1092183009     5.6521984377
H       20.0721216722     0.9540066608     7.0520714136
H       21.5322876484     3.6491013011     6.8821441416
H       21.3063110344     3.1311220274     8.1909159843
H       20.2176488060     4.5359063974     8.0638074603
Si       16.4391466020     3.4114738627     4.3985223414
O       16.3165250231     5.0017629109     4.7383818221
O       17.9459125669     3.0810075411     3.8513028640
O       15.3838438677     2.9938467047     3.2172592540
O       16.1127450187     2.5784561946     5.7652256362
Si       16.5001776250     6.6004833426     4.3970636380
Si       13.9673976667     2.5526014665     2.5041368865
Si       18.8475076597     2.5430810625     2.5771949360
Si       15.7588000698     1.1366268650     6.4811975568
H       17.8867340062     6.8644663247     3.9009183963
H       15.5456078491     6.9607143475     3.2929374937
H       16.2656286493     7.4824086225     5.6070239593
H       12.8297476725     3.2966995049     3.0970069184
H       13.9606831621     2.8466456884     1.0375059017
H       18.4493318247     3.3230628193     1.3730731915
H       13.7232665570     1.0915118637     2.7086089324
H       18.5542847146     1.1000214941     2.3255903820
H       16.4491378468     0.9132018225     7.8039811022
H       14.2789443521     0.9831314538     6.7083661795
H       20.3417429909     2.6954284075     2.7727705039
H       16.2076238129     0.0720507856     5.5492264787
32
# Point 5 Energy = 0.0
C       20.6402738696     3.7045154253     7.5167997696
H       18.8742218942     3.5655835947     6.2022259432
C       19.4792280803     2.9852173927     6.9127416043
H       18.6246764431     2.8151866965     7.5856394177
H       20.3305102196     1.8742845523     5.2780634324
C       19.8668507654     1.6506853210     6.2438471973
H       19.1296148790     1.0951319670     5.6319623557
H       20.0274105061     0.9664374262     7.0749685785
H       21.5555314160     3.5932128459     6.9216060764
H       21.3513817202     3.1638482825     8.1618859159
H       20.1853537917     4.5140345638     8.0788290521
Si       16.4410512771     3.4125756116     4.3988625374
O       16.3172982304     5.0029826863     4.7380414908
O       17.9476270766     3.0830618014     3.8512522312
O       15.3854631450     2.9935714545     3.2182765337
O       16.1158104460     2.5798696502     5.7661715866
Si       16.4995696109     6.6016043869     4.3958965549
Si       13.9690814174     2.5509137799     2.5059885859
Si       18.8492985371     2.5451051384     2.5769551012
Si       15.7632327895     1.1382251837     6.4829393512
H       17.8857249597     6.8664308531     3.8990218630
H       15.5442641575     6.9606040997     3.2920055188
H       16.2648842624     7.4839471147     5.6055330814
H       12.8311122292     3.2944231537     3.0989982661
H       13.9614966297     2.8442535213     1.0392200341
H       18.4499362641     3.3242595809     1.3726172128
H       13.7261461327     1.0897338627     2.7112599956
H       18.5569974613     1.1017515400     2.3261436055
H       16.4543555528     0.9159214614     7.8055262079
H       14.2836367813     0.9836754956     6.7108155658
H       20.3434289785     2.6987350089     2.7717962378
H       16.2125110754     0.0735185475     5.5512744548
32
# Point 6 Energy = 0.0
C       20.6403591853     3.7140335626     7.5127972117
H       18.8572517105     3.5521592479     6.2071943617
C       19.4869557095     2.9924495517     6.9134955921
H       18.6139541018     2.8269614010     7.5645142247
H       20.2727039714     1.8827825904     5.2543928964
C       19.8775766212     1.6536770557     6.2483416937
H       19.1716421495     1.0799384841     5.6129985883
H       19.9814539009     0.9812376660     7.0961088055
H       21.5748031272     3.5373489583     6.9646956416
H       21.3953997701     3.2000043929     8.1319453091
H       20.1530950526     4.4892853860     8.0922073772
Si       16.4430944574     3.4137418623     4.3991207921
O       16.3182851477     5.0042531736     4.7377065589
O       17.9493990371     3.0851762855     3.8509013617
O       15.3870541535     2.9934322729     3.2193376999
O       16.1191839845     2.5812940804     5.7670418798
Si       16.4991587446     6.6027863958     4.3947814917
Si       13.9706334130     2.5494202897     2.5080577216
Si       18.8509647161     2.5472290211     2.5762694683
Si       15.7680439034     1.1398105408     6.4845882817
H       17.8848497968     6.8684515989     3.8970014907
H       15.5429761790     6.9606209184     3.2912714445
H       16.2645165911     7.4854974796     5.6041646642
H       12.8324399852     3.2923359450     3.1013947769
H       13.9619849663     2.8421194432     1.0411663453
H       18.4502682590     3.3256156858     1.3718048222
H       13.7288951454     1.0881467912     2.7140966450
H       18.5595254221     1.1035988670     2.3262264259
H       16.4601254600     0.9185570716     7.8068741595
H       14.2887367670     0.9842245743     6.7133656467
H       20.3450180128     2.7021045727     2.7701806358
H       16.2176311580     0.0750068335     5.5531213453
32
# Point 7 Energy = 0.0
C       20.6411420521     3.7232274771     7.5080820435
H       18.8416850426     3.5375753600     6.2115282819
C       19.4952242322     2.9995336535     6.9136928779
H       18.6043116093     2.8386003238     7.5422645427
H       20.2124473991     1.8902467960     5.2348514326
C       19.8890971211     1.6563835687     6.2527592334
H       19.2166995834     1.0634708435     5.5953811654
H       19.9339603751     0.9992880335     7.1157932522
H       21.5895329957     3.4810087461     7.0109091885
H       21.4383688598     3.2396614690     8.1011926114
H       20.1203385851     4.4610565636     8.1035179033
Si       16.4453217355     3.4149580805     4.3993089203
O       16.3195489624     5.0055583840     4.7374034064
O       17.9512633919     3.0873284613     3.8502384592
O       15.3886426064     2.9934323564     3.2204662574
O       16.1229240241     2.5827068208     5.7678459289
Si       16.4990161418     6.6040147572     4.3937552482
Si       13.9720660044     2.5481411894     2.5103842202
Si       18.8525185526     2.5494327304     2.5751093602
Si       15.7732904648     1.1413573823     6.4861469624
H       17.8841744419     6.8705066056     3.8948768514
H       15.5418024412     6.9607666003     3.2907885816
H       16.2646210179     7.4870376754     5.6029657073
H       12.8337578818     3.2904627720     3.1042582514
H       13.9621420812     2.8402751840     1.0433875170
H       18.4503294110     3.3271238908     1.3706195060
H       13.7315171917     1.0867710436     2.7171503736
H       18.5618658767     1.1055476636     2.3258026876
H       16.4665214526     0.9210671422     7.8080158054
H       14.2943036383     0.9847633482     6.7160384899
H       20.3465261500     2.7055034937     2.7678752928
H       16.2230192764     0.0764935836     5.5547550002
32
# Point 8 Energy = 0.0
C       20.6427761238     3.7319344311     7.5026168191
H       18.8277044371     3.5217912386     6.2151673237
C       19.5041570061     3.0063651967     6.9132788835
H       18.5958849498     2.8500038551     7.5188404022
H       20.1493466770     1.8981831257     5.2199954933
C       19.9015075095     1.6587061462     6.2570321021
H       19.2651173523     1.0455385766     5.5791816913
H       19.8844517564     1.0221531042     7.1345675975
H       21.5989714626     3.4233508438     7.0596266168
H       21.4803087285     3.2828055684     8.0696656347
H       20.0863216410     4.4284486354     8.1120581488
Si       16.4478076760     3.4161879593     4.3994439629
O       16.3211901573     5.0068594808     4.7371719602
O       17.9532788476     3.0894710554     3.8492449254
O       15.3902734059     2.9935625462     3.2216964958
O       16.1271244955     2.5840581671     5.7685965847
Si       16.4992537320     6.6052530127     4.3928744524
Si       13.9734041927     2.5470928508     2.5130267081
Si       18.8539850929     2.5516741956     2.5734305655
Si       15.7790647882     1.1428109864     6.4876170613
H       17.8838029931     6.8725493241     3.8926789337
H       15.5408359263     6.9610298114     3.2906385709
H       16.2653455693     7.4885190224     5.6020087036
H       12.8351125586     3.2888261278     3.1076805974
H       13.9619652875     2.8387555896     1.0459465255
H       18.4501284599     3.3287620280     1.3690358195
H       13.7340245498     1.0856230631     2.7204661783
H       18.5640216837     1.1075622294     2.3248159908
H       16.4736611065     0.9233722253     7.8089350113
H       14.3004331461     0.9852516649     6.7188648261
H       20.3479839494     2.7088696805     2.7648065117
H       16.2287353375     0.0779302572     5.5561542620
32
# Point 9 Energy = 0.0
C       20.6455020809     3.7398614807     7.4963317891
H       18.8155626681     3.5046912974     6.2180311814
C       19.5139484304     3.0127338438     6.9121650135
H       18.5888857687     2.8609730116     7.4941657361
H       20.0827125861     1.9093842636     5.2108245262
C       19.9149471439     1.6604448657     6.2610325939
H       19.3171927249     1.0259706717     5.5644501693
H       19.8322658542     1.0527746661     7.1534492151
H       21.6021111937     3.3631298918     7.1100378340
H       21.5211968886     3.3290127977     8.0372791324
H       20.0499257628     4.3900952473     8.1165769556
Si       16.4506724455     3.4173469175     4.3995497775
O       16.3233746622     5.0080670432     4.7370774596
O       17.9555397954     3.0914995531     3.8478879394
O       15.3920191288     2.9937884946     3.2230775861
O       16.1319327967     2.5852385617     5.7693081320
Si       16.5000607387     6.6064161278     4.3922361470
Si       13.9746880576     2.5462880442     2.5160706275
Si       18.8554045634     2.5538588852     2.5711585024
Si       15.7855068050     1.1440524349     6.4889902025
H       17.8839134351     6.8744763383     3.8904658563
H       15.5402376135     6.9613719645     3.2909586952
H       16.2669386275     7.4898336197     5.6014185786
H       12.8365802756     3.2874497890     3.1118017399
H       13.9614526196     2.8376077940     1.0489366623
H       18.4496829497     3.3304724355     1.3670112175
H       13.7364324885     1.0847157658     2.7241029741
H       18.5659936068     1.1095598824     2.3231675298
H       16.4817228822     0.9253076076     7.8095948841
H       14.3072700054     0.9855972870     6.7218809426
H       20.3494407706     2.7120717794     2.7608543753
H       16.2348652301     0.0792096375     5.5572713836
32
# Point 10 Energy = 0.0
C       20.6496518489     3.7464101317     7.4891268953
H       18.8055798154     3.4859637755     6.2200173874
C       19.5248552458     3.0181760137     6.9102196705
H       18.5835893217     2.8710731536     7.4681287065
H       20.0120464970     1.9289603231     5.2093818742
C       19.9295657052     1.6611527822     6.2645426804
H       19.3726155690     1.0049065606     5.5511716996
H       19.7771196175     1.0967931933     7.1743317097
H       21.5976965471     3.2989465722     7.1609272069
H       21.5607337695     3.3764295583     8.0037640442
H       20.0096063103     4.3440745196     8.1147395544
Si       16.4540793880     3.4182433444     4.3996548312
O       16.3263593890     5.0089798746     4.7372302673
O       17.9581678989     3.0931749663     3.8461134091
O       15.3939699230     2.9940266912     3.2246659429
O       16.1375332463     2.5860062763     5.7699824901
Si       16.5017570644     6.6073110791     4.3920197115
Si       13.9759547287     2.5457464312     2.5196148729
Si       18.8568140726     2.5557646865     2.5681736112
Si       15.7927625464     1.1448222573     6.4902142403
H       17.8848154470     6.8760508940     3.8883681809
H       15.5402958230     6.9616998409     3.2919891055
H       16.2698181654     7.4907421701     5.6014267637
H       12.8382621337     3.2863808161     3.1168067581
H       13.9605894578     2.8369223862     1.0524723789
H       18.4490141939     3.3321106910     1.3644824551
H       13.7387157417     1.0840702339     2.7281000432
H       18.5677366904     1.1113442875     2.3206816109
H       16.4909011186     0.9265164498     7.8099006689
H       14.3149637979     0.9856019801     6.7250931370
H       20.3509491781     2.7148054533     2.7558399068
H       16.2414603479     0.0800946064     5.5579835452
32
# Point 11 Energy = 0.0
C       20.6551512671     3.7506761399     7.4811721335
H       18.7977285249     3.4651286905     6.2211646822
C       19.5367265969     3.0219902734     6.9074936315
H       18.5798214930     2.8796813474     7.4407393713
H       19.9422056137     1.9615337359     5.2187714693
C       19.9450705751     1.6601338592     6.2675233321
H       19.4276247592     0.9845013397     5.5393839395
H       19.7239292408     1.1606129746     7.1991858423
H       21.5849694529     3.2316171614     7.2105778359
H       21.5974012246     3.4197661096     7.9690467830
H       19.9640587857     4.2894840571     8.1027589196
Si       16.4579593536     3.4186279077     4.3997846253
O       16.3302247640     5.0093410487     4.7377490718
O       17.9610706998     3.0941354290     3.8439540693
O       15.3960361622     2.9942014714     3.2264443465
O       16.1437523261     2.5860597884     5.7705883489
Si       16.5045848281     6.6076851334     4.3924432775
Si       13.9770839997     2.5455723167     2.5235913212
Si       18.8580897877     2.5570194920     2.5644928834
Si       15.8005058463     1.1448086112     6.4911646390
H       17.8867849197     6.8769165526     3.8866446528
H       15.5413067951     6.9619204353     3.2939535989
H       16.2742920126     7.4909416563     5.6022993542
H       12.8401008636     3.2857980068     3.1226517738
H       13.9593090910     2.8368937740     1.0565041836
H       18.4480950034     3.3334171053     1.3615073348
H       13.7406081067     1.0838008639     2.7322970700
H       18.5689906238     1.1125860151     2.3172836676
H       16.5008252393     0.9265394811     7.8097255244
H       14.3231699251     0.9850830229     6.7283414050
H       20.3523965131     2.7165424088     2.7498154715
H       16.2481062051     0.0802857909     5.5581108000
32
# Point 12 Energy = 0.0
C       20.6591700672     3.7550681549     7.4745520293
H       18.7898276327     3.4442206001     6.2226969814
C       19.5470671145     3.0263541631     6.9056971217
H       18.5748789687     2.8890125691     7.4132849582
H       19.8976008156     1.9778668367     5.2308799234
C       19.9594006965     1.6594570953     6.2722089940
H       19.4730213625     0.9717057050     5.5309109074
H       19.6941825413     1.2169542664     7.2194329273
H       21.5673789563     3.1746911661     7.2600652144
H       21.6263598437     3.4537130154     7.9356844905
H       19.9155649035     4.2361746992     8.0794730572
Si       16.4609029196     3.4196067851     4.4001455873
O       16.3332001893     5.0103306116     4.7383559148
O       17.9631333366     3.0955355917     3.8423863801
O       15.3973969634     2.9949660992     3.2282510569
O       16.1486668132     2.5868304340     5.7714119580
Si       16.5067214478     6.6086491254     4.3928798976
Si       13.9776330913     2.5460449596     2.5273141582
Si       18.8587678195     2.5585533299     2.5616445950
Si       15.8066745593     1.1455902888     6.4923577025
H       17.8881935482     6.8782301642     3.8852242486
H       15.5419007860     6.9627246853     3.2956931644
H       16.2778728231     7.4918362871     5.6030676371
H       12.8412851827     3.2859918309     3.1279359005
H       13.9577969918     2.8374067326     1.0602607036
H       18.4469065502     3.3349465165     1.3592203436
H       13.7417629707     1.0842114913     2.7362924492
H       18.5695925053     1.1141109309     2.3147578434
H       16.5088626005     0.9273997467     7.8099618281
H       14.3297396727     0.9854888992     6.7315136535
H       20.3532136002     2.7184581753     2.7449453531
H       16.2533033259     0.0811710432     5.5586583797
32
# Point 13 Energy = 0.0
C       20.6602429599     3.7607660448     7.4702639249
H       18.7807907872     3.4243301016     6.2250817173
C       19.5546226018     3.0323426755     6.9055372304
H       18.5674519610     2.9000334649     7.3861981058
H       19.8747176833     1.9586437703     5.2354289205
C       19.9715952311     1.6602379905     6.2794491463
H       19.5132969576     0.9630334203     5.5260302158
H       19.6821625123     1.2424976807     7.2292226931
H       21.5574414604     3.1452145506     7.3143874242
H       21.6466554011     3.4777640669     7.9054373001
H       19.8756825246     4.1987933758     8.0524967518
Si       16.4622022032     3.4216783884     4.4006732435
O       16.3342713882     5.0124481291     4.7388654461
O       17.9638297831     3.0980540917     3.8417253632
O       15.3976855986     2.9966029412     3.2297880951
O       16.1513555662     2.5888500741     5.7723624963
Si       16.5070102947     6.6107076037     4.3930947825
Si       13.9774659566     2.5472070628     2.5301681022
Si       18.8587077375     2.5610986684     2.5601888298
Si       15.8103770543     1.1476916327     6.4937029026
H       17.8879705756     6.8806622833     3.8841891045
H       15.5411344530     6.9644192218     3.2967191935
H       16.2789872889     7.4939667266     5.6033928766
H       12.8414284385     3.2868788020     3.1317287065
H       13.9562294874     2.8384183223     1.0631036227
H       18.4454880471     3.3373054669     1.3580367507
H       13.7422001629     1.0853233505     2.7394974078
H       18.5696651446     1.1165967773     2.3136763048
H       16.5138356723     0.9297949412     7.8107021838
H       14.3337446761     0.9871493254     6.7341729567
H       20.3531949996     2.7215061685     2.7421407161
H       16.2565359912     0.0832848800     5.5597028449
32
# Point 14 Energy = 0.0
C       20.6602463796     3.7647773386     7.4666775864
H       18.7720455443     3.4034674729     6.2271069934
C       19.5609129654     3.0374308977     6.9054665553
H       18.5592509742     2.9102749399     7.3581700173
H       19.8562550426     1.9284100068     5.2386505273
C       19.9826376238     1.6600727358     6.2871120535
H       19.5517249522     0.9544146037     5.5223747891
H       19.6717110534     1.2597326891     7.2359902084
H       21.5579782317     3.1368482497     7.3748665370
H       21.6626961511     3.4944466349     7.8766258455
H       19.8471904760     4.1730338556     8.0276819873
Si       16.4626266775     3.4236283894     4.4009426449
O       16.3346229949     5.0144065687     4.7393515667
O       17.9636852504     3.1003500122     3.8409584628
O       15.3972040597     2.9984375443     3.2308573856
O       16.1528796079     2.5905698651     5.7728796184
Si       16.5068279645     6.6126397857     4.3935632975
Si       13.9765670967     2.5488567091     2.5322925968
Si       18.8579115999     2.5635115615     2.5586635157
Si       15.8126358073     1.1494218421     6.4943391764
H       17.8873782542     6.8828742191     3.8836372975
H       15.5400904234     6.9662828571     3.2979251575
H       16.2795786804     7.4958081500     5.6040801609
H       12.8408531983     3.2883014433     3.1347561890
H       13.9541642143     2.8401520532     1.0652614148
H       18.4435941397     3.3397742961     1.3568518379
H       13.7416933389     1.0869194192     2.7417094776
H       18.5688531169     1.1190257126     2.3122572032
H       16.5171591658     0.9315214778     7.8107930068
H       14.3362542941     0.9885868023     6.7358981977
H       20.3524348334     2.7242043937     2.7394940313
H       16.2583164878     0.0851194725     5.5599300205
32
# Point 15 Energy = 0.0
C       20.6600709639     3.7673315370     7.4633367263
H       18.7643380650     3.3820402269     6.2284852300
C       19.5667543360     3.0418684988     6.9051348829
H       18.5512036702     2.9199963495     7.3289626474
H       19.8399472590     1.8936198881     5.2423416586
C       19.9932394993     1.6592122400     6.2947881508
H       19.5887950083     0.9461432490     5.5194696400
H       19.6608411305     1.2751198233     7.2415060230
H       21.5634986954     3.1409264041     7.4396382645
H       21.6764502612     3.5063593612     7.8486674471
H       19.8245435682     4.1514547415     8.0045128080
Si       16.4626369022     3.4254339290     4.4009967204
O       16.3346936336     5.0161968727     4.7397837774
O       17.9630988666     3.1024329687     3.8399444564
O       15.3962727822     3.0003350600     3.2316695641
O       16.1539198785     2.5920314973     5.7730957684
Si       16.5064985464     6.6144244280     4.3941404279
Si       13.9751813979     2.5507585729     2.5341154192
Si       18.8566285286     2.5657670614     2.5568372145
Si       15.8142902872     1.1508489578     6.4945272583
H       17.8866607668     6.8848748857     3.8832221035
H       15.5389296688     6.9681908176     3.2992760597
H       16.2800968617     7.4973983098     5.6049649826
H       12.8398539232     3.2900100381     3.1375572297
H       13.9516357203     2.8422884153     1.0671479719
H       18.4412787150     3.3422421947     1.3554455302
H       13.7405776827     1.0887661433     2.7434715652
H       18.5674335976     1.1213464090     2.3103904576
H       16.5198596247     0.9327522264     7.8104126876
H       14.3381470141     0.9898198732     6.7371584630
H       20.3512002235     2.7266021604     2.7365631497
H       16.2594035212     0.0867088591     5.5596010742
