32
# Point -15 Energy = 0.0
C       20.6488301263     3.7158406584     7.4332023899
H       18.8384245665     3.6607597095     6.2137293743
C       19.4409798267     2.9910243120     6.8398177662
H       18.7870499995     2.7327807020     7.6807534936
H       20.6007608059     1.7220035903     5.4143100000
C       19.8235336927     1.6578988281     6.1858978016
H       18.9540462702     1.1227605952     5.7794516766
H       20.2188005676     1.0134710522     6.9795489340
H       21.4335542472     3.9336053401     6.6999179660
H       21.0858441844     3.0873490091     8.2150614589
H       20.3427792785     4.6557200207     7.9024398684
Si       16.6043294456     3.2791905559     4.1152448981
O       16.1246470081     4.8234106458     4.8766831025
O       17.8155254364     2.9702840437     3.7232671126
O       15.3654354601     2.9720891189     3.2307826810
O       15.9532707170     2.7907501809     5.8485011562
Si       16.5266403952     6.5316649528     4.4647442977
Si       14.0961987432     2.6545449973     2.3731875374
Si       18.5878970162     2.5793065549     2.8024907845
Si       15.7891814535     0.9882153185     6.6334653468
H       17.8969832937     6.6385310364     4.0339091447
H       15.5807709437     6.8937033459     3.3967268834
H       16.2833944824     7.2628169345     5.7373032328
H       12.9161418311     3.4403799387     2.9080777134
H       14.1591691235     3.0114647383     0.9106438838
H       18.3788489469     3.2650946054     1.4100371128
H       13.6938554855     1.2023861692     2.4689923159
H       18.4761281706     1.0617037346     2.3506744106
H       16.5690728796     1.1020612397     7.8042863485
H       14.3711178590     0.9564092317     6.8550623224
H       20.2302825729     2.6338734995     2.8008367578
H       16.2744857703     0.1222073396     5.6381175876
32
# Point -14 Energy = 0.0
C       20.6514897513     3.7106261202     7.4409212501
H       18.8500953583     3.6580179699     6.2111814917
C       19.4439840318     2.9876676705     6.8448059133
H       18.7825069325     2.7333946314     7.6811778393
H       20.6020030423     1.7262730558     5.4169591793
C       19.8254924166     1.6557076898     6.1887050370
H       18.9559442774     1.1249719314     5.7769784410
H       20.2216370605     1.0059846526     6.9775321859
H       21.4348706540     3.9285011123     6.7061880479
H       21.0901623709     3.0821176914     8.2218073626
H       20.3464718820     4.6508929717     7.9101252833
Si       16.5961099208     3.2906032243     4.1333217303
O       16.1429827224     4.8438647876     4.8676996498
O       17.8271268764     2.9787667450     3.7318991853
O       15.3641108529     2.9763990493     3.2319118614
O       15.9688115410     2.7725529475     5.8459669435
Si       16.5241877342     6.5456968288     4.4551645704
Si       14.0832805143     2.6454717508     2.3867318929
Si       18.6096082155     2.5780848605     2.7884005482
Si       15.7774583867     0.9910453558     6.6186463930
H       17.8957429220     6.6657682915     4.0192853996
H       15.5762773893     6.9015484616     3.3839876884
H       16.2804378670     7.2903823732     5.7219366497
H       12.9048757864     3.4256885238     2.9273638955
H       14.1365893399     2.9959040984     0.9229878783
H       18.3874879241     3.2703895079     1.4070429699
H       13.6957786172     1.1910735761     2.4938230244
H       18.4842546315     1.0644118596     2.3489602036
H       16.5490062277     1.0733369496     7.8053639929
H       14.3539168575     0.9561217051     6.8346789540
H       20.2431814154     2.6386496296     2.7998254413
H       16.2620970802     0.1133859770     5.6257844561
32
# Point -13 Energy = 0.0
C       20.6534410124     3.7055310486     7.4488035793
H       18.8612408182     3.6552099950     6.2087690186
C       19.4464107614     2.9843181072     6.8498474610
H       18.7774248272     2.7340154909     7.6815739921
H       20.6029273327     1.7307323523     5.4197814881
C       19.8270952979     1.6535850506     6.1915804229
H       18.9576004791     1.1271877148     5.7745297592
H       20.2241314497     0.9986342142     6.9755665450
H       21.4355143338     3.9236181475     6.7126949267
H       21.0937697847     3.0770447758     8.2287447313
H       20.3493156895     4.6461434688     7.9179646038
Si       16.5876171101     3.3016067974     4.1512717747
O       16.1607893563     4.8630194122     4.8584077563
O       17.8384163745     2.9870380110     3.7401678730
O       15.3629668403     2.9802986464     3.2326937466
O       15.9838924591     2.7547555361     5.8426065461
Si       16.5220936414     6.5582510911     4.4462024454
Si       14.0706744288     2.6367223420     2.3999477106
Si       18.6307081543     2.5766880326     2.7737371617
Si       15.7674592712     0.9950458793     6.6042654346
H       17.8947301845     6.6911543155     4.0051841712
H       15.5722600446     6.9088618628     3.3721150634
H       16.2780573463     7.3158387329     5.7074400374
H       12.8942937832     3.4117734927     2.9463660239
H       14.1146933252     2.9809630047     0.9351770539
H       18.3955089582     3.2755803056     1.4037391493
H       13.6974596844     1.1804244834     2.5177819884
H       18.4919441822     1.0671245013     2.3467173842
H       16.5307577057     1.0469576615     7.8057081060
H       14.3386153289     0.9565146121     6.8156007249
H       20.2553384158     2.6433021980     2.7981300313
H       16.2508322181     0.1053607157     5.6140486490
32
# Point -12 Energy = 0.0
C       20.6547498816     3.7005181227     7.4567907520
H       18.8719078463     3.6523442523     6.2064636311
C       19.4482962068     2.9809684441     6.8549083175
H       18.7718502385     2.7346463814     7.6819190759
H       20.6035119084     1.7353462395     5.4227217530
C       19.8283355457     1.6515145860     6.1944828960
H       18.9589877994     1.1294115709     5.7720813340
H       20.2262792849     0.9913953611     6.9736039512
H       21.4355423025     3.9188990919     6.7193640485
H       21.0967324811     3.0720827109     8.2358067523
H       20.3514093496     4.6414421754     7.9259052183
Si       16.5788110978     3.3122353189     4.1691342607
O       16.1779957102     4.8809152358     4.8488527516
O       17.8493576560     2.9951305887     3.7481313992
O       15.3620259214     2.9837777326     3.2331248552
O       15.9984494895     2.7374286380     5.8384864648
Si       16.5203000390     6.5693871182     4.4378729384
Si       14.0584340132     2.6282682455     2.4127510619
Si       18.6511712722     2.5751390145     2.7585762887
Si       15.7591152616     1.0001911892     6.5903719942
H       17.8939147441     6.7147382369     3.9916727162
H       15.5686817881     6.9156940685     3.3610862215
H       16.2761829874     7.3392764707     5.6938299758
H       12.8844008966     3.3985959247     2.9649188155
H       14.0936040683     2.9666037782     0.9471157569
H       18.4029092339     3.2806645816     1.4001918024
H       13.6989515277     1.1703809223     2.5407906996
H       18.4991772608     1.0698550391     2.3440464899
H       16.5143329404     1.0229471501     7.8054537161
H       14.3251399062     0.9575043884     6.7978807050
H       20.2667273983     2.6478500839     2.7958562629
H       16.2406945428     0.0981493379     5.6029724537
32
# Point -11 Energy = 0.0
C       20.6554889208     3.6955610659     7.4648098176
H       18.8821426768     3.6494289256     6.2042302497
C       19.4496814436     2.9776177477     6.8599490830
H       18.7658388876     2.7352989117     7.6821895342
H       20.6037372160     1.7400834610     5.4257191940
C       19.8292117516     1.6494848047     6.1973696019
H       18.9600840149     1.1316479868     5.7696130771
H       20.2280859268     0.9842525640     6.9715952440
H       21.4350138293     3.9142963802     6.7261017829
H       21.0991282489     3.0671987824     8.2429123778
H       20.3528586910     4.6367719516     7.9338779091
Si       16.5696471832     3.3225195240     4.1869562359
O       16.1945315802     4.8975900120     4.8390917632
O       17.8599097840     3.0030706998     3.7558581232
O       15.3613112206     2.9868387209     3.2332044409
O       16.0124091519     2.7206366290     5.8336813971
Si       16.5187529160     6.5791590230     4.4302034831
Si       14.0466205810     2.6200826628     2.4250514654
Si       18.6709687421     2.5734528692     2.7430050166
Si       15.7523359313     1.0064532519     6.5770110194
H       17.8932711397     6.7365618107     3.9788300482
H       15.5655120623     6.9220934124     3.3508925454
H       16.2747501861     7.3607787988     5.6811346395
H       12.8752006682     3.3861119041     2.9828423848
H       14.0734611915     2.9527862359     0.9587002778
H       18.4096854987     3.2856364558     1.3964787757
H       13.7003225201     1.1608877962     2.5627678933
H       18.5059266621     1.0726113219     2.3410550594
H       16.4997090171     1.0013124017     7.8047314285
H       14.3133977615     0.9590106634     6.7815632647
H       20.2773181411     2.6523007536     2.7931226342
H       16.2316670539     0.0917644713     5.5926155922
32
# Point -10 Energy = 0.0
C       20.6557346147     3.6906527356     7.4727758337
H       18.8919895325     3.6464711613     6.2020272402
C       19.4506128469     2.9742738356     6.8649273986
H       18.7594557325     2.7359948845     7.6823632361
H       20.6035919016     1.7449198253     5.4287135697
C       19.8297334442     1.6474912541     6.2002015374
H       18.9608792979     1.1339005026     5.7671147281
H       20.2295734930     0.9772042529     6.9694978586
H       21.4339879098     3.9097813242     6.7327982400
H       21.1010451507     3.0623864543     8.2499705369
H       20.3537702157     4.6321359654     7.9417967531
Si       16.5600784856     3.3324741185     4.2047902388
O       16.2103256898     4.9130658235     4.8291886336
O       17.8700309530     3.0108684599     3.7634252235
O       15.3608495307     2.9894804558     3.2329336934
O       16.0256923472     2.7044262640     5.8282729717
Si       16.5173952865     6.5876032331     4.4232262446
Si       14.0352936893     2.6121644003     2.4367506214
Si       18.6900740701     2.5716278846     2.7271215139
Si       15.7470174975     1.0137916074     6.5642251608
H       17.8927713612     6.7566501602     3.9667394113
H       15.5627191802     6.9280889610     3.3415309058
H       16.2736898308     7.3804106640     5.6693848200
H       12.8667040535     3.3743131721     2.9999568629
H       14.0544116530     2.9395127630     0.9698219335
H       18.4158377205     3.2904746058     1.3926878905
H       13.7016161105     1.1519203776     2.5836086975
H       18.5121675518     1.0753855738     2.3378597144
H       16.4868419148     0.9820386387     7.8036690968
H       14.3032850673     0.9609432916     6.7666858884
H       20.2870816007     2.6566461774     2.7900602190
H       16.2237228665     0.0862031718     5.5830386854
32
# Point -9 Energy = 0.0
C       20.6555666641     3.6858021989     7.4805932288
H       18.9014900914     3.6434776022     6.1998069397
C       19.4511406988     2.9709523232     6.8697979890
H       18.7527728235     2.7367651929     7.6824190763
H       20.6030701735     1.7498371228     5.4316441848
C       19.8299181408     1.6455356701     6.2029423263
H       18.9613725704     1.1361723108     5.7645836847
H       20.2307767576     0.9702605636     6.9672741495
H       21.4325231218     3.9053409815     6.7393292111
H       21.1025797232     3.0576611268     8.2568810059
H       20.3542512871     4.6275546640     7.9495613136
Si       16.5500563784     3.3421033669     4.2226932482
O       16.2253092033     4.9273543307     4.8192152893
O       17.8796781513     3.0185218910     3.7709162714
O       15.3606693447     2.9917087524     3.2323164144
O       16.0382144679     2.6888309494     5.8223480850
Si       16.5161729043     6.5947440463     4.4169818677
Si       14.0245137881     2.6045259345     2.4477458099
Si       18.7084613250     2.5696498990     2.7110312637
Si       15.7430404386     1.0221580244     6.5520520117
H       17.8923905724     6.7750156836     3.9554913938
H       15.5602758065     6.9336992044     3.3330084662
H       16.2729362320     7.3982229422     5.6586191884
H       12.8589228363     3.3632055320     3.0160799179
H       14.0366084750     2.9268050147     0.9803680291
H       18.4213674389     3.2951489096     1.3889144177
H       13.7028711971     1.1434695968     2.6031993753
H       18.5178730423     1.0781595612     2.3345804465
H       16.4756641698     0.9650917687     7.8023875704
H       14.2946846827     0.9632101688     6.7532771210
H       20.2959883260     2.6608645152     2.7868078384
H       16.2168197670     0.0814521514     5.5742982244
32
# Point -8 Energy = 0.0
C       20.6550660755     3.6810371799     7.4881582236
H       18.9106826789     3.6404542769     6.1975163584
C       19.4513186510     2.9676772602     6.8745141837
H       18.7458680968     2.7376498361     7.6823379423
H       20.6021736198     1.7548240916     5.4344528899
C       19.8297927417     1.6436265656     6.2055607485
H       18.9615736479     1.1384655631     5.7620268687
H       20.2317446179     0.9634446340     6.9648947642
H       21.4306761831     3.9009810507     6.7455592712
H       21.1038350051     3.0530635399     8.2635375787
H       20.3544066256     4.6230681376     7.9570582466
Si       16.5395321757     3.3513971023     4.2407248382
O       16.2394161924     4.9404527885     4.8092492999
O       17.8888090780     3.0260140630     3.7784190905
O       15.3608012937     2.9935324091     3.2313591309
O       16.0498880069     2.6738669558     5.8159974320
Si       16.5150329428     6.6005898083     4.4115165176
Si       14.0143381954     2.5972007472     2.4579309034
Si       18.7261072418     2.5674900035     2.6948447253
Si       15.7402735394     1.0314932590     6.5405242853
H       17.8921054077     6.7916552230     3.9451805311
H       15.5581570125     6.9389269413     3.3253398130
H       16.2724253874     7.4142488826     5.6488812590
H       12.8518713114     3.3528202922     3.0310335689
H       14.0202049978     2.9147179195     0.9902243384
H       18.4262786627     3.2996174065     1.3852586200
H       13.7041099604     1.1355495159     2.6214124108
H       18.5230174986     1.0809019484     2.3313388224
H       16.4660889828     0.9504170025     7.8010000544
H       14.2874703179     0.9657136697     6.7413571291
H       20.3040104437     2.6649192606     2.7835091267
H       16.2109040075     0.0774846655     5.5664463873
32
# Point -7 Energy = 0.0
C       20.6543134211     3.6764039746     7.4953613758
H       18.9196016377     3.6374067143     6.1950980989
C       19.4512026667     2.9644809042     6.8790290915
H       18.7388234745     2.7386971904     7.6821031500
H       20.6009112345     1.7598764402     5.4370858169
C       19.8293930653     1.6417790834     6.2080319417
H       18.9615030401     1.1407811533     5.7594609417
H       20.2325390706     0.9567922108     6.9623401596
H       21.4285008663     3.8967260012     6.7513451484
H       21.1049181356     3.0486596297     8.2698308802
H       20.3543359243     4.6187358994     7.9641637260
Si       16.5284585023     3.3603305132     4.2589454496
O       16.2525851963     4.9523438367     4.7993723700
O       17.8973833319     3.0333131644     3.7860231913
O       15.3612775469     2.9949642707     3.2300714181
O       16.0606245926     2.6595328873     5.8093137786
Si       16.5139251091     6.6051328341     4.4068806848
Si       14.0048195153     2.5902434620     2.4671987024
Si       18.7429918873     2.5651051415     2.6786740765
Si       15.7385762468     1.0417268109     6.5296689799
H       17.8918947251     6.8065500532     3.9359034415
H       15.5563407710     6.9437592921     3.3185462872
H       16.2720966940     7.4285038669     5.6402186071
H       12.8455652510     3.3432133545     3.0446483853
H       14.0053504698     2.9033400230     0.9992777341
H       18.4305776966     3.3038271132     1.3818229168
H       13.7053378085     1.1281965747     2.6381089109
H       18.5275771321     1.0835689025     2.3282545269
H       16.4580129206     0.9379391080     7.7996103654
H       14.2815089275     0.9683511006     6.7309375596
H       20.3111223422     2.6687598959     2.7803084296
H       16.2059113962     0.0742605931     5.5595292139
32
# Point -6 Energy = 0.0
C       20.6533868740     3.6719670516     7.5020904791
H       18.9282767404     3.6343399898     6.1924914865
C       19.4508498268     2.9614033063     6.8832969381
H       18.7317227513     2.7399630617     7.6817008775
H       20.5992994435     1.7649967613     5.4394953415
C       19.8287633023     1.6400147170     6.2103387105
H       18.9611917497     1.1431184606     5.7569124938
H       20.2332340138     0.9503510559     6.9596021979
H       21.4260467870     3.8926189035     6.7565395715
H       21.1059376066     3.0445399954     8.2756515334
H       20.3541312137     4.6146363206     7.9707462553
Si       16.5167907637     3.3688638988     4.2774145649
O       16.2647606342     4.9629953467     4.7896683963
O       17.9053636956     3.0403727284     3.7938170381
O       15.3621311839     2.9960215958     3.2284661863
O       16.0703373054     2.6458092015     5.8023901515
Si       16.5128024428     6.6083493205     4.4031272955
Si       13.9960039338     2.5837303615     2.4754434978
Si       18.7590993817     2.5624389067     2.6626297788
Si       15.7378016809     1.0527765881     6.5195067103
H       17.8917399502     6.8196659415     3.9277561343
H       15.5548080177     6.9481674069     3.3126546588
H       16.2718943257     7.4409853398     5.6326812574
H       12.8400213860     3.3344650477     3.0567684634
H       13.9921854264     2.8927947792     1.0074193295
H       18.4342729067     3.3077148136     1.3787088536
H       13.7065425807     1.1214694040     2.6531405019
H       18.5315308883     1.0861047964     2.3254419427
H       16.4513194705     0.9275627797     7.7983114768
H       14.2766637164     0.9710147393     6.7220216715
H       20.3173014269     2.6723229597     2.7773464923
H       16.2017691733     0.0717264205     5.5535850734
32
# Point -5 Energy = 0.0
C       20.6523601015     3.6678080210     7.5082337116
H       18.9367326630     3.6312587058     6.1896339085
C       19.4503169678     2.9584916055     6.8872744714
H       18.7246492470     2.7415094577     7.6811205234
H       20.5973618876     1.7701942101     5.4416420314
C       19.8279551590     1.6383608088     6.2124727221
H       18.9606807652     1.1454751185     5.7544179951
H       20.2339135958     0.9441799592     6.9566855176
H       21.4233581423     3.8887205994     6.7609954719
H       21.1070002090     3.0408185393     8.2808934949
H       20.3538742025     4.6108654022     7.9766698570
Si       16.5044886073     3.3769429128     4.2961888857
O       16.2758941765     4.9723608226     4.7802213043
O       17.9127173535     3.0471324073     3.8018852001
O       15.3633954345     2.9967263619     3.2265599518
O       16.0789431011     2.6326582456     5.7953179938
Si       16.5116221353     6.6101997508     4.4003094552
Si       13.9879297918     2.5777592678     2.4825639238
Si       18.7744184375     2.5594228981     2.6468169755
Si       15.7377999636     1.0645489250     6.5100511046
H       17.8916253648     6.8309536212     3.9208308018
H       15.5535426331     6.9521065801     3.3076955077
H       16.2717687492     7.4516733529     5.6263196341
H       12.8352570206     3.3266790443     3.0672566146
H       13.9808372375     2.8832408500     1.0145479937
H       18.4373742650     3.3112083069     1.3760139412
H       13.7076946637     1.1154480927     2.6663516335
H       18.5348612163     1.0884434191     2.3230066777
H       16.4458831161     0.9191733925     7.7971842236
H       14.2727974255     0.9735920391     6.7146046422
H       20.3225287263     2.6755336915     2.7747559375
H       16.1983982403     0.0698155905     5.5486432529
32
# Point -4 Energy = 0.0
C       20.6513000763     3.6640239574     7.5136829224
H       18.9449885283     3.6281668861     6.1864623401
C       19.4496591766     2.9557990321     6.8909223839
H       18.7176832898     2.7434031041     7.6803549691
H       20.5951289469     1.7754839390     5.4434964958
C       19.8270266960     1.6368498317     6.2144355251
H       18.9600202384     1.1478468220     5.7520234922
H       20.2346701374     0.9383473732     6.9536085951
H       21.4204724332     3.8851081850     6.7645703937
H       21.1082077612     3.0376302663     8.2854574280
H       20.3536336801     4.6075348686     7.9817975430
Si       16.4915173079     3.3844993374     4.3153205883
O       16.2859460203     4.9803803765     4.7711127361
O       17.9194169807     3.0535193200     3.8103054878
O       15.3651028185     2.9971054659     3.2243730743
O       16.0863652426     2.6200248657     5.7881853559
Si       16.5103463695     6.6106298203     4.3984779134
Si       13.9806265307     2.5724486888     2.4884660167
Si       18.7889426631     2.5559786363     2.6313318431
Si       15.7384217525     1.0769390188     6.5013082980
H       17.8915383674     6.8403496748     3.9152121952
H       15.5525313685     6.9555168307     3.3037013770
H       16.2716783852     7.4605317471     5.6211821475
H       12.8312897805     3.3199802782     3.0759995662
H       13.9714160414     2.8748712275     1.0205741145
H       18.4398926549     3.3142281129     1.3738284680
H       13.7087481236     1.1102328690     2.6775822726
H       18.5375546676     1.0905096977     2.3210421670
H       16.4415737963     0.9126382001     7.7962962032
H       14.2697757913     0.9759660539     6.7086740459
H       20.3267893012     2.6783082435     2.7726566842
H       16.1957156720     0.0684492696     5.5447227166
32
# Point -3 Energy = 0.0
C       20.6502638468     3.6607254813     7.5183375844
H       18.9530569345     3.6250676980     6.1829150940
C       19.4489275411     2.9533836883     6.8942069646
H       18.7108987062     2.7457135831     7.6794007500
H       20.5926370713     1.7808865586     5.4450416884
C       19.8260407741     1.6355185797     6.2162397708
H       18.9592684890     1.1502270486     5.7497841842
H       20.2356015172     0.9329299266     6.9504050352
H       21.4174183768     3.8818733428     6.7671318538
H       21.1096525847     3.0351288211     8.2892547889
H       20.3534616365     4.6047699338     7.9859954571
Si       16.4778491138     3.3914516003     4.3348549436
O       16.2948857404     4.9869816011     4.7624184912
O       17.9254418212     3.0594495628     3.8191453960
O       15.3672837300     2.9971895788     3.2219296928
O       16.0925359524     2.6078366848     5.7810744074
Si       16.5089436108     6.6095712856     4.3976780145
Si       13.9741128077     2.5679375394     2.4930658603
Si       18.8026709078     2.5520196430     2.6162573288
Si       15.7395240535     1.0898313365     6.4932775306
H       17.8914700825     6.8477768664     3.9109731856
H       15.5517640781     6.9583242765     3.3007046969
H       16.2715922781     7.4675088766     5.6173125368
H       12.8281372018     3.3145136696     3.0829136497
H       13.9640099368     2.8679142336     1.0254232750
H       18.4418390340     3.3166889547     1.3722315769
H       13.7096400111     1.1059433775     2.6866687072
H       18.5396029801     1.0922213952     2.3196259900
H       16.4382646246     0.9078088461     7.7957012374
H       14.2674732826     0.9780150212     6.7042126049
H       20.3300727067     2.6805564630     2.7711507287
H       16.1936391676     0.0675365255     5.5418323344
32
# Point -2 Energy = 0.0
C       20.6492995314     3.6580327501     7.5221058621
H       18.9609454326     3.6219634309     6.1789333029
C       19.4481694223     2.9513069385     6.8971004792
H       18.7043629338     2.7485120357     7.6782579893
H       20.5899274798     1.7864263690     5.4462722194
C       19.8250635887     1.6344067963     6.2179082946
H       18.9584900590     1.1526074846     5.7477631110
H       20.2368088144     0.9280098216     6.9471218384
H       21.4142172567     3.8791179494     6.7685587374
H       21.1114175966     3.0334811369     8.2922082243
H       20.3533954504     4.6027051819     7.9891348570
Si       16.4634638839     3.3977091545     4.3548313261
O       16.3026939977     4.9920837027     4.7542098424
O       17.9307777162     3.0648319143     3.8284619416
O       15.3699669441     2.9970168081     3.2192585504
O       16.0973973446     2.5960088417     5.7740622354
Si       16.5073883876     6.6069458099     4.3979481900
Si       13.9684003867     2.5643782564     2.4962942843
Si       18.8156059704     2.5474554779     2.6016620002
Si       15.7409669329     1.1031025167     6.4859479166
H       17.8914148484     6.8531485347     3.9081727059
H       15.5512329191     6.9604421677     3.2987361315
H       16.2714896169     7.4725433084     5.6147473409
H       12.8258174301     3.3104340190     3.0879470645
H       13.9586865549     2.8626197595     1.0290405739
H       18.4432230354     3.3185042640     1.3712909400
H       13.7103027696     1.1027123816     2.6934539558
H       18.5410009767     1.0934933157     2.3188185497
H       16.4358272852     0.9045211315     7.7954377129
H       14.2657696412     0.9796166666     6.7011925728
H       20.3323719900     2.6821848515     2.7703203427
H       16.1920844026     0.0669792229     5.5399662666
32
# Point -1 Energy = 0.0
C       20.6484414769     3.6560735101     7.5249093780
H       18.9686547234     3.6188548590     6.1744629025
C       19.4474251269     2.9496319526     6.8995830891
H       18.6981321035     2.7518687992     7.6769304054
H       20.5870454412     1.7921310494     5.4471973366
C       19.8241627876     1.6335563683     6.2194756647
H       18.9577547936     1.1549775792     5.7460306529
H       20.2383932719     0.9236734638     6.9438211103
H       21.4108795403     3.8769525647     6.7687478470
H       21.1135699680     3.0328650662     8.2942565850
H       20.3534518959     4.6014821422     7.9910970217
Si       16.4483502657     3.4031720462     4.3752798067
O       16.3093623225     4.9955976445     4.7465478390
O       17.9354181418     3.0695692057     3.8382971574
O       15.3731774628     2.9966282952     3.2163923217
O       16.1009042973     2.5844432379     5.7672172957
Si       16.5056629634     6.6026651845     4.3993162284
Si       13.9634905995     2.5619383536     2.4980981634
Si       18.8277551622     2.5421935657     2.5875951437
Si       15.7426231915     1.1166215575     6.4793014076
H       17.8913710638     6.8563676391     3.9068502102
H       15.5509328033     6.9617731414     3.2978221973
H       16.2713635285     7.4755631007     5.6135130179
H       12.8243487169     3.3079076565     3.0910859223
H       13.9554873885     2.8592652484     1.0313935560
H       18.4440521159     3.3195865905     1.3710578257
H       13.7106586694     1.1006870524     2.6977839242
H       18.5417488104     1.0942383816     2.3186594389
H       16.4341451742     0.9025999023     7.7955293986
H       14.2645595401     0.9806461566     6.6995827706
H       20.3336843820     2.6830999566     2.7702223240
H       16.1909728712     0.0666707283     5.5391074173
32
# Point 0 Energy = 0
C       20.6477110000     3.6549790000     7.5266840000
H       18.9761800000     3.6157410000     6.1694560000
C       19.4467280000     2.9484220000     6.9016430000
H       18.6922510000     2.7558520000     7.6754250000
H       20.5840390000     1.7980300000     5.4478400000
C       19.8234060000     1.6330100000     6.2209870000
H       18.9571360000     1.1573250000     5.7446630000
H       20.2404540000     0.9200090000     6.9405780000
H       21.4074060000     3.8754920000     6.7676150000
H       21.1161610000     3.0334640000     8.2953550000
H       20.3536290000     4.6012450000     7.9917750000
Si       16.4325060000     3.4077350000     4.3962220000
O       16.3148940000     4.9974300000     4.7394840000
O       17.9393640000     3.0735620000     3.8486780000
O       15.3769370000     2.9960700000     3.2133680000
O       16.1030250000     2.5730330000     5.7606000000
Si       16.5037570000     6.5966350000     4.4017980000
Si       13.9593780000     2.5607940000     2.4984440000
Si       18.8391290000     2.5361430000     2.5740860000
Si       15.7443760000     1.1302530000     6.4733110000
H       17.8913405600     6.8573308000     3.9070238400
H       15.5508605600     6.9622108000     3.2979838400
H       16.2712205600     7.4764908000     5.6136238400
H       12.8237502400     3.3071035200     3.0923555200
H       13.9544302400     2.8581435200     1.0324755200
H       18.4443303200     3.3198514400     1.3715668800
H       13.7106302400     1.1000235200     2.6995155200
H       18.5418503200     1.0943714400     2.3191668800
H       16.4331100800     0.9018602400     7.7959848800
H       14.2637500800     0.9809802400     6.6993448800
H       20.3340103200     2.6832114400     2.7708868800
H       16.1902300800     0.0665002400     5.5392248800
32
# Point 1 Energy = 0.0
C       20.6471141982     3.6548643980     7.5273791496
H       18.9835084312     3.6126199524     6.1638727935
C       19.4460975499     2.9477324996     6.9032725762
H       18.6867459944     2.7605187711     7.6737476049
H       20.5809435558     1.8041496386     5.4482238175
C       19.8228456423     1.6328058621     6.2224847967
H       18.9566920183     1.1596386592     5.7437269789
H       20.2430696883     0.9170938393     6.9374620239
H       21.4037859770     3.8748361313     6.7650950241
H       21.1192210659     3.0354395136     8.2954691996
H       20.3539098993     4.6021194901     7.9910796841
Si       16.4159281437     3.4113065512     4.4176758535
O       16.3192988780     4.9975033559     4.7330599140
O       17.9426137981     3.0767271246     3.8596218788
O       15.3812665727     2.9953848777     3.2102283358
O       16.1037379113     2.5616797947     5.7542674017
Si       16.5016724485     6.5887739830     4.4053967938
Si       13.9560647931     2.5611004601     2.4973134293
Si       18.8497314041     2.5292300084     2.5611507644
Si       15.7461306466     1.1438728620     6.4679518199
H       17.8913342468     6.8559388226     3.9086879442
H       15.5510207648     6.9616645892     3.2992361176
H       16.2710920883     7.4752648681     5.6150807372
H       12.8240431292     3.3081540399     3.0918019971
H       13.9555314001     2.8595213382     1.0322995638
H       18.4440482387     3.3192298246     1.3728418008
H       13.7101715112     1.1008568351     2.6985207424
H       18.5413035256     1.0938235832     2.3203498791
H       16.4326420717     0.9021287214     7.7968047335
H       14.2632736074     0.9805027487     6.7004521979
H       20.3333435658     2.6824488552     2.7723260862
H       16.1897978338     0.0663700009     5.5402837201
32
# Point 2 Energy = 0.0
C       20.6466462186     3.6558437674     7.5269539897
H       18.9906227155     3.6094879640     6.1576788713
C       19.4455468284     2.9476173633     6.9044690732
H       18.6816337020     2.7659228819     7.6719048123
H       20.5777943117     1.8105169241     5.4483800948
C       19.8225320668     1.6329821276     6.2240167967
H       18.9564816914     1.1619070341     5.7432910450
H       20.2463150386     0.9150052676     6.9345485146
H       21.4000004884     3.8750840365     6.7611364594
H       21.1227669039     3.0389527188     8.2945749496
H       20.3542630269     4.6042289931     7.9889308753
Si       16.3986195992     3.4137945427     4.4396539872
O       16.3225948458     4.9957397968     4.7273091569
O       17.9451703756     3.0789835071     3.8711354372
O       15.3861852625     2.9946191966     3.2070205190
O       16.1030298016     2.5502819050     5.7482703165
Si       16.4994178604     6.5789987302     4.4101060142
Si       13.9535541936     2.5630135917     2.4947068221
Si       18.8595669762     2.5213862073     2.5487908990
Si       15.7477982686     1.1573569382     6.4631929413
H       17.8913663417     6.8520883168     3.9118185898
H       15.5514204574     6.9600399383     3.3015892992
H       16.2710222500     7.4718226204     5.6178741212
H       12.8252522099     3.3111839125     3.0895037501
H       13.9587961508     2.8636673870     1.0309042580
H       18.4431924300     3.3176586368     1.3748947427
H       13.7092501067     1.1033254669     2.6946843999
H       18.5401079842     1.0925312789     2.3222025630
H       16.4326650478     0.9032276353     7.7979783892
H       14.2630700236     0.9791025637     6.7028721798
H       20.3316787056     2.6807482373     2.7745330950
H       16.1896187166     0.0661825123     5.5422383969
32
# Point 3 Energy = 0.0
C       20.6462852786     3.6580446030     7.5253859024
H       18.9975011209     3.6063377505     6.1508470966
C       19.4450831786     2.9481342872     6.9052415161
H       18.6769191283     2.7721200780     7.6699081132
H       20.5746391834     1.8171628415     5.4483655031
C       19.8225239594     1.6335809475     6.2256512223
H       18.9565794277     1.1641155071     5.7434391975
H       20.2502715979     0.9138303552     6.9319393105
H       21.3960187039     3.8763482918     6.7557123729
H       21.1267952417     3.0441854493     8.2926717228
H       20.3546289851     4.6077097595     7.9852595401
Si       16.3806006157     3.4150892934     4.4621530350
O       16.3248128011     4.9920432114     4.7222489732
O       17.9470518388     3.0802380337     3.8832011151
O       15.3917030266     2.9938257926     3.2037925703
O       16.1009022984     2.5387191938     5.7426424251
Si       16.4970086613     6.5672074067     4.4159045827
Si       13.9518317120     2.5667162378     2.4906524658
Si       18.8686505683     2.5125380633     2.5369773575
Si       15.7492988161     1.1705671263     6.4589884849
H       17.8914534161     6.8456610575     3.9163688673
H       15.5520674123     6.9572211957     3.3050453662
H       16.2710656420     7.4660802091     5.6219814448
H       12.8274017378     3.3163440140     3.0855987690
H       13.9641885968     2.8708905503     1.0283660058
H       18.4417539174     3.3150709321     1.3777119047
H       13.7078142221     1.1076000487     2.6879031695
H       18.5382760166     1.0904258714     2.3246849223
H       16.4331078766     0.9049627069     7.7994764921
H       14.2630883438     0.9766658989     6.7065566711
H       20.3290213932     2.6780412719     2.7774635151
H       16.1896358814     0.0658240136     5.5450257250
32
# Point 4 Energy = 0.0
C       20.6459934976     3.6615878492     7.5226689652
H       19.0041174094     3.6031593497     6.1433596526
C       19.4447036576     2.9493368779     6.9056067016
H       18.6725913103     2.7791599983     7.6677698353
H       20.5715246348     1.8241172052     5.4482485895
C       19.8228744498     1.6346430278     6.2274635166
H       18.9570577055     1.1662497226     5.7442563157
H       20.2550107099     0.9136534064     6.9297439184
H       21.3917991006     3.8787350256     6.7488189992
H       21.1312808249     3.0513123497     8.2897761585
H       20.3549281804     4.6126894900     7.9800131172
Si       16.3619000738     3.4150841509     4.4851594590
O       16.3259929509     4.9863207737     4.7178827900
O       17.9482825624     3.0804042464     3.8957836603
O       15.3978249601     2.9930584094     3.2005949012
O       16.0973695033     2.5268722528     5.7374064658
Si       16.4944699364     6.5533000541     4.4227568383
Si       13.9508810820     2.5723863819     2.4852043795
Si       18.8769978277     2.5026222003     2.5256583835
Si       15.7505666389     1.1833685964     6.4552850105
H       17.8916180229     6.8365380083     3.9222678853
H       15.5529741515     6.9530940424     3.3095972258
H       16.2712940575     7.4579559424     5.6273655733
H       12.8305164864     3.3237704209     3.0802659160
H       13.9716548705     2.8814916051     1.0247941147
H       18.4397192119     3.3114089092     1.3812600912
H       13.7058268981     1.1138520147     2.6780974705
H       18.5358225956     1.0874481350     2.3277351772
H       16.4339146746     0.9071411966     7.8012563431
H       14.2632932888     0.9730857778     6.7114528445
H       20.3253790315     2.6742707309     2.7810445245
H       16.1898002946     0.0651838485     5.5485705360
32
# Point 5 Energy = 0.0
C       20.6457175099     3.6665858587     7.5188132871
H       19.0104419423     3.5999400204     6.1352082474
C       19.4443952091     2.9512739948     6.9055885264
H       18.6686234901     2.7870858201     7.6655023841
H       20.5684951202     1.8314081370     5.4481085428
C       19.8236303816     1.6362074030     6.2295350686
H       18.9579861905     1.1682963696     5.7458269912
H       20.2605923457     0.9145553857     6.9280777504
H       21.3872903864     3.8823416176     6.7404750584
H       21.1361765209     3.0604983078     8.2859210155
H       20.3550621419     4.6192850347     7.9731553613
Si       16.3425552257     3.4136775430     4.5086495035
O       16.3261836825     4.9784846850     4.7142002313
O       17.9488928900     3.0794039480     3.9088305459
O       15.4045514841     2.9923706258     3.1974795542
O       16.0924570589     2.5146249060     5.7325739794
Si       16.4918359319     6.5371805280     4.4306130295
Si       13.9506856077     2.5801938388     2.4784431445
Si       18.8846249648     2.4915864045     2.5147603969
Si       15.7515495633     1.1956318850     6.4520214599
H       17.8918886501     6.8246013501     3.9294224375
H       15.5541583999     6.9475476556     3.3152282052
H       16.2717950457     7.4473718625     5.6339752266
H       12.8346213852     3.3335809623     3.0737230401
H       13.9811258924     2.8957565377     1.0203314528
H       18.4370712122     3.3066243825     1.3854871955
H       13.7032683491     1.1222521846     2.6652154124
H       18.5327651755     1.0835491636     2.3312710833
H       16.4350437580     0.9095743228     7.8032623993
H       14.2636641092     0.9682639241     6.7175024373
H       20.3207607963     2.6693909401     2.7851764494
H       16.1900701789     0.0641564003     5.5527859422
32
# Point 6 Energy = 0.0
C       20.6453893954     3.6731408437     7.5138440268
H       19.0164429785     3.5966642125     6.1263940517
C       19.4441351220     2.9539893500     6.9052171846
H       18.6649736398     2.7959341906     7.6631174821
H       20.5655928435     1.8390617439     5.4480339510
C       19.8248319122     1.6383114196     6.2319520110
H       18.9594311757     1.1702439962     5.7482345631
H       20.2670643400     0.9166137073     6.9270605577
H       21.3824326991     3.8872548993     6.7307206446
H       21.1414138343     3.0718965242     8.2811539118
H       20.3549151411     4.6276006054     7.9646657388
Si       16.3226115073     3.4107746614     4.5325890522
O       16.3254402768     4.9684535904     4.7111773103
O       17.9489189884     3.0771682334     3.9222726005
O       15.4118786044     2.9918148480     3.1944992755
O       16.0862011265     2.5018663495     5.7281450219
Si       16.4891492126     6.5187581381     4.4394101768
Si       13.9512290184     2.5902975876     2.4704763576
Si       18.8915488769     2.4793898940     2.5041892883
Si       15.7522077298     1.2072347124     6.4491290323
H       17.8922994394     6.8097364933     3.9377195198
H       15.5556435092     6.9404766027     3.3219116885
H       16.2726696393     7.4342548124     5.6417458360
H       12.8397409311     3.3458728826     3.0662244264
H       13.9925198790     2.9139506009     1.0151546080
H       18.4337907235     3.3006785735     1.3903229242
H       13.7001367925     1.1329700176     2.6492365951
H       18.5291237792     1.0786905928     2.3351915073
H       16.4364661868     0.9120793547     7.8054267301
H       14.2641931152     0.9621124838     6.7246407953
H       20.3151779938     2.6633674164     2.7897348884
H       16.1904101884     0.0626426620     5.5575736025
32
# Point 7 Energy = 0.0
C       20.6449278598     3.6813436745     7.5078003702
H       19.0220881759     3.5933135642     6.1169275220
C       19.4438917267     2.9575212678     6.9045283972
H       18.6615852300     2.8057353160     7.6606254974
H       20.5628578422     1.8471019168     5.4481217442
C       19.8265123996     1.6409908357     6.2348042339
H       18.9614553174     1.1720837948     5.7515604131
H       20.2744619294     0.9199022439     6.9268152121
H       21.3771590623     3.8935497305     6.7196160236
H       21.1469037023     3.0856470337     8.2755361385
H       20.3543560376     4.6377263522     7.9545386597
Si       16.3021225289     3.4062888348     4.5569333428
O       16.3238235962     4.9561537766     4.7087766823
O       17.9484029374     3.0736380168     3.9360247174
O       15.4197981558     2.9914413930     3.1917064671
O       16.0786475362     2.4884929733     5.7241078206
Si       16.4864594003     6.4979490705     4.4490730042
Si       13.9524956635     2.6028438142     2.4614388194
Si       18.8977876430     2.4660029338     2.4938319407
Si       15.7525125007     1.2180635346     6.4465309310
H       17.8928895215     6.7918342347     3.9470292728
H       15.5574586504     6.9317823354     3.3296106521
H       16.2740291735     7.4185371860     5.6506004413
H       12.8458983626     3.3607216397     3.0580579053
H       14.0057442222     2.9363133052     1.0094736584
H       18.4298585236     3.2935412944     1.3956795897
H       13.6964476141     1.1461734921     2.6301757412
H       18.5249213685     1.0728442257     2.3393780909
H       16.4381642891     0.9144813831     7.8076693468
H       14.2648842387     0.9545555480     6.7327957473
H       20.3086447755     2.6561757785     2.7945730789
H       16.1907906150     0.0605514993     5.5628238981
32
# Point 8 Energy = 0.0
C       20.6442395866     3.6912728674     7.5007346613
H       19.0273462656     3.5898668927     6.1068282278
C       19.4436252521     2.9619025010     6.9035627794
H       18.6583881371     2.8165130843     7.6580349221
H       20.5603283291     1.8555501830     5.4484764247
C       19.8286984763     1.6442799453     6.2381846787
H       18.9641175656     1.1738103142     5.7558835226
H       20.2828074477     0.9244914063     6.9274668919
H       21.3713970575     3.9012878115     6.7072405771
H       21.1525374461     3.1018754559     8.2691417355
H       20.3532402937     4.6497371380     7.9427827687
Si       16.2811502701     3.4001427037     4.5816265311
O       16.3213988256     4.9415203076     4.7069478637
O       17.9473930523     3.0687641807     3.9499865560
O       15.4282979652     2.9912976886     3.1891520253
O       16.0698512596     2.4744099576     5.7204383729
Si       16.4838215235     6.4746777302     4.4595147532
Si       13.9544700075     2.6179645564     2.4514924819
Si       18.9033613241     2.4514059260     2.4835578412
Si       15.7524457014     1.2280149107     6.4441420232
H       17.8937019307     6.7707931796     3.9572080245
H       15.5596386766     6.9213743547     3.3382770014
H       16.2759913164     7.4001575777     5.6604504164
H       12.8531146141     3.3781806409     3.0495417699
H       14.0206965572     2.9630542764     1.0035315466
H       18.4252578347     3.2851896526     1.4014528377
H       13.6922309596     1.1620294009     2.6080861143
H       18.5201844412     1.0659911857     2.3436968630
H       16.4401305312     0.9166148868     7.8098983978
H       14.2657519121     0.9455304817     6.7418864553
H       20.3011791604     2.6478000899     2.7995242649
H       16.1911868791     0.0578007119     5.5684160298
32
# Point 9 Energy = 0.0
C       20.6432207299     3.7029935923     7.4927118011
H       19.0321888618     3.5863001563     6.0961247799
C       19.4432887788     2.9671600088     6.9023654109
H       18.6552996155     2.8282851101     7.6553520350
H       20.5580411830     1.8644255412     5.4492096050
C       19.8314101924     1.6482116423     6.2421889157
H       18.9674731496     1.1754220673     5.7612802602
H       20.2921100300     0.9304481418     6.9291426438
H       21.3650706874     3.9105165825     6.6936920313
H       21.1581878223     3.1206917422     8.2620569218
H       20.3514121626     4.6636913384     7.9294204516
Si       16.2597654326     3.3922693379     4.6066011550
O       16.3182343130     4.9244982663     4.7056273853
O       17.9459443728     3.0625074957     3.9640432057
O       15.4373618918     2.9914275903     3.1868840741
O       16.0598762628     2.4595327773     5.7171000339
Si       16.4812940362     6.4488781649     4.4706377770
Si       13.9571354952     2.6357767446     2.4408261180
Si       18.9082929357     2.4355881321     2.4732207118
Si       15.7519993552     1.2369967981     6.4418684879
H       17.8947821122     6.7465225327     3.9681011800
H       15.5622235889     6.9091711820     3.3478506879
H       16.2786755018     7.3790615718     5.6711959015
H       12.8614071070     3.3982815811     3.0410215196
H       14.0372650282     2.9943497759     0.9976029730
H       18.4199770150     3.2756064299     1.4075222420
H       13.6875280173     1.1807037575     2.5830626325
H       18.5149437482     1.0581207439     2.3479997330
H       16.4423669816     0.9183252478     7.8120102766
H       14.2668204513     0.9349891006     6.7518224047
H       20.2928042569     2.6382308132     2.8044039075
H       16.1915794828     0.0543180331     5.5742180969
32
# Point 10 Energy = 0.0
C       20.6417585562     3.7165565765     7.4838089190
H       19.0365923560     3.5825863910     6.0848549061
C       19.4428292521     2.9733146325     6.9009856132
H       18.6522253265     2.8410626243     7.6525807631
H       20.5560324579     1.8737442379     5.4504397817
C       19.8346611148     1.6528173608     6.2469149453
H       18.9715734726     1.1769220219     5.7678243378
H       20.3023652168     0.9378357337     6.9319712177
H       21.3581024172     3.9212681025     6.6790859671
H       21.1637101927     3.1421887330     8.2543798427
H       20.3487071137     4.6796295414     7.9144876075
Si       16.2380478425     3.3826134372     4.6317776121
O       16.3144005222     4.9050442456     4.7047389263
O       17.9441191893     3.0548384610     3.9780658675
O       15.4469697436     2.9918708006     3.1849466107
O       16.0487956903     2.4437887449     5.7140431952
Si       16.4789365997     6.4204957120     4.4823339206
Si       13.9604729676     2.6563813770     2.4296546061
Si       18.9126094180     2.4185461813     2.4626601759
Si       15.7511759313     1.2449298960     6.4396075653
H       17.8961760875     6.7189453020     3.9795458207
H       15.5652575825     6.8951013042     3.3582586898
H       16.2821980122     7.3552028869     5.6827259453
H       12.8707884801     3.4210349977     3.0328663176
H       14.0553279671     3.0303396150     0.9919926496
H       18.4140122580     3.2647782933     1.4137517775
H       13.6823863927     1.2023619581     2.5552445294
H       18.5092349768     1.0492289594     2.3521258765
H       16.4448854452     0.9194703683     7.8138897343
H       14.2681239989     0.9228987416     6.7625026900
H       20.2835495358     2.6274625495     2.8090116906
H       16.1919544824     0.0500422130     5.5800872576
32
# Point 11 Energy = 0.0
C       20.6397332884     3.7319968547     7.4741152054
H       19.0405398302     3.5786956500     6.0730656622
C       19.4421885449     2.9803806463     6.8994768767
H       18.6490604718     2.8548501790     7.6497227228
H       20.5543377698     1.8835194793     5.4522921904
C       19.8384582976     1.6581268695     6.2524631038
H       18.9764657818     1.1783179770     5.7755868593
H       20.3135544094     0.9467133363     6.9360830033
H       21.3504153856     3.9335578779     6.6635554621
H       21.1689439149     3.1664404355     8.2462204730
H       20.3449546019     4.6975731049     7.8980336202
Si       16.2160867339     3.3711327074     4.6570638150
O       16.3099690780     4.8831281660     4.7041935517
O       17.9419874365     3.0457371732     3.9919126760
O       15.4570971074     2.9926623671     3.1833780969
O       16.0366922235     2.4271186799     5.7112051946
Si       16.4768077404     6.3894889601     4.4944848050
Si       13.9644588975     2.6798625720     2.4182176698
Si       18.9163424075     2.4002824905     2.4517035654
Si       15.7499889694     1.2517491162     6.4372475410
H       17.8979283923     6.6880018759     3.9913730168
H       15.5687877061     6.8791042530     3.3694140370
H       16.2866669973     7.3285450186     5.6949184939
H       12.8812654019     3.4464306700     3.0254649372
H       14.0747533678     3.0711242080     0.9870327108
H       18.4073700872     3.2526939759     1.4199902657
H       13.6768550600     1.2271683579     2.5248173426
H       18.5030992367     1.0393172444     2.3559031034
H       16.4477081487     0.9199224881     7.8154101296
H       14.2697069221     0.9092432676     6.7738157350
H       20.2734519884     2.6154917082     2.8131333935
H       16.1923044010     0.0449242895     5.5858700996
32
# Point 12 Energy = 0.0
C       20.6370202212     3.7493324151     7.4637316917
H       19.0440229014     3.5745950035     6.0608137067
C       19.4413045880     2.9883652221     6.8978968231
H       18.6456911302     2.8696451987     7.6467773947
H       20.5529924373     1.8937611146     5.4548985296
C       19.8428020798     1.6641679375     6.2589359162
H       18.9821925221     1.1796228398     5.7846363769
H       20.3256442072     0.9571352527     6.9416098593
H       21.3419357625     3.9473837049     6.6472505983
H       21.1737141105     3.1935000572     8.2377004078
H       20.3399812883     4.7175226338     7.8801213435
Si       16.1939807179     3.3577994347     4.6823552210
O       16.3050118641     4.8587354044     4.7038902358
O       17.9396267665     3.0351932767     4.0054298425
O       15.4677151635     2.9938322395     3.1822100589
O       16.0236583789     2.4094787200     5.7085106214
Si       16.4749625152     6.3558320185     4.5069622265
Si       13.9690637659     2.7062863095     2.4067778822
Si       18.9195286281     2.3808036848     2.4401680287
Si       15.7484638217     1.2574051947     6.4346681076
H       17.9000799395     6.6536538224     4.0034099695
H       15.5728622131     6.8611319262     3.3812151379
H       16.2921777319     7.2990634098     5.7076404664
H       12.8928376454     3.4744375907     3.0192209272
H       14.0953986479     3.1167616166     0.9830790757
H       18.4000694516     3.2393425398     1.4260719470
H       13.6709794111     1.2552849910     2.4920139487
H       18.4965831987     1.0283909208     2.3591493436
H       16.4508686861     0.9195702128     7.8164339721
H       14.2716244300     0.8940240056     6.7856395448
H       20.2625570083     2.6023142207     2.8165427942
H       16.1926293660     0.0389290809     5.5914033604
32
# Point 13 Energy = 0.0
C       20.6334918653     3.7685632104     7.4527706295
H       19.0470430956     3.5702488324     6.0481654383
C       19.4401123588     2.9972680985     6.8963069907
H       18.6419956914     2.8854376041     7.6437422940
H       20.5520311426     1.9044756512     5.4583962717
C       19.8476855966     1.6709661655     6.2664376802
H       18.9887902668     1.1808549708     5.7950388307
H       20.3385856739     0.9691503092     6.9486845821
H       21.3325948835     3.9627250584     6.6303374232
H       21.1778337289     3.2233983413     8.2289521498
H       20.3336143946     4.7394568483     7.8608267562
Si       16.1718369752     3.3426020856     4.7075353449
O       16.2995997193     4.8318690128     4.7037167630
O       17.9371218927     3.0232060184     4.0184532383
O       15.4787903529     2.9954046814     3.1814657008
O       16.0097962853     2.3908420919     5.7058721041
Si       16.4734511499     6.3195168454     4.5196292652
Si       13.9742507251     2.7356984373     2.3956176837
Si       18.9222095813     2.3601191713     2.4278630616
Si       15.7466382087     1.2618662191     6.4317411890
H       17.9026670757     6.6158865373     4.0154826760
H       15.5775299499     6.8411510878     3.3935461188
H       16.2988099120     7.2667477391     5.7207488118
H       12.9054973538     3.5050029525     3.0145466624
H       14.1171110006     3.1672642286     0.9805065304
H       18.3921430163     3.2247118508     1.4318172872
H       13.6647968437     1.2868689246     2.4571142757
H       18.4897387269     1.0164578577     2.3616743576
H       16.4544129700     0.9183206141     7.8168138385
H       14.2739431611     0.8772602014     6.7978425783
H       20.2509186703     2.5879236109     2.8190037571
H       16.1929383313     0.0320367418     5.5965150690
32
# Point 14 Energy = 0.0
C       20.6290227509     3.7896680998     7.4413547942
H       19.0496151244     3.5656181895     6.0351975343
C       19.4385468318     3.0070798599     6.8947728461
H       18.6378485065     2.9022083463     7.6406136299
H       20.5514882913     1.9156644235     5.4629276953
C       19.8530951757     1.6785431940     6.2750739744
H       18.9962890314     1.1820374240     5.8068576329
H       20.3523143361     0.9827991727     6.9574400469
H       21.3223337938     3.9795402012     6.6129966287
H       21.1811082671     3.2561393601     8.2201180622
H       20.3256884903     4.7633295606     7.8402387571
Si       16.1497718111     3.3255476114     4.7324777009
O       16.2938040801     4.8025525955     4.7035522024
O       17.9345651030     3.0097841108     4.0308112308
O       15.4902858925     2.9973991465     3.1811594152
O       15.9952184316     2.3712014949     5.7031923782
Si       16.4723119195     6.2805565424     4.5323395734
Si       13.9799764203     2.7681246768     2.3850361081
Si       18.9244319805     2.3382391963     2.4145941162
Si       15.7445614565     1.2651202308     6.4283326024
H       17.9057129413     6.5747194768     4.0274152301
H       15.5828308807     6.8191392913     3.4062750465
H       16.3066148975     7.2316066425     5.7340879353
H       12.9192308025     3.5380535681     3.0118571114
H       14.1397304670     3.2225980743     0.9797033237
H       18.3836395542     3.2087871163     1.4370348363
H       13.6583339204     1.3220710769     2.4204440429
H       18.4826224990     1.0035267744     2.3632821293
H       16.4583976177     0.9161013826     7.8163944734
H       14.2767401565     0.8589923880     6.8102844868
H       20.2386009929     2.5723077812     2.8202731642
H       16.1932481758     0.0242449905     5.6010266503
32
# Point 15 Energy = 0.0
C       20.6234887125     3.8126078539     7.4296146987
H       19.0517641956     3.5606631397     6.0219956618
C       19.4365413499     3.0177840698     6.8933622325
H       18.6331194270     2.9199308959     7.6373856395
H       20.5513950704     1.9273266293     5.4686376332
C       19.8590079823     1.6869189073     6.2849500710
H       19.0047093858     1.1831995947     5.8201530016
H       20.3667487236     0.9981165452     6.9680074308
H       21.3111016360     3.9977702175     6.5954199529
H       21.1833361543     3.2917033851     8.2113473441
H       20.3160454197     4.7890725783     7.8184565216
Si       16.1279054879     3.3066617680     4.7570467767
O       16.2876913858     4.7708312306     4.7032678123
O       17.9320516998     2.9949458499     4.0423268963
O       15.5021594586     2.9998280148     3.1812948666
O       15.9800436464     2.3505695292     5.7003655660
Si       16.4715790161     6.2389860933     4.5449432883
Si       13.9861894331     2.8035651606     2.3753425832
Si       18.9262442746     2.3151742333     2.4001658787
Si       15.7422953681     1.2671746157     6.4243039314
H       17.9092384685     6.5301965910     4.0390381073
H       15.5888078835     6.7950973232     3.4192603898
H       16.3156302340     7.1936669932     5.7474984399
H       12.9340164327     3.5734902979     3.0115602510
H       14.1630910559     3.2826770613     0.9810627216
H       18.3746213250     3.1915499479     1.4415223363
H       13.6516034529     1.3610286715     2.3823700842
H       18.4752938321     0.9896061925     2.3637730868
H       16.4628935139     0.9128625045     7.8150139391
H       14.2801045861     0.8392771611     6.8228198968
H       20.2256750698     2.5554493731     2.8201036336
H       16.1935869182     0.0155695708     5.6047546864
