32
# Point -15 Energy = 0.0
C       20.5809240616     3.4335450285     7.6245248553
H       18.5098818940     3.6221764302     6.5193690916
C       19.4354645779     3.0792165707     6.6782247557
H       19.5251482294     2.5100636638     7.6204891824
H       20.0521204550     2.2920601359     5.7402733088
C       19.7774644672     1.5982817022     6.5676558229
H       19.1769592807     1.4579482318     5.6593720931
H       20.3350122588     0.7160828627     6.8479844783
H       20.7517379133     3.7117211857     6.5573774362
H       21.4224411410     3.1754313118     8.2506311092
H       20.5401450568     4.5189749926     7.4827931146
Si       16.4362653571     3.4028415714     4.4056242670
O       16.3160382732     4.9961671562     4.7452869599
O       17.9531630271     3.0560899420     3.8829901578
O       15.3900681079     2.9927360004     3.1960212731
O       16.0665581513     2.5563736112     5.7734572338
Si       16.5226220538     6.5855618949     4.4127514536
Si       13.9943793789     2.5704678066     2.4600926802
Si       18.8692550084     2.5185446290     2.6366443829
Si       15.6883836101     1.1305020637     6.4650245385
H       17.9214200438     6.8405965521     3.9459417913
H       15.5946252831     6.9592565541     3.2888983579
H       16.2702928094     7.4699454840     5.6187572913
H       12.8495196506     3.3228339027     3.0305160059
H       14.0179639026     2.8676517646     0.9932042761
H       18.5057212429     3.3027350255     1.4232647320
H       13.7299900459     1.1103467501     2.6540417631
H       18.5732975914     1.0768172438     2.3724260198
H       16.3483584360     0.8945813821     7.8048608549
H       14.2025314915     0.9861330597     6.6638091097
H       20.3631041129     2.6572937584     2.8612470271
H       16.1471236866     0.0603237318     5.5436099362
32
# Point -14 Energy = 0.0
C       20.5867288005     3.4416030285     7.6301515552
H       18.5349865108     3.6468637140     6.4998660972
C       19.4373684813     3.0752140464     6.6932507001
H       19.4590422274     2.5130947802     7.6432000849
H       20.0932598354     2.2759540851     5.7161598073
C       19.7718369858     1.5963877581     6.5369318808
H       19.1442706373     1.4486207482     5.6483984552
H       20.3280725936     0.7148369126     6.8256087797
H       20.8001725230     3.7120489095     6.5700829066
H       21.4178634398     3.1582989764     8.2607954661
H       20.5308515678     4.5311750505     7.5326508834
Si       16.4364585669     3.4034561423     4.4048194006
O       16.3154918911     4.9968363791     4.7430052076
O       17.9528953843     3.0576900141     3.8809794443
O       15.3899704450     2.9912665231     3.1973681404
O       16.0698357438     2.5590538568     5.7733547106
Si       16.5200328396     6.5866434977     4.4084120196
Si       13.9931269755     2.5664884069     2.4631721864
Si       18.8682449470     2.5192194161     2.6333843299
Si       15.6936783113     1.1325980315     6.4678694521
H       17.9179855196     6.8423341194     3.9395362430
H       15.5902174367     6.9580714561     3.2854240073
H       16.2684531281     7.4718809419     5.6138507291
H       12.8483735414     3.3184245460     3.0342128151
H       14.0147690682     2.8620413449     0.9959955157
H       18.5023100087     3.3018764007     1.4198266740
H       13.7306124044     1.1063871372     2.6592352263
H       18.5728916603     1.0770600272     2.3713508885
H       16.3556391620     0.8989945187     7.8068726934
H       14.2082268828     0.9873039311     6.6685483979
H       20.3621020758     2.6594787974     2.8560586971
H       16.1522110051     0.0620985024     5.5467919647
32
# Point -13 Energy = 0.0
C       20.5922041669     3.4511409260     7.6343286313
H       18.5610929210     3.6673686557     6.4787845880
C       19.4392264142     3.0701670741     6.7077771084
H       19.3922523819     2.5187926707     7.6625771414
H       20.1354217326     2.2569955318     5.6937330457
C       19.7683869152     1.5950617022     6.5082175735
H       19.1155273781     1.4367321734     5.6400244064
H       20.3226303305     0.7151405005     6.8091577064
H       20.8480859692     3.7135032119     6.5830339674
H       21.4114066055     3.1435897402     8.2707671806
H       20.5203429799     4.5427592065     7.5805868508
Si       16.4364873316     3.4040104314     4.4038756634
O       16.3150615309     4.9973859625     4.7409585409
O       17.9523545793     3.0591340907     3.8785837942
O       15.3895105683     2.9901884777     3.1985996218
O       16.0729677076     2.5614206201     5.7729530794
Si       16.5177634487     6.5876460326     4.4046466780
Si       13.9913660303     2.5632929305     2.4662002670
Si       18.8667469270     2.5198926114     2.6295172015
Si       15.6986930362     1.1342850685     6.4701314558
H       17.9148552841     6.8438811324     3.9336095330
H       15.5860662846     6.9572035898     3.2827148130
H       16.2672009511     7.4735036357     5.6097444439
H       12.8469039313     3.3148470360     3.0381645941
H       14.0109468743     2.8575539566     0.9988061383
H       18.4983898263     3.3013446281     1.4160060614
H       13.7305204598     1.1032108678     2.6640617589
H       18.5717682083     1.0774056425     2.3693701118
H       16.3627477580     0.9025936306     7.8081705861
H       14.2136451781     0.9882483850     6.6728347899
H       20.3606527515     2.6613978081     2.8501305889
H       16.1567541377     0.0636040692     5.5490974387
32
# Point -12 Energy = 0.0
C       20.5973465577     3.4624957620     7.6368888507
H       18.5877986237     3.6829490400     6.4556714981
C       19.4410358910     3.0640579497     6.7219393076
H       19.3253853456     2.5270886747     7.6785817010
H       20.1782321791     2.2349394636     5.6728586525
C       19.7669137115     1.5940436289     6.4814342073
H       19.0903783783     1.4220194934     5.6342933047
H       20.3183751059     0.7168604212     6.7986119116
H       20.8953968009     3.7164973522     6.5960873298
H       21.4030512138     3.1316124703     8.2803708012
H       20.5085576989     4.5540870649     7.6261879846
Si       16.4363996438     3.4045160837     4.4028674828
O       16.3147843447     4.9978249735     4.7392345026
O       17.9516010801     3.0604428358     3.8759095171
O       15.3887642038     2.9895218115     3.1997616608
O       16.0759734306     2.5634695843     5.7723105045
Si       16.5158555225     6.5885842696     4.4015641648
Si       13.9891890856     2.5609050584     2.4691862990
Si       18.8648499819     2.5206001635     2.6251645590
Si       15.7034344023     1.1355486159     6.4718450559
H       17.9120808146     6.8452613770     3.9283053088
H       15.5822377662     6.9566772830     3.2808612819
H       16.2665491415     7.4748157594     5.6065503419
H       12.8451892109     3.3121165615     3.0423619371
H       14.0066215317     2.8542285917     1.0016485307
H       18.4940754979     3.3011879523     1.4119236647
H       13.7298056812     1.1008371499     2.6685102868
H       18.5700251033     1.0778906201     2.3665840020
H       16.3696614419     0.9053518466     7.8088025179
H       14.2187889312     0.9889456238     6.6766669873
H       20.3588398125     2.6630885477     2.8436204932
H       16.1607824654     0.0648359699     5.5505607121
32
# Point -11 Energy = 0.0
C       20.6020994259     3.4759301766     7.6376600504
H       18.6146723880     3.6928900334     6.4303072361
C       19.4427549833     3.0568375492     6.7359035897
H       19.2591345768     2.5378016260     7.6912956091
H       20.2212718548     2.2096942007     5.6532586527
C       19.7673623280     1.5931552642     6.4564037785
H       19.0685616249     1.4043101747     5.6312722781
H       20.3152738662     0.7200403579     6.7937118049
H       20.9419592795     3.7214565511     6.6091063567
H       21.3927162458     3.1226264558     8.2894225479
H       20.4953649754     4.5654611191     7.6690685915
Si       16.4362307170     3.4049745525     4.4018722610
O       16.3146988699     4.9981548505     4.7379146608
O       17.9506837145     3.0616082284     3.8730811493
O       15.3878006863     2.9892816937     3.2008960292
O       16.0788379839     2.5651968324     5.7714891294
Si       16.5143724030     6.5894612736     4.3992611773
Si       13.9866842958     2.5593551240     2.4721250860
Si       18.8626371863     2.5213338134     2.6204770712
Si       15.7078527639     1.1363820745     6.4730524109
H       17.9097424506     6.8464698396     3.9237663704
H       15.5788336650     6.9565095781     3.2799317400
H       16.2665308529     7.4758160312     5.6043616553
H       12.8433062532     3.3102696457     3.0467669527
H       14.0019294114     2.8521036189     1.0045192810
H       18.4894953314     3.3014083477     1.4077222088
H       13.7285374808     1.0992958674     2.6725600853
H       18.5677409569     1.0785094464     2.3631264411
H       16.3762865480     0.9072496805     7.8088311987
H       14.2236009185     0.9893995364     6.6800388245
H       20.3567406010     2.6645297794     2.8367279360
H       16.1642659610     0.0657886772     5.5512331956
32
# Point -10 Energy = 0.0
C       20.6063868717     3.4915213534     7.6364723773
H       18.6414022974     3.6968684724     6.4029539901
C       19.4443063335     3.0484723037     6.7498482230
H       19.1942338612     2.5506410156     7.7009159945
H       20.2640595741     2.1813703415     5.6345068734
C       19.7697376710     1.5923343675     6.4328506079
H       19.0498616535     1.3835701670     5.6310341104
H       20.3134550190     0.7249028938     6.7939615221
H       20.9875958129     3.7287577357     6.6219750841
H       21.3802869592     3.1166292204     8.2976902683
H       20.4806769774     4.5770099181     7.7089629753
Si       16.4359994708     3.4053789665     4.4009553968
O       16.3148264086     4.9983721851     4.7370497203
O       17.9496385643     3.0626069748     3.8702253348
O       15.3866808550     2.9894624072     3.2020302609
O       16.0815199445     2.5666058823     5.7705463332
Si       16.5133640369     6.5902709800     4.3977868063
Si       13.9839358701     2.5586456056     2.4749925475
Si       18.8601873001     2.5220554718     2.6156198288
Si       15.7118656131     1.1367947106     6.4738046186
H       17.9079108530     6.8474859742     3.9200943879
H       15.5759503368     6.9566964826     3.2799363953
H       16.2671582135     7.4765074927     5.6032123082
H       12.8413245329     3.3093220392     3.0513066710
H       13.9970133988     2.8511730762     1.0073928857
H       18.4847823728     3.3019645106     1.4035474221
H       13.7267785528     1.0985918212     2.6761864105
H       18.5649904953     1.0792244415     2.3591600611
H       16.3824871872     0.9082980053     7.8083354291
H       14.2279893142     0.9896333239     6.6829447400
H       20.3544269648     2.6656717271     2.8296753241
H       16.1671472836     0.0664621324     5.5511904513
32
# Point -9 Energy = 0.0
C       20.6101800675     3.5090531431     7.6331897532
H       18.6679476382     3.6952876109     6.3744402570
C       19.4456063507     3.0390203597     6.7639334883
H       19.1313618294     2.5652659818     7.7077148381
H       20.3060483276     2.1502592540     5.6160804178
C       19.7739236327     1.5916654689     6.4104122601
H       19.0339958988     1.3600338229     5.6335890981
H       20.3128844922     0.7317844500     6.7986755649
H       21.0321827840     3.7386284574     6.6346338411
H       21.3656465358     3.1131301415     8.3048841097
H       20.4646242364     4.5885691698     7.7458344472
Si       16.4357161745     3.4057202396     4.4001572711
O       16.3151529994     4.9984750879     4.7366361653
O       17.9484991335     3.0634291298     3.8674500626
O       15.3854639582     2.9900168067     3.2031745171
O       16.0839828291     2.5677173427     5.7695299986
Si       16.5128188111     6.5910055538     4.3971066120
Si       13.9810336542     2.5587010753     2.4777549545
Si       18.8575861272     2.5227327086     2.6107492703
Si       15.7154187046     1.1368199781     6.4741695919
H       17.9065912156     6.8483018501     3.9173028373
H       15.5736166598     6.9571961445     3.2807950616
H       16.2683666423     7.4769091310     5.6030364849
H       12.8393063409     3.3092029258     3.0558846716
H       13.9920175945     2.8513264418     1.0102287762
H       18.4800640238     3.3027922381     1.3995219186
H       13.7246213530     1.0986516893     2.6793817188
H       18.5618794663     1.0799943519     2.3548652544
H       16.3881592747     0.9085674563     7.8074151497
H       14.2318927248     0.9896735657     6.6853985988
H       20.3519755789     2.6664989961     2.8226738843
H       16.1694155401     0.0668714266     5.5505444849
32
# Point -8 Energy = 0.0
C       20.6135568438     3.5279933386     7.6277616247
H       18.6945919919     3.6893282584     6.3459423448
C       19.4466045564     3.0286861571     6.7782752132
H       19.0710407800     2.5813827954     7.7119785430
H       20.3466486034     2.1167424422     5.5974661619
C       19.7795334636     1.5913810520     6.3886688079
H       19.0205147993     1.3343262131     5.6388015501
H       20.3130493886     0.7410325973     6.8070565838
H       21.0757406002     3.7510459573     6.6471286460
H       21.3486899460     3.1110859715     8.3107041219
H       20.4476756416     4.5996493467     7.7799257969
Si       16.4353958653     3.4059943017     4.3994903464
O       16.3156240568     4.9984696722     4.7366110252
O       17.9473098671     3.0641043140     3.8648297261
O       15.3842166299     2.9908468366     3.2043283300
O       16.0862313584     2.5685745948     5.7684802931
Si       16.5126336334     6.5916637451     4.3970922925
Si       13.9780819143     2.5593381478     2.4803884150
Si       18.8549367922     2.5233741508     2.6059917340
Si       15.7185478116     1.1365179468     6.4742400849
H       17.9056857845     6.8489480178     3.9152943984
H       15.5717497702     6.9579220762     3.2823339401
H       16.2699830885     7.4770638076     5.6036585312
H       12.8373102688     3.3097109961     3.0604086003
H       13.9870797508     2.8523153494     1.0129900472
H       18.4754515080     3.3038319904     1.3957252285
H       13.7222184251     1.0992910147     2.6821803992
H       18.5585723582     1.0808051557     2.3504242609
H       16.3933065858     0.9082029262     7.8061943036
H       14.2353457395     0.9895333015     6.6874544946
H       20.3494780237     2.6670864316     2.8158893465
H       16.1711747528     0.0670530935     5.5494501683
32
# Point -7 Energy = 0.0
C       20.6167095809     3.5475890265     7.6202635690
H       18.7218731673     3.6806439116     6.3185719326
C       19.4473037926     3.0178062982     6.7929328365
H       19.0135861705     2.5988211990     7.7139569923
H       20.3852896879     2.0811901197     5.5782872990
C       19.7859304449     1.5918177041     6.3672045608
H       19.0088237665     1.3074452941     5.6463633751
H       20.3129240411     0.7529296561     6.8182966726
H       21.1184596910     3.7656914736     6.6596433642
H       21.3293108787     3.1090881856     8.3149187765
H       20.4305968451     4.6095302984     7.8116972908
Si       16.4350633698     3.4062065319     4.3989453912
O       16.3161539670     4.9983728726     4.7368689504
O       17.9461274577     3.0647066513     3.8624006995
O       15.3830104450     2.9918173199     3.2054899600
O       16.0883227591     2.5692403855     5.7674323829
Si       16.5126241051     6.5922555808     4.3975477902
Si       13.9751921584     2.5602860798     2.4828933734
Si       18.8523529541     2.5240404168     2.6014305215
Si       15.7213919112     1.1359681426     6.4741294147
H       17.9050016536     6.8494986421     3.9138809454
H       15.5701595641     6.9587564412     3.2843193312
H       16.2717445822     7.4770361065     5.6048260978
H       12.8353886223     3.3105336793     3.0648158244
H       13.9823162098     2.8537832351     1.0156597572
H       18.4710274789     3.3050480190     1.3921879563
H       13.7197739913     1.1002339125     2.6846653519
H       18.5552818018     1.0816829202     2.3460006752
H       16.3980610743     0.9074069667     7.8048113141
H       14.2384931271     0.9892062368     6.6892097870
H       20.3470353558     2.6676060469     2.8094215915
H       16.1726499452     0.0670626456     5.5480915745
32
# Point -6 Energy = 0.0
C       20.6198947505     3.5670342318     7.6108913414
H       18.7504496319     3.6708724386     6.2930294713
C       19.4477489740     3.0067698813     6.8079111055
H       18.9591239892     2.6175414051     7.7138397897
H       20.4215078815     2.0439042203     5.5584091075
C       19.7924195519     1.5933361272     6.3457004307
H       18.9983385780     1.2805660931     5.6558657283
H       20.3112594598     0.7676752295     6.8316943681
H       21.1606378014     3.7819873599     6.6724808677
H       21.3073789275     3.1057206220     8.3174130246
H       20.4142566212     4.6174367206     7.8416697503
Si       16.4347441410     3.4063722169     4.3984994490
O       16.3166436673     4.9982108165     4.7372909112
O       17.9450054726     3.0653368904     3.8601639086
O       15.3819049795     2.9927893132     3.2066595950
O       16.0903446475     2.5697854316     5.7664136325
Si       16.5125682056     6.5928020098     4.3982585472
Si       13.9724585501     2.5612526802     2.4852931731
Si       18.8499333893     2.5248272383     2.5971008887
Si       15.7241480429     1.1352550425     6.4739503372
H       17.9042982676     6.8500541785     3.9128352802
H       15.5685976740     6.9595797265     3.2865122857
H       16.2733576124     7.4769006468     5.6062710175
H       12.8335758213     3.3113247162     3.0690824380
H       13.9778010264     2.8553500024     1.0182433122
H       18.4668326380     3.3064334397     1.3888971871
H       13.7174953041     1.1011804772     2.6869477299
H       18.5522190244     1.0826849352     2.3417159224
H       16.4026349001     0.9063969087     7.8033945148
H       14.2415424821     0.9886741642     6.6907829939
H       20.3447351470     2.6682825790     2.8033005553
H       16.1741234400     0.0669642565     5.5466466954
32
# Point -5 Energy = 0.0
C       20.6233570148     3.5856299093     7.5999042093
H       18.7809683280     3.6612109394     6.2694897807
C       19.4479974807     2.9959198666     6.8231709781
H       18.9076500123     2.6375759361     7.7117594914
H       20.4550232147     2.0051195828     5.5379927191
C       19.7984791580     1.5962344543     6.3240212488
H       18.9886735532     1.2547672168     5.6669338922
H       20.3069866185     0.7854071328     6.8467481596
H       21.2025620885     3.7992003018     6.6859874939
H       21.2827355590     3.0999131952     8.3181706144
H       20.3993911595     4.6227078766     7.8702497874
Si       16.4344497404     3.4065141380     4.3981216845
O       16.3169986703     4.9980144504     4.7377709949
O       17.9439743203     3.0660953661     3.8580913616
O       15.3809286799     2.9936559087     3.2078359844
O       16.0923781281     2.5702748544     5.7654369018
Si       16.5122591467     6.5933310440     4.3990404550
Si       13.9699321870     2.5619994751     2.4876200715
Si       18.8477346869     2.5258363130     2.5929924838
Si       15.7270018019     1.1344526241     6.4737877509
H       17.9033472514     6.8507147135     3.9119483991
H       15.5668219418     6.9603017490     3.2887192720
H       16.2745656178     7.4767270818     5.6077692400
H       12.8318766610     3.3117955452     3.0732153667
H       13.9735514369     2.8567068140     1.0207585167
H       18.4628591008     3.3080054363     1.3858081852
H       13.7155353889     1.1018845259     2.6891324105
H       18.5495369485     1.0838801890     2.3376313090
H       16.4072414923     0.9053572279     7.8020340563
H       14.2446909895     0.9879198469     6.6922793678
H       20.3426263865     2.6693300573     2.7974957754
H       16.1758458358     0.0668182275     5.5452473980
32
# Point -4 Energy = 0.0
C       20.6272687185     3.6028769619     7.5875491625
H       18.8139687877     3.6522105968     6.2477071315
C       19.4480914242     2.9854847528     6.8386475598
H       18.8590936934     2.6589501917     7.7078125998
H       20.4857640050     1.9650471424     5.5174789896
C       19.8038978840     1.6006873475     6.3022514278
H       18.9797452720     1.2308232162     5.6793477588
H       20.2994949850     0.8062206200     6.8631753423
H       21.2443947630     3.8165643058     6.7004507209
H       21.2552231620     3.0911481401     8.3172105019
H       20.3864463102     4.6248975913     7.8976194797
Si       16.4341698554     3.4066587743     4.3977781823
O       16.3171425204     4.9978146315     4.7382330555
O       17.9430312318     3.0670605775     3.8561368878
O       15.3800717375     2.9943632460     3.2090120571
O       16.0944697797     2.5707584425     5.7644967317
Si       16.5115442053     6.5938726707     4.3997702885
Si       13.9676118271     2.5623891079     2.4898994914
Si       18.8457603675     2.5271509340     2.5890609961
Si       15.7300742165     1.1336142739     6.4736813521
H       17.9019776629     6.8515585401     3.9110698882
H       15.5646470579     6.9608792036     3.2908202105
H       16.2751939086     7.4765687277     5.6091767883
H       12.8302648198     3.3117745239     3.0772360301
H       13.9695312833     2.8576751723     1.0232222723
H       18.4590579467     3.3097961267     1.3828601435
H       13.7139612087     1.1022031185     2.6912892452
H       18.5472996362     1.0853314578     2.3337466264
H       16.4120314216     0.9044089299     7.8007665315
H       14.2480690487     0.9869367509     6.6937639744
H       20.3407093972     2.6709040436     2.7919376497
H       16.1779724624     0.0666718801     5.5439562827
32
# Point -3 Energy = 0.0
C       20.6317054791     3.6184903270     7.5740038008
H       18.8498353641     3.6438029049     6.2272234063
C       19.4480429339     2.9755610732     6.8542718016
H       18.8133631483     2.6816247617     7.7020866996
H       20.5138301961     1.9239314573     5.4975080702
C       19.8087715745     1.6067267562     6.2806636409
H       18.9717494055     1.2091357989     5.6930936538
H       20.2886902971     0.8301631117     6.8808500327
H       21.2861061422     3.8333797530     6.7160107400
H       21.2247373530     3.0794789615     8.3145251409
H       20.3755513855     4.6237927353     7.9237242663
Si       16.4338748066     3.4068324011     4.3974369745
O       16.3170231172     4.9976382996     4.7386355405
O       17.9421447268     3.0682802128     3.8542500804
O       15.3792943267     2.9949108411     3.2101736251
O       16.0966229656     2.5712673286     5.7635720645
Si       16.5103390418     6.5944544101     4.4003923158
Si       13.9654548838     2.5623912021     2.4921402027
Si       18.8439708702     2.5288245188     2.5852473150
Si       15.7334033980     1.1327704345     6.4736255587
H       17.9000941100     6.8526330164     3.9101229026
H       15.5619669402     6.9613151095     3.2927696276
H       16.2751599591     7.4764582676     5.6104351682
H       12.8286931586     3.3112164515     3.0811639794
H       13.9656719268     2.8582134661     1.0256409583
H       18.4553593976     3.3118430144     1.3799934008
H       13.7127580707     1.1021032861     2.6934412239
H       18.5454885183     1.0870851474     2.3300170729
H       16.4170652057     0.9036041419     7.7995788192
H       14.2517201634     0.9857318622     6.6952527646
H       20.3389450502     2.6730847522     2.7865455233
H       16.1805466832     0.0665561955     5.5427689888
32
# Point -2 Energy = 0.0
C       20.6366531792     3.6323605215     7.5593541970
H       18.8887914689     3.6354638238     6.2075648159
C       19.4478324304     2.9661360067     6.8699902405
H       18.7703671420     2.7054752679     7.6946842954
H       20.5394209401     1.8820958794     5.4788038226
C       19.8134021179     1.6142584681     6.2596453193
H       18.9650516431     1.1897807318     5.7083464481
H       20.2748822668     0.8572093477     6.8997068201
H       21.3274648678     3.8490706139     6.7326084899
H       21.1912796430     3.0654164729     8.3100542607
H       20.3665987149     4.6193785000     7.9483341464
Si       16.4335246618     3.4070581135     4.3970726777
O       16.3166122801     4.9975064393     4.7389676735
O       17.9412680280     3.0697732342     3.8523896757
O       15.3785433694     2.9953374059     3.2113012205
O       16.0988048057     2.5718158822     5.7626335158
Si       16.5086209874     6.5950986080     4.4009075280
Si       13.9633996546     2.5620576792     2.4943317031
Si       18.8423055940     2.5308812245     2.5814977838
Si       15.7369551901     1.1319320404     6.4735821070
H       17.8976710614     6.8539565748     3.9090985836
H       15.5587513587     6.9616459355     3.2945796602
H       16.2744565862     7.4764096142     5.6115550829
H       12.8271094395     3.3101748763     3.0850052637
H       13.9618999000     2.8583852076     1.0280063871
H       18.4516966327     3.3141818128     1.3771640429
H       13.7118581782     1.1016370396     2.6955679207
H       18.5440328169     1.0891692256     2.3263792776
H       16.4223189141     0.9029394238     7.7984249928
H       14.2556112880     0.9843226584     6.6967190202
H       20.3372751698     2.6758862497     2.7812541820
H       16.1835202692     0.0664871208     5.5416342055
32
# Point -1 Energy = 0.0
C       20.6420300951     3.6444974860     7.5436015839
H       18.9309182807     3.6264068384     6.1883712095
C       19.4474146893     2.9571271796     6.8857779276
H       18.7300217558     2.7303016724     7.6857391056
H       20.5627600347     1.8399601797     5.4620582127
C       19.8181667516     1.6230978688     6.2396200351
H       18.9600615881     1.1726052489     5.7254125366
H       20.2586057651     0.8872358014     6.9196624767
H       21.3680701442     3.8632049963     6.7499697050
H       21.1549913875     3.0497646501     8.3036980663
H       20.3593662048     4.6117861723     7.9711294412
Si       16.4330792778     3.4073543615     4.3966694868
O       16.3159011001     4.9974338066     4.7392416204
O       17.9403535762     3.0715380126     3.8505326942
O       15.3777691528     2.9957023518     3.2123731147
O       16.1009600073     2.5724061714     5.7616511283
Si       16.5064115131     6.5958216925     4.4013557632
Si       13.9613874197     2.5614873429     2.4964463948
Si       18.8407054277     2.5333236883     2.5777792115
Si       15.7406474730     1.1310963644     6.4734963334
H       17.8947344382     6.8555269180     3.9080400432
H       15.5550279959     6.9619253822     3.2962972657
H       16.2731236137     7.4764229966     5.6125921224
H       12.8254703309     3.3087605876     3.0887467296
H       13.9581602352     2.8583140626     1.0302960026
H       18.4480246249     3.3168429713     1.3743527053
H       13.7111748374     1.1009050088     2.6976166967
H       18.5428452008     1.0915966805     2.3227750771
H       16.4277071143     0.9023762130     7.7972459286
H       14.2596577452     0.9827314804     6.6981068000
H       20.3356434095     2.6792785541     2.7760317769
H       16.1867894093     0.0664692593     5.5404781643
32
# Point 0 Energy = 0
C       20.6477110000     3.6549790000     7.5266840000
H       18.9761800000     3.6157410000     6.1694560000
C       19.4467280000     2.9484220000     6.9016430000
H       18.6922510000     2.7558520000     7.6754250000
H       20.5840390000     1.7980300000     5.4478400000
C       19.8234060000     1.6330100000     6.2209870000
H       18.9571360000     1.1573250000     5.7446630000
H       20.2404540000     0.9200090000     6.9405780000
H       21.4074060000     3.8754920000     6.7676150000
H       21.1161610000     3.0334640000     8.2953550000
H       20.3536290000     4.6012450000     7.9917750000
Si       16.4325060000     3.4077350000     4.3962220000
O       16.3148940000     4.9974300000     4.7394840000
O       17.9393640000     3.0735620000     3.8486780000
O       15.3769370000     2.9960700000     3.2133680000
O       16.1030250000     2.5730330000     5.7606000000
Si       16.5037570000     6.5966350000     4.4017980000
Si       13.9593780000     2.5607940000     2.4984440000
Si       18.8391290000     2.5361430000     2.5740860000
Si       15.7443760000     1.1302530000     6.4733110000
H       17.8913405600     6.8573308000     3.9070238400
H       15.5508605600     6.9622108000     3.2979838400
H       16.2712205600     7.4764908000     5.6136238400
H       12.8237502400     3.3071035200     3.0923555200
H       13.9544302400     2.8581435200     1.0324755200
H       18.4443303200     3.3198514400     1.3715668800
H       13.7106302400     1.1000235200     2.6995155200
H       18.5418503200     1.0943714400     2.3191668800
H       16.4331100800     0.9018602400     7.7959848800
H       14.2637500800     0.9809802400     6.6993448800
H       20.3340103200     2.6832114400     2.7708868800
H       16.1902300800     0.0665002400     5.5392248800
32
# Point 1 Energy = 0.0
C       20.6535631057     3.6639109384     7.5084963425
H       19.0245101633     3.6026276757     6.1508182120
C       19.4457133503     2.9399189402     6.9176180888
H       18.6569754045     2.7818713550     7.6639344818
H       20.6033993306     1.7567496305     5.4364849481
C       19.8293419252     1.6437766471     6.2040296868
H       18.9565126057     1.1436243571     5.7664360023
H       20.2208927382     0.9552852826     6.9622866833
H       21.4450067599     3.8858033666     6.7849896899
H       21.0750957905     3.0173719581     8.2849491346
H       20.3492000330     4.5880116483     8.0099951909
Si       16.4317863043     3.4082102317     4.3957352162
O       16.3136029655     4.9975014475     4.7397269709
O       17.9382796999     3.0758324086     3.8468426539
O       15.3760329703     2.9964944858     3.2142713057
O       16.1049468515     2.5736899615     5.7594664948
Si       16.5007079864     6.5975464670     4.4022973107
Si       13.9573564492     2.5600749869     2.5002856291
Si       18.8375602174     2.5393296479     2.5704362870
Si       15.7480482924     1.1293909423     6.4729823379
H       17.8875514127     6.8593547603     3.9061342393
H       15.5463206967     6.9625502461     3.2996974979
H       16.2688028050     7.4766043757     5.6147264243
H       12.8219436968     3.3053150093     3.0957929607
H       13.9507181824     2.8579967964     1.0345112081
H       18.4406289048     3.3232272279     1.3688338596
H       13.7101754523     1.0990921091     2.7011965900
H       18.5410037585     1.0974952236     2.3155433851
H       16.4384146413     0.9013422516     7.7946023713
H       14.2677899741     0.9790860957     6.7003691655
H       20.3323604727     2.6876393869     2.7658582162
H       16.1937376588     0.0665761387     5.5378167748
32
# Point 2 Energy = 0.0
C       20.6594450699     3.6713901969     7.4889123367
H       19.0757622554     3.5862664935     6.1326171323
C       19.4443091534     2.9315314375     6.9337550636
H       18.6241153954     2.8081026827     7.6514877947
H       20.6209393141     1.7165868780     5.4281790594
C       19.8361008060     1.6551894933     6.1889789554
H       18.9583456700     1.1312022587     5.7910569683
H       20.2003116208     0.9927512559     6.9845851667
H       21.4804059928     3.8940938235     6.8014213356
H       21.0321915512     3.0022858492     8.2724570076
H       20.3459552959     4.5723545291     8.0255448885
Si       16.4309106127     3.4087892801     4.3952190999
O       16.3120419883     4.9976541197     4.7400026106
O       17.9370937837     3.0783391149     3.8450565451
O       15.3750587241     2.9970220939     3.2150697951
O       16.1066782675     2.5743722174     5.7582429432
Si       16.4973132384     6.5985633500     4.4029130190
Si       13.9553279916     2.5594131151     2.5019283962
Si       18.8360033940     2.5428764254     2.5668666622
Si       15.7515789611     1.1285013846     6.4724749610
H       17.8834287022     6.8615880620     3.9054573442
H       15.5414819531     6.9629848762     3.3014871532
H       16.2659154476     7.4767568771     5.6159687732
H       12.8200600838     3.3034895904     3.0990090977
H       13.9470581551     2.8579786113     1.0363644397
H       18.4369587547     3.3269880745     1.3661953040
H       13.7097856813     1.0981954355     2.7025911359
H       18.5402874927     1.1009703378     2.3119144765
H       16.4435095768     0.9007811177     7.7930711738
H       14.2716855599     0.9770639732     6.7011176109
H       20.3306975927     2.6925248161     2.7610093958
H       16.1972225140     0.0666942287     5.5362097140
32
# Point 3 Energy = 0.0
C       20.6652007595     3.6774990808     7.4678097848
H       19.1296428199     3.5658928879     6.1151636870
C       19.4424520882     2.9231919467     6.9501268578
H       18.5936091528     2.8342808385     7.6383648829
H       20.6366616913     1.6781187116     5.4229761862
C       19.8436744839     1.6670324658     6.1760455936
H       18.9626870892     1.1197692128     5.8188205410
H       20.1790264896     1.0319361314     7.0072097919
H       21.5130780597     3.9003550810     6.8160454196
H       20.9880097245     2.9889806904     8.2579507590
H       20.3439013811     4.5545879064     8.0382095725
Si       16.4298813312     3.4094809053     4.3946873780
O       16.3102281964     4.9978939815     4.7403414001
O       17.9358159776     3.0810765445     3.8433626883
O       15.3740360612     2.9976906485     3.2157493993
O       16.1081801462     2.5750768931     5.7569262647
Si       16.4936196094     6.5996928026     4.4036991316
Si       13.9533236653     2.5588746096     2.5033219299
Si       18.8344889770     2.5467809942     2.5634334112
Si       15.7548930026     1.1275778845     6.4717603730
H       17.8790339539     6.8640245262     3.9050808167
H       15.5364203209     6.9635484622     3.3033899678
H       16.2625911270     7.4769437770     5.6174106080
H       12.8181279530     3.3017019312     3.1019380479
H       13.9435168205     2.8581729435     1.0379881346
H       18.4333875345     3.3311514609     1.3637079578
H       13.7094671631     1.0974010199     2.7036258796
H       18.5397172873     1.1048019214     2.3083123787
H       16.4482878792     0.9001448408     7.7913755274
H       14.2753546255     0.9749253459     6.7015273273
H       20.3290499647     2.6978421114     2.7564315910
H       16.2006152637     0.0668534421     5.5343720709
32
# Point 4 Energy = 0.0
C       20.6706841492     3.6822997563     7.4450830112
H       19.1857715129     3.5408689511     6.0988988605
C       19.4400963675     2.9148723154     6.9668139576
H       18.5654038620     2.8601711827     7.6248797876
H       20.6504779595     1.6418705228     5.4207326168
C       19.8518969729     1.6791249339     6.1653505175
H       18.9694605568     1.1090936645     5.8499097894
H       20.1571877279     1.0723281638     7.0298842058
H       21.5425934276     3.9046367921     6.8279596176
H       20.9431200010     2.9780662510     8.2415908303
H       20.3431426455     4.5350324847     8.0478470021
Si       16.4287176615     3.4102939024     4.3941574833
O       16.3081820073     4.9982280452     4.7407679964
O       17.9344759757     3.0840485041     3.8418106138
O       15.3730075127     2.9985222783     3.2163016608
O       16.1094365227     2.5758064116     5.7555220315
Si       16.4896640635     6.6009426160     4.4046943574
Si       13.9513991601     2.5584940464     2.5044231968
Si       18.8330726646     2.5510504450     2.5602030245
Si       15.7579501287     1.1266204782     6.4708271636
H       17.8744169836     6.8666672730     3.9050761908
H       15.5311993262     6.9642610050     3.3054250424
H       16.2588445718     7.4771663385     5.6190910182
H       12.8161938539     3.2999890568     3.1045162445
H       13.9401837503     2.8586234992     1.0393407158
H       18.4300021681     3.3357339569     1.3614337895
H       13.7092628762     1.0967438451     2.7042434912
H       18.5393463293     1.1090005848     2.3047879656
H       16.4526785659     0.8994213975     7.7895185710
H       14.2787507106     0.9726771607     6.7015526139
H       20.3274698917     2.7035886941     2.7522261160
H       16.2038906928     0.0670574430     5.5322958764
32
# Point 5 Energy = 0.0
C       20.6757678303     3.6858286822     7.4206557881
H       19.2436800255     3.5107090377     6.0843617092
C       19.4372212150     2.9065866593     6.9838951638
H       18.5394541934     2.8855834686     7.6113680179
H       20.6622119430     1.6082748072     5.4211289420
C       19.8604639902     1.6913286762     6.1569212493
H       18.9784684945     1.0990265904     5.8843747377
H       20.1347925464     1.1134116408     7.0523328694
H       21.5686560087     3.9070190015     6.8362987531
H       20.8980483453     2.9699643006     8.2236047129
H       20.3438556504     4.5139978614     8.0543892151
Si       16.4274558487     3.4112375015     4.3936488346
O       16.3059278401     4.9986648858     4.7412991081
O       17.9331222196     3.0872687038     3.8404507909
O       15.3720336322     2.9995230279     3.2167250033
O       16.1104586491     2.5765695052     5.7540439361
Si       16.4854729893     6.6023215656     4.4059187536
Si       13.9496304403     2.5582732284     2.5052017635
Si       18.8318309097     2.5557014267     2.5572444987
Si       15.7607512293     1.1256370131     6.4696820968
H       17.8696137395     6.8695291614     3.9054917280
H       15.5258663860     6.9651282950     3.3075924603
H       16.2546748924     7.4774324825     5.6210253137
H       12.8143193848     3.2983492301     3.1066903689
H       13.9371630782     2.8593318657     1.0403912731
H       18.4269009537     3.3407506376     1.3594330135
H       13.7092491389     1.0962253161     2.7044091572
H       18.5392604937     1.1135823776     2.3014045061
H       16.4566566523     0.8986208929     7.7875216667
H       14.2818702994     0.9703229156     6.7011700368
H       20.3260295726     2.7097856127     2.7484926820
H       16.2070720078     0.0673156292     5.5299972095
32
# Point 6 Energy = 0.0
C       20.6803485139     3.6880949141     7.3944896266
H       19.3028127417     3.4751000022     6.0721540023
C       19.4338353390     2.8983885267     7.0014405070
H       18.5157180072     2.9103802157     7.5981692524
H       20.6716084994     1.5776395486     5.4237020421
C       19.8689655210     1.7035504490     6.1506917628
H       18.9894052741     1.0895166862     5.9221254121
H       20.1117147093     1.1547053490     7.0742896284
H       21.5911193644     3.9075850575     6.8403070451
H       20.8532380607     2.9649075511     8.2042519027
H       20.3462606497     4.4917653164     8.0578403042
Si       16.4261482658     3.4123209861     4.3931817385
O       16.3034951635     4.9992142664     4.7419430011
O       17.9318194699     3.0907592813     3.8393303595
O       15.3711894136     3.0006836072     3.2170257041
O       16.1112861917     2.5773808505     5.7525130983
Si       16.4810637696     6.6038389069     4.4073732133
Si       13.9481084701     2.5581831888     2.5056436178
Si       18.8308553832     2.5607582007     2.5546231262
Si       15.7633399867     1.1246429878     6.4683498318
H       17.8646469587     6.8726312540     3.9063491359
H       15.5204524913     6.9661423851     3.3098748534
H       16.2500703452     7.4777562188     5.6232051688
H       12.8125778065     3.2967447532     3.1084236594
H       13.9345654569     2.8602598018     1.0411234955
H       18.4241862141     3.3462136711     1.3577589077
H       13.7095296223     1.0958154663     2.7041145594
H       18.5395711837     1.1185671671     2.2982317359
H       16.4602472233     0.8977745855     7.7854226098
H       14.2847548864     0.9678636493     6.7003811429
H       20.3248159604     2.7164743461     2.7453201450
H       16.2102296566     0.0676428096     5.5275147702
32
# Point 7 Energy = 0.0
C       20.6843491916     3.6890800692     7.3665876642
H       19.3625322369     3.4339155654     6.0629019808
C       19.4299773091     2.8903633543     7.0195072556
H       18.4941495794     2.9344794703     7.5856066548
H       20.6783483217     1.5501342134     5.4278840278
C       19.8769270733     1.7157425769     6.1465070778
H       19.0018802728     1.0806139251     5.9629375181
H       20.0877452012     1.1957976622     7.0955017981
H       21.6099805834     3.9063968630     6.8393957184
H       20.8090286219     2.9629552755     8.1837862221
H       20.3505950025     4.4685706778     8.0582700345
Si       16.4248609979     3.4135527050     4.3927769810
O       16.3009191695     4.9998860790     4.7427004411
O       17.9306450738     3.0945476992     3.8384907022
O       15.3705598844     3.0019811006     3.2172183959
O       16.1119849766     2.5782596231     5.7509573285
Si       16.4764477198     6.6055032214     4.4090414168
Si       13.9469333414     2.5581687987     2.5057530335
Si       18.8302467701     2.5662489807     2.5523966220
Si       15.7657991049     1.1236602198     6.4668715059
H       17.8595288699     6.8759996924     3.9076441127
H       15.5149745557     6.9672828637     3.3122407818
H       16.2450141859     7.4781559668     5.6256014993
H       12.8110502022     3.2951080450     3.1096996598
H       13.9325009802     2.8613349481     1.0415377981
H       18.4219580475     3.3521302092     1.3564550387
H       13.7102272746     1.0954578603     2.7033788914
H       18.5404064309     1.1239756947     2.2953412306
H       16.4635227508     0.8969314042     7.7832731912
H       14.2874873177     0.9652989323     6.6992126483
H       20.3239249192     2.7237104749     2.7427809917
H       16.2134746334     0.0680578280     5.5249071372
32
# Point 8 Energy = 0.0
C       20.6877179747     3.6887380898     7.3369947373
H       19.4221309978     3.3872217978     6.0572163979
C       19.4257114921     2.8826176933     7.0381391944
H       18.4746918712     2.9578523523     7.5739656431
H       20.6820704286     1.5257994303     5.4330447486
C       19.8838552809     1.7279037005     6.1441341323
H       19.0154528818     1.0724611533     6.0064669996
H       20.0626375060     1.2363729921     7.1157314006
H       21.6253558412     3.9034744335     6.8331773525
H       20.7656515067     2.9640191017     8.1624255463
H       20.3570901310     4.4445877299     8.0558031849
Si       16.4236698273     3.4149388079     4.3924559810
O       16.2982405807     5.0006889696     4.7435666175
O       17.9296839707     3.0986625768     3.8379669131
O       15.3702349499     3.0033814889     3.2173259690
O       16.1126412662     2.5792274950     5.7494103769
Si       16.4716335746     6.6073209583     4.4108934821
Si       13.9462080210     2.5581553739     2.5055523183
Si       18.8301081875     2.5722010697     2.5506138186
Si       15.7682413870     1.1227149183     6.4653024775
H       17.8542651192     6.8796615438     3.9093500086
H       15.5094396023     6.9685188378     3.3146490051
H       16.2394904832     7.4786522984     5.6281691193
H       12.8098211662     3.2933502477     3.1105230139
H       13.9310733405     2.8624590613     1.0416514131
H       18.4203093816     3.3584997678     1.3555549271
H       13.7114746823     1.0950765709     2.7022470355
H       18.5419008898     1.1298257040     2.2928035749
H       16.4665938461     0.8961529511     7.7811365210
H       14.2901826378     0.9626281440     6.6977143166
H       20.3234549430     2.7315551114     2.7409298835
H       16.2169468310     0.0685816288     5.5222492499
32
# Point 9 Energy = 0.0
C       20.6904239787     3.6869938591     7.3057946383
H       19.4808482062     3.3352705810     6.0556528195
C       19.4211202089     2.8752670083     7.0573684961
H       18.4572702189     2.9805165164     7.5634761316
H       20.6824027846     1.5045805700     5.4385339859
C       19.8892833939     1.7400810383     6.1432792100
H       19.0296777862     1.0652758077     6.0522693160
H       20.0361514715     1.2762262400     7.1347558985
H       21.6374450510     3.8987815562     6.8214746047
H       20.7232385997     2.9678925230     8.1403346184
H       20.3659523015     4.4199131292     8.0506057552
Si       16.4226549105     3.4164820547     4.3922411855
O       16.2955044341     5.0016290334     4.7445334121
O       17.9290227683     3.1031291462     3.8377886975
O       15.3703037371     3.0048427625     3.2173787951
O       16.1133533039     2.5803066160     5.7479110800
Si       16.4666308277     6.6092950449     4.4128903091
Si       13.9460319924     2.5580564808     2.5050796531
Si       18.8305385579     2.5786354840     2.5493154473
Si       15.7707969338     1.1218357505     6.4637094939
H       17.8488590904     6.8836403074     3.9114233407
H       15.5038498234     6.9698114747     3.3170526973
H       16.2334890937     7.4792656613     5.6308520215
H       12.8089741357     3.2913713442     3.1109175199
H       13.9303752058     2.8635176571     1.0414965883
H       18.4193222552     3.3653114108     1.3550835566
H       13.7134036228     1.0945843991     2.7007854509
H       18.5441854665     1.1361276857     2.2906871950
H       16.4695949783     0.8955080694     7.7790843320
H       14.2929747804     0.9598522261     6.6959550360
H       20.3235007612     2.7400652720     2.7398055306
H       16.2207999197     0.0692352900     5.5196285435
32
# Point 10 Energy = 0.0
C       20.6924506560     3.6837411725     7.2731055872
H       19.5378883901     3.2784795098     6.0586745124
C       19.4162936369     2.8684236501     7.0772188643
H       18.4417897940     3.0025271797     7.5543024439
H       20.6789995290     1.4863783292     5.4437200302
C       19.8928128026     1.7523741041     6.1436106840
H       19.0441555682     1.0593251642     6.0998205978
H       20.0080911119     1.3152649691     7.1523707044
H       21.6464931594     3.8922195352     6.8043067805
H       20.6818378844     2.9742794142     8.1176212822
H       20.3773466448     4.3945540261     8.0428703449
Si       16.4218947857     3.4181809592     4.3921562799
O       16.2927580741     5.0027088566     4.7455913969
O       17.9287434693     3.1079649849     3.8379818518
O       15.3708488401     3.0063183761     3.2174132393
O       16.1142214608     2.5815179416     5.7465021944
Si       16.4614525343     6.6114238461     4.4149877176
Si       13.9464951126     2.5577821365     2.5043854987
Si       18.8316263038     2.5855618103     2.5485359567
Si       15.7735984820     1.1210522561     6.4621673931
H       17.8433159910     6.8879517234     3.9138097944
H       15.4982076570     6.9711169199     3.3194029554
H       16.2270094915     7.4800144733     5.6335883276
H       12.8085866264     3.2890707112     3.1109221708
H       13.9304845848     2.8643900390     1.0411173349
H       18.4190650629     3.3725411788     1.3550596943
H       13.7161346637     1.0938914848     2.6990765376
H       18.5473773351     1.1428808524     2.2890581023
H       16.4726676639     0.8950677469     7.7771941821
H       14.2960012393     0.9569758337     6.6940176874
H       20.3241472147     2.7492844382     2.7394343574
H       16.2251848297     0.0700383768     5.5171408554
32
# Point 11 Energy = 0.0
C       20.6937865914     3.6788421121     7.2390742572
H       19.5924383341     3.2173991090     6.0666200359
C       19.4113193410     2.8621859383     7.0977084391
H       18.4281381640     3.0239673476     7.5465438447
H       20.6715818830     1.4711042332     5.4480232903
C       19.8941482262     1.7649379650     6.1447851372
H       19.0585825992     1.0548983134     6.1485403447
H       19.9783339692     1.3535013669     7.1683952558
H       21.6527529943     3.8836317198     6.7818603932
H       20.6414323806     2.9828193781     8.0943422035
H       20.3913828798     4.3684196775     8.0328028750
Si       16.4214605138     3.4200293872     4.3922258399
O       16.2900488840     5.0039270071     4.7467312006
O       17.9289175277     3.1131764987     3.8385693984
O       15.3719409320     3.0077608768     3.2174694970
O       16.1153385064     2.5828799855     5.7452286736
Si       16.4561175749     6.6137006183     4.4171399211
Si       13.9476719930     2.5572468648     2.5035281472
Si       18.8334436982     2.5929739483     2.5483051233
Si       15.7767670403     1.1203936203     6.4607552474
H       17.8376464515     6.8926003552     3.9164497287
H       15.4925203773     6.9723894674     3.3216515007
H       16.2200636903     7.4809137124     5.6363145106
H       12.8087257146     3.2863573095     3.1105861648
H       13.9314618651     2.8649591282     1.0405653056
H       18.4195904507     3.3801502847     1.3554979170
H       13.7197675603     1.0929137118     2.6972121688
H       18.5515709444     1.1500699146     2.2879794426
H       16.4759438352     0.8949005708     7.7755462037
H       14.2993879975     0.9540095378     6.6919932681
H       20.3254637718     2.7592343321     2.7398341517
H       16.2302339086     0.0710077080     5.5148858729
32
# Point 12 Energy = 0.0
C       20.6944133199     3.6721307640     7.2038675118
H       19.6436802026     3.1526705224     6.0796773216
C       19.4062731320     2.8566286438     7.1188512639
H       18.4161925904     3.0449382207     7.5402460095
H       20.6599794058     1.4587271535     5.4509461184
C       19.8931258450     1.7779824355     6.1464753358
H       19.0727949223     1.0522770625     6.1978179006
H       19.9468517072     1.3910367583     7.1826839510
H       21.6564510677     3.8728217274     6.7544490032
H       20.6019601184     2.9931098867     8.0705122193
H       20.4081008576     4.3413185298     8.0206112577
Si       16.4214106893     3.4220166410     4.3924742312
O       16.2874223406     5.0052779667     4.7479442311
O       17.9296008508     3.1187564729     3.8395716838
O       15.3736341712     3.0091256633     3.2175888603
O       16.1167813103     2.5844078637     5.7441352085
Si       16.4506525879     6.6161135106     4.4193024168
Si       13.9496171789     2.5563773929     2.5025689335
Si       18.8360421671     2.6008473125     2.5486484412
Si       15.7803996007     1.1198875485     6.4595517440
H       17.8318696428     6.8975772640     3.9192828651
H       15.4868039947     6.9735849755     3.3237529926
H       16.2126787039     7.4819739190     5.6389691187
H       12.8094441111     3.2831590671     3.1099638208
H       13.9333472820     2.8651210051     1.0398953600
H       18.4209336455     3.3880846874     1.3564095381
H       13.7243730345     1.0915806348     2.6952868465
H       18.5568304701     1.1576631963     2.2875097998
H       16.4795316261     0.8950684822     7.7742189483
H       14.3032365957     0.9509715652     6.6899745116
H       20.3275000169     2.7699087025     2.7410162305
H       16.2360474110     0.0721564241     5.5129616844
32
# Point 13 Energy = 0.0
C       20.6942898704     3.6634236729     7.1676602454
H       19.6908015663     3.0849785032     6.0978661227
C       19.4012124532     2.8517951155     7.1406567276
H       18.4058299677     3.0655498450     7.5354204154
H       20.6441681546     1.4492983802     5.4521015958
C       19.8897344969     1.7917629423     6.1483993050
H       19.0868018760     1.0517075082     6.2470462117
H       19.9137225005     1.4280408800     7.1951424939
H       21.6577555999     3.8595865332     6.7224654097
H       20.5633340735     3.0047260459     8.0461121693
H       20.4274551560     4.3129623998     8.0064946653
Si       16.4217878479     3.4241280955     4.3929237824
O       16.2849207311     5.0067525207     4.7492229680
O       17.9308302151     3.1246830483     3.8410051634
O       15.3759627694     3.0103748938     3.2178105863
O       16.1186048921     2.5861125095     5.7432630183
Si       16.4450935874     6.6186461948     4.4214346477
Si       13.9523614271     2.5551198476     2.5015674923
Si       18.8394488511     2.6091381157     2.5495857988
Si       15.7845602245     1.1195589917     6.4586296925
H       17.8260157857     6.9028591265     3.9222522934
H       15.4810862126     6.9746645691     3.3256675268
H       16.2048986575     7.4832005410     5.6414964838
H       12.8107771230     3.2794310753     3.1091100654
H       13.9361587874     2.8647941640     1.0391612419
H       18.4231111668     3.3962767197     1.3578021031
H       13.7299865096     1.0898427231     2.6933907538
H       18.5631842013     1.1656126884     2.2876996604
H       16.4835051597     0.8956225533     7.7732840611
H       14.3076147026     0.9478885670     6.6880491433
H       20.3302824295     2.7812699627     2.7429853794
H       16.2426836032     0.0734932660     5.5114581360
32
# Point 14 Energy = 0.0
C       20.6933349645     3.6525372024     7.1306184819
H       19.7330053013     3.0150055947     6.1210312760
C       19.3961729609     2.8476919449     7.1631270088
H       18.3969362387     3.0859115514     7.5320657359
H       20.6243016991     1.4429471470     5.4512431992
C       19.8841297489     1.8065599644     6.1503496696
H       19.1008057663     1.0533747909     6.2956652277
H       19.8791356505     1.4647274069     7.2057485483
H       21.6567465414     3.8437613336     6.6863286748
H       20.5254609829     3.0172381844     8.0210929003
H       20.4493003285     4.2829788499     7.9906312473
Si       16.4226165277     3.4263465482     4.3935924033
O       16.2825824350     5.0083387489     4.7505609762
O       17.9326213892     3.1309206278     3.8428799769
O       15.3789390001     3.0114814333     3.2181686032
O       16.1208393612     2.5880001841     5.7426460956
Si       16.4394867555     6.6212793049     4.4235025516
Si       13.9559094272     2.5534459860     2.5005773785
Si       18.8436647529     2.6177854292     2.5511285114
Si       15.7892754445     1.1194287764     6.4580499040
H       17.8201274445     6.9084092910     3.9253078367
H       15.4754077770     6.9755985543     3.3273634746
H       16.1967859153     7.4845937705     5.6438505260
H       12.8127407156     3.2751618802     3.1080768512
H       13.9398904909     2.8639279810     1.0384116826
H       18.4261199837     3.4046493448     1.3596775317
H       13.7366045052     1.0876774060     2.6916030558
H       18.5706215173     1.1738566601     2.2885861489
H       16.4878994201     0.8965990408     7.7728000001
H       14.3125511899     0.9447951270     6.6862930929
H       20.3338127509     2.7932497307     2.7457375561
H       16.2501536131     0.0750222041     5.5104492329
32
# Point 15 Energy = 0.0
C       20.6914098545     3.6393087540     7.0928794390
H       19.7695226262     2.9433939139     6.1488495240
C       19.3911684626     2.8442878280     7.1862529607
H       18.3894122417     3.1061221464     7.5301842221
H       20.6007304963     1.4398453689     5.4482941064
C       19.8766400217     1.8226470349     6.1522210752
H       19.1152048178     1.0573848373     6.3432136271
H       19.8433887194     1.5013270922     7.2145731152
H       21.6533899991     3.8252676728     6.6464308881
H       20.4882572549     3.0302260331     7.9953768619
H       20.4733807040     4.2509311035     7.9731634216
Si       16.4239029191     3.4286544922     4.3944908527
O       16.2804412479     5.0100238641     4.7519524775
O       17.9349689778     3.1374232275     3.8451966309
O       15.3825527266     3.0124324829     3.2186883118
O       16.1234898981     2.5900727189     5.7423072931
Si       16.4338874250     6.6239928919     4.4254804707
Si       13.9602391937     2.5513575272     2.4996423695
Si       18.8486646463     2.6267165007     2.5532751627
Si       15.7945345627     1.1195126528     6.4578551585
H       17.8142585324     6.9141812584     3.9284082238
H       15.4698211534     6.9763702236     3.3288200234
H       16.1884199720     7.4861492920     5.6459979279
H       12.8153306963     3.2703767434     3.1069106297
H       13.9445118367     2.8625091181     1.0376871740
H       18.4299370854     3.4131231198     1.3620291640
H       13.7441843459     1.0850929753     2.6899860982
H       18.5790930534     1.1823251739     2.2901868068
H       16.4927108229     0.8980167297     7.7728055918
H       14.3180363439     0.9417321525     6.6847643770
H       20.3380680501     2.8057542217     2.7492558210
H       16.2584219125     0.0767428484     5.5099855536
