32
# Point -15 Energy = 0.0
C       20.6165058028     3.8457210015     7.4242598107
H       19.2619688003     3.7772651882     7.5837620115
C       19.4727641894     2.9275373705     6.8926665227
H       18.6804270421     2.1883615930     6.7088337020
H       20.2597795117     2.2909801257     5.4568482167
C       19.7635113999     1.6411338608     6.1870049692
H       18.9101731993     1.5556442996     5.5054380884
H       20.3282972357     0.7432045578     6.4599416111
H       21.5123692610     4.2535931888     6.9444872509
H       20.8131793337     2.9439320997     8.0136672158
H       20.2529645963     4.3258116191     8.3389443422
Si       16.4507673399     3.3938085202     4.3981634575
O       16.3587593321     4.9891685095     4.6949705687
O       17.9540962617     3.0251631245     3.8534714620
O       15.3909478294     2.9615782901     3.2345502503
O       16.1237581449     2.6060793829     5.7826017499
Si       16.5657395546     6.5809803828     4.3104270951
Si       13.9600540464     2.5224175138     2.5375449709
Si       18.8412589713     2.4385628591     2.5872585234
Si       15.7505211683     1.1840575506     6.5448803606
H       17.9532570193     6.8087422591     3.8011810044
H       15.6109125425     6.9251781604     3.2014831459
H       16.3503545342     7.4970743113     5.4975174587
H       12.8378972987     3.2999601494     3.1158552574
H       13.9515403429     2.7776393363     1.0639982338
H       18.4486427274     3.1928540162     1.3663467488
H       13.6953231300     1.0715585381     2.7824614403
H       18.5239420165     0.9946210590     2.3774542836
H       16.4433817199     0.9866401877     7.8683307582
H       14.2691177665     1.0610959349     6.7811198432
H       20.3380258132     2.5733473465     2.7737321033
H       16.1777426682     0.0895896628     5.6379629029
32
# Point -14 Energy = 0.0
C       20.6253314777     3.8286072098     7.4209645771
H       19.2501919459     3.8291353164     7.5111306133
C       19.4688455509     2.9290983413     6.8914203817
H       18.6648785635     2.1889974313     6.7730959865
H       20.2880393893     2.2532082316     5.4557701506
C       19.7744049085     1.6351103606     6.2014558908
H       18.9190626169     1.5090678523     5.5285073172
H       20.3396454318     0.7503335580     6.5137694257
H       21.5222871890     4.2130061802     6.9239146125
H       20.8294322595     2.9456155606     8.0356594290
H       20.2617120585     4.3590490798     8.3074363148
Si       16.4472481611     3.3954585586     4.3964338179
O       16.3531148555     4.9903063370     4.6972151585
O       17.9509303401     3.0298062350     3.8513417314
O       15.3878490616     2.9649383733     3.2312670080
O       16.1202409472     2.6037455002     5.7791445473
Si       16.5584795889     6.5829231967     4.3166706361
Si       13.9579707557     2.5260182172     2.5327976828
Si       18.8391254210     2.4474053487     2.5842162988
Si       15.7483247964     1.1797701456     6.5373460700
H       17.9459638421     6.8135392758     3.8085054222
H       15.6037160642     6.9289031130     3.2082224299
H       16.3416815117     7.4959223775     5.5059407780
H       12.8346916692     3.3008828788     3.1125858213
H       13.9496662095     2.7848576432     1.0598590795
H       18.4461941399     3.2042365614     1.3649134561
H       13.6946755240     1.0742505030     2.7739996692
H       18.5235239928     1.0035904224     2.3706044450
H       16.4409299121     0.9797501631     7.8606763034
H       14.2669903244     1.0545264989     6.7728384292
H       20.3357337481     2.5833123418     2.7714641565
H       16.1770983430     0.0879291870     5.6279977197
32
# Point -13 Energy = 0.0
C       20.6333265914     3.8099446287     7.4230943605
H       19.2338265134     3.8808041205     7.4228509372
C       19.4655575102     2.9294982316     6.8926912536
H       18.6488326934     2.1956784613     6.8405237193
H       20.3098785152     2.2255116644     5.4486620372
C       19.7810702069     1.6339896659     6.2053505475
H       18.9214784518     1.4749151340     5.5446818464
H       20.3460498273     0.7598481290     6.5468956475
H       21.5312817691     4.1704519125     6.9099668513
H       20.8442808260     2.9463457700     8.0624322018
H       20.2703762413     4.3891763380     8.2788398742
Si       16.4450978958     3.3959063479     4.3963200700
O       16.3491392401     4.9903444912     4.7005660531
O       17.9491804222     3.0327264965     3.8513211752
O       15.3863075743     2.9669965525     3.2294699393
O       16.1175647321     2.6007090942     5.7774524622
Si       16.5533577426     6.5835920141     4.3235880905
Si       13.9575157596     2.5284473896     2.5293144060
Si       18.8385829946     2.4539320506     2.5836920017
Si       15.7464473449     1.1751096245     6.5319137733
H       17.9409869201     6.8165772140     3.8167865272
H       15.5990143951     6.9312424150     3.2152964362
H       16.3350671925     7.4939029533     5.5146991981
H       12.8331546152     3.3010718514     3.1100580894
H       13.9498457966     2.7904578811     1.0569112980
H       18.4458173211     3.2130224954     1.3656754178
H       13.6952553615     1.0759159218     2.7671758439
H       18.5244107894     1.0102640501     2.3666334869
H       16.4384218299     0.9727247250     7.8553512943
H       14.2650959773     1.0480072833     6.7663221988
H       20.3350168055     2.5906625541     2.7720488441
H       16.1767407437     0.0855245384     5.6205794777
32
# Point -12 Energy = 0.0
C       20.6389615009     3.7931313315     7.4259750064
H       19.2252809045     3.9191008592     7.3332226572
C       19.4624308667     2.9301526077     6.8929903661
H       18.6339145517     2.2114251397     6.9096586461
H       20.3344807972     2.1935728560     5.4453549319
C       19.7879784595     1.6316875922     6.2112912985
H       18.9265842237     1.4399247787     5.5624225042
H       20.3496700982     0.7694211224     6.5853015307
H       21.5349463509     4.1330194771     6.8960661405
H       20.8606370551     2.9487337694     8.0861777655
H       20.2790924756     4.4155958521     8.2505017900
Si       16.4427181812     3.3965966543     4.3957064289
O       16.3449095133     4.9905927393     4.7035010291
O       17.9471306541     3.0359779393     3.8505652603
O       15.3843770986     2.9693101100     3.2273197645
O       16.1149081196     2.5978421629     5.7752613078
Si       16.5478537074     6.5844830859     4.3301302018
Si       13.9565848209     2.5311090052     2.5256773369
Si       18.8375686155     2.4608870078     2.5822850124
Si       15.7447699076     1.1705838814     6.5259710560
H       17.9355367996     6.8199152723     3.8245008207
H       15.5937452769     6.9338126655     3.2221613906
H       16.3282145117     7.4920349982     5.5231463774
H       12.8311990682     3.3014144818     3.1075731407
H       13.9493105038     2.7963551033     1.0538335312
H       18.4447480685     3.2222705593     1.3656555774
H       13.6954606979     1.0778045314     2.7601710174
H       18.5248565979     1.0173761529     2.3617643082
H       16.4363262557     0.9658029577     7.8493932812
H       14.2634459405     1.0415517326     6.7595079120
H       20.3338488684     2.5984930720     2.7715330052
H       16.1764901088     0.0833225013     5.6125449631
32
# Point -11 Energy = 0.0
C       20.6437075944     3.7748734361     7.4305282926
H       19.2221788632     3.9545462623     7.2435477582
C       19.4583502888     2.9309554270     6.8930448864
H       18.6182578149     2.2307090563     6.9792187098
H       20.3631267295     2.1639965650     5.4439829737
C       19.7983518555     1.6306571785     6.2172310550
H       18.9375256051     1.4044362793     5.5786655943
H       20.3573131575     0.7819704731     6.6248727334
H       21.5374498818     4.0942035236     6.8841019939
H       20.8757986343     2.9488413295     8.1100472565
H       20.2882045025     4.4389452284     8.2239305608
Si       16.4394763386     3.3973785691     4.3947270112
O       16.3399357552     4.9909727145     4.7058785429
O       17.9442010537     3.0391378016     3.8495205171
O       15.3815753184     2.9716617007     3.2248337675
O       16.1112988976     2.5952569729     5.7727883809
Si       16.5417381339     6.5854418921     4.3359300550
Si       13.9547630333     2.5338397676     2.5217270885
Si       18.8356547189     2.4675303885     2.5806800006
Si       15.7420131788     1.1664622975     6.5199070526
H       17.9295032171     6.8231506338     3.8314765620
H       15.5879148612     6.9363943600     3.2282243128
H       16.3207970199     7.4903913301     5.5307362481
H       12.8284016011     3.3019826286     3.1046575290
H       13.9479351181     2.8021471826     1.0504140784
H       18.4428640133     3.2310926370     1.3653412245
H       13.6946568236     1.0798141686     2.7530193555
H       18.5242946125     1.0241790442     2.3568621880
H       16.4331081807     0.9593874170     7.8433503482
H       14.2607024070     1.0356454372     6.7525546054
H       20.3317877894     2.6059156365     2.7708351429
H       16.1750936002     0.0813846607     5.6045295344
32
# Point -10 Energy = 0.0
C       20.6481057773     3.7584043788     7.4360469638
H       19.2137680301     3.9815328924     7.1464210071
C       19.4556915175     2.9319320664     6.8933833079
H       18.6058358556     2.2558531932     7.0493579090
H       20.3876239412     2.1319197585     5.4416116069
C       19.8038789794     1.6292833532     6.2214412461
H       18.9422484032     1.3730170609     5.5951724491
H       20.3565831641     0.7924535682     6.6610142550
H       21.5379392347     4.0587919196     6.8725485373
H       20.8927247370     2.9512159308     8.1334896066
H       20.2977068735     4.4614445234     8.1975841459
Si       16.4374066777     3.3980149069     4.3942739867
O       16.3359703910     4.9911819211     4.7088100339
O       17.9424398840     3.0423361644     3.8488828071
O       15.3799013427     2.9737620819     3.2229565584
O       16.1090700546     2.5924714643     5.7708493848
Si       16.5364124756     6.5862498797     4.3422886142
Si       13.9540644092     2.5361648925     2.5184953210
Si       18.8348717351     2.4743350481     2.5794117013
Si       15.7408674820     1.1620968367     6.5143855753
H       17.9241885446     6.8264023726     3.8389085192
H       15.5827429359     6.9387272579     3.2349304567
H       16.3141603242     7.4885501708     5.5389082440
H       12.8266854131     3.3020020174     3.1025551335
H       13.9475306886     2.8075511999     1.0477239094
H       18.4419217812     3.2400430531     1.3654094499
H       13.6951673489     1.0813926215     2.7465868035
H       18.5250163378     1.0311183967     2.3523037474
H       16.4316335093     0.9527912641     7.8377866804
H       14.2596060478     1.0293196526     6.7462563814
H       20.3308554792     2.6136708564     2.7703580929
H       16.1753612239     0.0792712960     5.5970129243
32
# Point -9 Energy = 0.0
C       20.6518847608     3.7429993214     7.4427480679
H       19.2026455990     3.9992757368     7.0435939696
C       19.4537503352     2.9331635975     6.8938621467
H       18.5964623793     2.2867264526     7.1196515774
H       20.4103565217     2.0985471924     5.4394645730
C       19.8070954838     1.6280212213     6.2245880716
H       18.9443737350     1.3443968685     5.6114898072
H       20.3510923982     0.8024359527     6.6953095421
H       21.5363094712     4.0259837325     6.8617854473
H       20.9107296223     2.9546368792     8.1563154582
H       20.3074420540     4.4821984079     8.1721659006
Si       16.4359067156     3.3986351652     4.3940898765
O       16.3324900570     4.9913701699     4.7119598201
O       17.9412409810     3.0455936128     3.8484570489
O       15.3787643039     2.9757436547     3.2214184028
O       16.1075332691     2.5896983423     5.7692152913
Si       16.5314530834     6.5870283662     4.3488009214
Si       13.9538950554     2.5382622867     2.5156894628
Si       18.8346198028     2.4812123135     2.5783386532
Si       15.7405426073     1.1577557495     6.5092340898
H       17.9191973311     6.8296913861     3.8464223975
H       15.5778587197     6.9409329508     3.2418290078
H       16.3078951391     7.4867016353     5.5472083241
H       12.8254818762     3.3017403444     3.1009031494
H       13.9475624376     2.8126758521     1.0454571153
H       18.4414004770     3.2489973891     1.3656704286
H       13.6963107013     1.0827429456     2.7406416783
H       18.5263484995     1.0381119973     2.3480061987
H       16.4310607170     0.9463072142     7.8325608997
H       14.2593525872     1.0229353848     6.7404020629
H       20.3304538789     2.6215964980     2.7699992665
H       16.1764699995     0.0771833785     5.5898867029
32
# Point -8 Energy = 0.0
C       20.6549901986     3.7286989976     7.4505003067
H       19.1886100218     4.0064123692     6.9359096643
C       19.4523986749     2.9346793949     6.8944465377
H       18.5905723934     2.3230559786     7.1896004755
H       20.4317449164     2.0639974444     5.4378919114
C       19.8086175592     1.6269043591     6.2269421282
H       18.9446522497     1.3181911863     5.6276003845
H       20.3417401665     0.8122370174     6.7282521952
H       21.5324814447     3.9959816614     6.8516581254
H       20.9297817462     2.9590523451     8.1783081392
H       20.3171223001     4.5012286948     8.1478325276
Si       16.4348672695     3.3993019691     4.3941232216
O       16.3294139215     4.9916048002     4.7152623569
O       17.9404904954     3.0489404892     3.8482007893
O       15.3780517265     2.9776779781     3.2201669662
O       16.1065592359     2.5870181473     5.7678407585
Si       16.5268101866     6.5878379954     4.3553883924
Si       13.9541372213     2.5402233743     2.5132549590
Si       18.8347793239     2.4881651295     2.5774265220
Si       15.7408797572     1.1535325924     6.5044183124
H       17.9144860486     6.8330486460     3.8539429632
H       15.5732233153     6.9430798442     3.2488341500
H       16.3019638697     7.4849209552     5.5555495565
H       12.8246853312     3.3013147524     3.0996360486
H       13.9479232962     2.8175998613     1.0435563397
H       18.4411994084     3.2579552315     1.3660812629
H       13.6979412634     1.0839631210     2.7351410328
H       18.5281455887     1.0451663103     2.3439463628
H       16.4312220060     0.9400277767     7.8276437152
H       14.2597800466     1.0166152273     6.7349526208
H       20.3304650896     2.6296699027     2.7697292067
H       16.1782445266     0.0751984475     5.5831274268
32
# Point -7 Energy = 0.0
C       20.6573189074     3.7155689977     7.4590905111
H       19.1715851934     4.0015672094     6.8248038376
C       19.4514848446     2.9364467405     6.8951003693
H       18.5885031505     2.3644844642     7.2586995549
H       20.4522721201     2.0285071457     5.4372388431
C       19.8091564381     1.6259689137     6.2287594456
H       18.9439781153     1.2939285043     5.6435286025
H       20.3295866635     0.8222444872     6.7602721790
H       21.5263017033     3.9690186376     6.8419088911
H       20.9498402907     2.9645103912     8.1992183533
H       20.3263805257     4.5186431074     8.1246005026
Si       16.4341684126     3.4000653887     4.3943150503
O       16.3266696398     4.9919407583     4.7186514287
O       17.9400611318     3.0523778551     3.8480666127
O       15.3776384732     2.9796426972     3.2191375361
O       16.1059934771     2.5844968358     5.7666684518
Si       16.5224637725     6.5887263436     4.3619794616
Si       13.9546569612     2.5421668277     2.5111189625
Si       18.8352140054     2.4951613957     2.5766359006
Si       15.7416746238     1.1495074773     6.4998845610
H       17.9100456329     6.8364766936     3.8614068991
H       15.5688353180     6.9452403751     3.2558659951
H       16.2963664572     7.4832679271     5.5638554798
H       12.8241817345     3.3008814821     3.0986703334
H       13.9484978894     2.8224358740     1.0419470909
H       18.4412145156     3.2668916254     1.3665962921
H       13.6998780978     1.0851804375     2.7300164072
H       18.5302277967     1.0522574766     2.3400886703
H       16.4318974624     0.9340173160     7.8229874486
H       14.2606784009     1.0104861019     6.7298449464
H       20.3307558424     2.6378135172     2.7695181521
H       16.1804530021     0.0733789954     5.5766885894
32
# Point -6 Energy = 0.0
C       20.6587449721     3.7036841873     7.4682430505
H       19.1515711309     3.9835588506     6.7123352594
C       19.4508422049     2.9383750768     6.8957945059
H       18.5904840142     2.4105819680     7.3264218054
H       20.4724219382     1.9924379348     5.4377789233
C       19.8094597450     1.6252509921     6.2302412624
H       18.9432990171     1.2710880786     5.6593272505
H       20.3157972345     0.8328666469     6.7916574782
H       21.5175727941     3.9453225556     6.8322046239
H       20.9708646608     2.9711442712     8.2187696322
H       20.3348025660     4.5346078787     8.1023586090
Si       16.4336891015     3.4009577973     4.3946040699
O       16.3241992071     4.9924156499     4.7220633695
O       17.9398231444     3.0558749669     3.8480090359
O       15.3773983123     2.9817127786     3.2182578658
O       16.1056664416     2.5821815247     5.7656348392
Si       16.5184262676     6.5897230131     4.3685111019
Si       13.9553172243     2.5442258839     2.5091945297
Si       18.8357843165     2.5021318806     2.5759306775
Si       15.7426899493     1.1457428615     6.4955668996
H       17.9059041845     6.8399471435     3.8687652329
H       15.5647336844     6.9474827673     3.2628509360
H       16.2911399764     7.4817829337     5.5720603267
H       12.8238594663     3.3006214562     3.0979068578
H       13.9491763758     2.8273160630     1.0405416743
H       18.4413512358     3.2757527454     1.3671742815
H       13.7019210052     1.0865384911     2.7251795086
H       18.5323978283     1.0593282643     2.3363949766
H       16.4328268986     0.9283108614     7.8185339478
H       14.2618021245     1.0046721185     6.7249978945
H       20.3311905620     2.6458962561     2.7693454905
H       16.1828230156     0.0717681028     5.5705094429
32
# Point -5 Energy = 0.0
C       20.6591540892     3.6930955463     7.4776745751
H       19.1286205910     3.9516487609     6.6011166706
C       19.4503058663     2.9403369288     6.8965146570
H       18.5966449394     2.4608585627     7.3922204474
H       20.4925766865     1.9562915911     5.4396124966
C       19.8102123962     1.6248042537     6.2314701457
H       18.9434710503     1.2491920386     5.6750415805
H       20.3015332934     0.8444780325     6.8224404351
H       21.5060975542     3.9250755997     6.8222133740
H       20.9928185934     2.9791067718     8.2366791584
H       20.3419785004     4.5492860914     8.0809459180
Si       16.4333213525     3.4019890768     4.3949327046
O       16.3219648236     4.9930457401     4.7254366341
O       17.9396604120     3.0593700816     3.8479919536
O       15.3772203046     2.9839455115     3.2174559430
O       16.1054118409     2.5800995326     5.7646795016
Si       16.5147400828     6.5908352380     4.3749219214
Si       13.9559965040     2.5465230937     2.5073901964
Si       18.8363665652     2.5089705217     2.5752877649
Si       15.7436813216     1.1422836362     6.4914022602
H       17.9021233017     6.8434014615     3.8759754304
H       15.5609934385     6.9498572388     3.2697133297
H       16.2863514517     7.4804862482     5.5800984664
H       12.8236239505     3.3007115612     3.0972373180
H       13.9498717043     2.8323609220     1.0392476627
H       18.4415395970     3.2844492825     1.3677850500
H       13.7038767534     1.0881714717     2.7205376923
H       18.5344675051     1.0662858041     2.3328401526
H       16.4337367304     0.9229231064     7.8142305481
H       14.2628966385     0.9992879146     6.7203279748
H       20.3316497473     2.6537423298     2.7692088938
H       16.1850730139     0.0703880496     5.5645345031
32
# Point -4 Energy = 0.0
C       20.6584848661     3.6837957193     7.4871614716
H       19.1028245541     3.9057981314     6.4941664211
C       19.4497408280     2.9422019836     6.8972678547
H       18.6070503066     2.5147732471     7.4555485073
H       20.5128737177     1.9206935512     5.4425466678
C       19.8118894290     1.6247240946     6.2323366103
H       18.9450503162     1.2279460868     5.6906500385
H       20.2877664384     0.8573443832     6.8522824365
H       21.4917319277     3.9083897960     6.8116969584
H       21.0156793214     2.9884828526     8.2526863513
H       20.3475644046     4.5627727915     8.0602670720
Si       16.4329915556     3.4031423485     4.3952547365
O       16.3199573347     4.9938225450     4.7287111094
O       17.9394939559     3.0627758085     3.8479962723
O       15.3770322236     2.9863612151     3.2166710950
O       16.1050964241     2.5782586444     5.7637575621
Si       16.5114723071     6.5920442471     4.3811427415
Si       13.9566150753     2.5491354373     2.5056251105
Si       18.8368794987     2.5155404770     2.5747065515
Si       15.7444398126     1.1391582068     6.4873509665
H       17.8987900730     6.8467562186     3.8829889497
H       15.5577160755     6.9523785791     3.2763652927
H       16.2820865555     7.4793789031     5.5878905500
H       12.8234183049     3.3012834912     3.0965567493
H       13.9505417379     2.8376365500     1.0379814867
H       18.4417529314     3.2928528217     1.3684152533
H       13.7055977303     1.0901682882     2.7160171584
H       18.5362961149     1.0730038187     2.3294295704
H       16.4343859967     0.9178622374     7.8100509582
H       14.2637424173     0.9944286374     6.7157724254
H       20.3320555851     2.6611507559     2.7691312059
H       16.1869627798     0.0692401318     5.5587392252
32
# Point -3 Energy = 0.0
C       20.6567689770     3.6756829843     7.4966070233
H       19.0743240727     3.8468616767     6.3946822779
C       19.4490698412     2.9438798481     6.8980872818
H       18.6217439408     2.5717547035     7.5159011746
H       20.5330699131     1.8863514537     5.4459995880
C       19.8146090203     1.6251767185     6.2324779665
H       18.9480900569     1.2073927731     5.7059820044
H       20.2750732727     0.8715542484     6.8803987193
H       21.4744380270     3.8952905405     6.8006016929
H       21.0394451179     2.9991886051     8.2665854506
H       20.3513518265     4.5750344186     8.0404201394
Si       16.4326798934     3.4043723495     4.3955422802
O       16.3182003313     4.9947119740     4.7318261947
O       17.9393037526     3.0659893784     3.8480263823
O       15.3768222585     2.9889243485     3.2158649580
O       16.1046499017     2.5766500322     5.7628519791
Si       16.5087022912     6.5933043257     4.3870852399
Si       13.9571599777     2.5520572274     2.5038447287
Si       18.8373094114     2.5216860857     2.5742169848
Si       15.7448374696     1.1363819389     6.4834178494
H       17.8960012055     6.8499131439     3.8897361786
H       15.5550117908     6.9550093975     3.2826947461
H       16.2784303421     7.4784463478     5.5953275237
H       12.8232418706     3.3023787183     3.0957767771
H       13.9512089406     2.8431091172     1.0366824091
H       18.4420232710     3.3007969733     1.3690725913
H       13.7070218424     1.0925341723     2.7115873908
H       18.5378295263     1.0793301886     2.3262158886
H       16.4346161928     0.9131478119     7.8060166166
H       14.2642023974     0.9901599337     6.7113135405
H       20.3323958309     2.6679233340     2.7691653139
H       16.1883480362     0.0683072305     5.5531564678
32
# Point -2 Energy = 0.0
C       20.6541661367     3.6685132012     7.5060991467
H       19.0433702098     3.7767305943     6.3057637934
C       19.4482892876     2.9453661186     6.8990334083
H       18.6407844881     2.6312403663     7.5728581270
H       20.5524665634     1.8540016941     5.4489672205
C       19.8180345792     1.6264284547     6.2312510044
H       18.9520120354     1.1880310098     5.7206254116
H       20.2634717424     0.8869803605     6.9055576743
H       21.4543404938     3.8856801842     6.7891394444
H       21.0641275923     3.0108535657     8.2782675906
H       20.3533491801     4.5858564989     8.0218108156
Si       16.4324279864     3.4056077335     4.3957889685
O       16.3167422171     4.9956572164     4.7347158557
O       17.9391387620     3.0689073582     3.8481127963
O       15.3766490533     2.9915288683     3.2150283033
O       16.1040832588     2.5752543740     5.7619817017
Si       16.5064969626     6.5945458344     4.3926283481
Si       13.9576984567     2.5551673512     2.5020319828
Si       18.8377235104     2.5272500411     2.5738835751
Si       15.7448614094     1.1339633664     6.4796685246
H       17.8938347818     6.8527736345     3.8961093529
H       15.5529694189     6.9576476785     3.2885512376
H       16.2754355844     7.4776654582     5.6022528578
H       12.8231571342     3.3039073110     3.0948346219
H       13.9519684775     2.8486043622     1.0353220315
H       18.4424448957     3.3080842239     1.3697862153
H       13.7082011115     1.0951564562     2.7072803523
H       18.5391277990     1.0850997780     2.3233110271
H       16.4343897215     0.9088309022     7.8022132379
H       14.2642580819     0.9865103201     6.7069979631
H       20.3327358622     2.6738980227     2.7693951671
H       16.1892238059     0.0675596604     5.5478976027
32
# Point -1 Energy = 0.0
C       20.6509896471     3.6618427863     7.5159478594
H       19.0104118664     3.6983783119     6.2300750349
C       19.4474680871     2.9467859909     6.9001887159
H       18.6642570744     2.6927322454     7.6261057406
H       20.5699306350     1.8243521412     5.4500891603
C       19.8213600382     1.6288677010     6.2277631471
H       18.9555975654     1.1708619157     5.7338591859
H       20.2523398852     0.9032884959     6.9261826661
H       21.4317873019     3.8792706159     6.7778488760
H       21.0897230552     3.0227010347     8.2877741020
H       20.3538733196     4.5948088042     8.0052195061
Si       16.4323300156     3.4067593347     4.3960076707
O       16.3156337533     4.9965871061     4.7373012368
O       17.9391099486     3.0714455324     3.8483086493
O       15.3766345712     2.9939930432     3.2141816009
O       16.1034896818     2.5740516890     5.7612028247
Si       16.5048735923     6.5956841676     4.3976052496
Si       13.9583736019     2.5582090547     2.5002113539
Si       18.8382654510     2.5320970734     2.5738021869
Si       15.7446287892     1.1319131358     6.4762359371
H       17.8923097272     6.8552584853     3.9019465329
H       15.5516141445     6.9601235490     3.2937330415
H       16.2730797943     7.4770154717     5.6084470856
H       12.8232798473     3.3056195470     3.0936964665
H       13.9529787097     2.8537824465     1.0339072382
H       18.4431608881     3.3145020937     1.3706013861
H       13.7093106725     1.0977827635     2.7031998215
H       18.5403731393     1.0901545761     2.3208881854
H       16.4338090983     0.9050136137     7.7987972213
H       14.2640263700     0.9834676441     6.7029459938
H       20.3332131098     2.6789866492     2.7699298438
H       16.1897472186     0.0669649802     5.5431618390
32
# Point 0 Energy = 0
C       20.6477110000     3.6549790000     7.5266840000
H       18.9761800000     3.6157410000     6.1694560000
C       19.4467280000     2.9484220000     6.9016430000
H       18.6922510000     2.7558520000     7.6754250000
H       20.5840390000     1.7980300000     5.4478400000
C       19.8234060000     1.6330100000     6.2209870000
H       18.9571360000     1.1573250000     5.7446630000
H       20.2404540000     0.9200090000     6.9405780000
H       21.4074060000     3.8754920000     6.7676150000
H       21.1161610000     3.0334640000     8.2953550000
H       20.3536290000     4.6012450000     7.9917750000
Si       16.4325060000     3.4077350000     4.3962220000
O       16.3148940000     4.9974300000     4.7394840000
O       17.9393640000     3.0735620000     3.8486780000
O       15.3769370000     2.9960700000     3.2133680000
O       16.1030250000     2.5730330000     5.7606000000
Si       16.5037570000     6.5966350000     4.4017980000
Si       13.9593780000     2.5607940000     2.4984440000
Si       18.8391290000     2.5361430000     2.5740860000
Si       15.7443760000     1.1302530000     6.4733110000
H       17.8913405600     6.8573308000     3.9070238400
H       15.5508605600     6.9622108000     3.2979838400
H       16.2712205600     7.4764908000     5.6136238400
H       12.8237502400     3.3071035200     3.0923555200
H       13.9544302400     2.8581435200     1.0324755200
H       18.4443303200     3.3198514400     1.3715668800
H       13.7106302400     1.1000235200     2.6995155200
H       18.5418503200     1.0943714400     2.3191668800
H       16.4331100800     0.9018602400     7.7959848800
H       14.2637500800     0.9809802400     6.6993448800
H       20.3340103200     2.6832114400     2.7708868800
H       16.1902300800     0.0665002400     5.5392248800
32
# Point 1 Energy = 0.0
C       20.6447883480     3.6471523474     7.5388645441
H       18.9413972062     3.5328797978     6.1244883817
C       19.4461787295     2.9505803154     6.9034744002
H       18.7248418422     2.8202012780     7.7207082860
H       20.5935463214     1.7755128078     5.4409288758
C       19.8230917010     1.6393650867     6.2100943115
H       18.9551031710     1.1487322997     5.7520666757
H       20.2266144434     0.9367480215     6.9474689715
H       21.3818872440     3.8736556557     6.7593980633
H       21.1432812142     3.0417736142     8.3014124740
H       20.3534213081     4.6045283554     7.9825675997
Si       16.4330516175     3.4084588670     4.3964581193
O       16.3145070442     4.9981275952     4.7411786689
O       17.9400233941     3.0752460346     3.8492797670
O       15.3776887207     2.9975283666     3.2126342411
O       16.1028324756     2.5721943914     5.7602567298
Si       16.5030237567     6.5973310858     4.4050108548
Si       13.9608790179     2.5625430923     2.4967969730
Si       18.8404825285     2.5393497463     2.5748361517
Si       15.7443405031     1.1290022598     6.4710758105
H       17.8907894210     6.8589845464     3.9111360493
H       15.5505679840     6.9637000369     3.3010750394
H       16.2696654482     7.4760935897     5.6175254996
H       12.8246802415     3.3079441754     3.0908197986
H       13.9564803972     2.8612062208     1.0310718631
H       18.4460762739     3.3239838769     1.3727255510
H       13.7124261085     1.1014950404     2.6963948929
H       18.5438285795     1.0976724986     2.3183466356
H       16.4325363929     0.8995295407     7.7939800523
H       14.2636753344     0.9789812500     6.6963775876
H       20.3352843394     2.6866509224     2.7723672922
H       16.1909894921     0.0661492830     5.5363451987
32
# Point 2 Energy = 0.0
C       20.6427066781     3.6374899455     7.5530505128
H       18.9069410539     3.4537771583     6.0946264232
C       19.4459291092     2.9536302458     6.9057433948
H       18.7620532049     2.8854469561     7.7618976288
H       20.5973012926     1.7571505613     5.4283542239
C       19.8193463236     1.6484796266     6.1944675959
H       18.9480252526     1.1464068784     5.7551888885
H       20.2094650984     0.9532138881     6.9459640112
H       21.3560855018     3.8728753047     6.7542330662
H       21.1708232731     3.0460977301     8.3064974639
H       20.3542552373     4.6040107555     7.9785989138
Si       16.4340425835     3.4088756300     4.3967414179
O       16.3144114104     4.9986384974     4.7423055175
O       17.9411934590     3.0765357303     3.8501636872
O       15.3790034512     2.9981435684     3.2120297608
O       16.1030565954     2.5715414606     5.7602541289
Si       16.5024758961     6.5977265081     4.4070591396
Si       13.9630294031     2.5630624460     2.4953450907
Si       18.8424799749     2.5417488134     2.5761382966
Si       15.7447891830     1.1281807532     6.4697061537
H       17.8904367904     6.8602610381     3.9140834150
H       15.5505095353     6.9643909987     3.3027950456
H       16.2681384567     7.4758383897     5.6199099136
H       12.8261574840     3.3076894999     3.0891133043
H       13.9592595089     2.8624800582     1.0297502304
H       18.4484880595     3.3268184047     1.3741096883
H       13.7149760052     1.1017938762     2.6940087509
H       18.5465861969     1.1000454578     2.3186074215
H       16.4323716211     0.8981875867     7.7929761068
H       14.2640815675     0.9773778195     6.6942272401
H       20.3371758755     2.6894783298     2.7744500929
H       16.1923855169     0.0659080830     5.5347688347
32
# Point 3 Energy = 0.0
C       20.6420463097     3.6248486865     7.5698527846
H       18.8742006959     3.3824163733     6.0781918172
C       19.4460922413     2.9581019633     6.9084543762
H       18.8037197114     2.9514927768     7.7988411761
H       20.5943254052     1.7431835419     5.4095955447
C       19.8110808726     1.6610205263     6.1737499086
H       18.9344434519     1.1518938374     5.7531911674
H       20.1872394899     0.9692848063     6.9356242624
H       21.3312727162     3.8717308199     6.7533483928
H       21.1982823345     3.0444358792     8.3114275754
H       20.3575957383     4.5989195949     7.9807721977
Si       16.4355132883     3.4089662483     4.3970769067
O       16.3144488021     4.9989537673     4.7427586541
O       17.9429438052     3.0775600778     3.8513425637
O       15.3809549295     2.9976824407     3.2115984729
O       16.1038484154     2.5711096147     5.7606603495
Si       16.5017548112     6.5978128180     4.4077228390
Si       13.9659498354     2.5618934413     2.4941768151
Si       18.8452440867     2.5434915170     2.5780329687
Si       15.7460580138     1.1278280946     6.4693752966
H       17.8898864681     6.8612892860     3.9156130556
H       15.5502708294     6.9640801656     3.3029070381
H       16.2661846378     7.4757731171     5.6204981840
H       12.8282169888     3.3057819834     3.0872839386
H       13.9628370160     2.8614033482     1.0285773302
H       18.4515800335     3.3283735738     1.3757080508
H       13.7185827630     1.1004438917     2.6925509767
H       18.5504212379     1.1015861729     2.3200941286
H       16.4329928645     0.8980518827     7.7931563064
H       14.2653259517     0.9760420124     6.6930929324
H       20.3397910420     2.6920439054     2.7771504581
H       16.1948758126     0.0658058352     5.5347388910
32
# Point 4 Energy = 0.0
C       20.6431894275     3.6081780083     7.5896210653
H       18.8445923141     3.3217122881     6.0724359406
C       19.4467367418     2.9644511933     6.9115434787
H       18.8494736908     3.0182319418     7.8313254187
H       20.5842694806     1.7336254039     5.3849209003
C       19.7977117881     1.6775333474     6.1481620684
H       18.9136347648     1.1662635610     5.7457773456
H       20.1585489448     0.9851716220     6.9169209296
H       21.3087357965     3.8686177218     6.7576831359
H       21.2248999141     3.0350647786     8.3171108458
H       20.3647889924     4.5887179974     7.9892941527
Si       16.4374343099     3.4087546662     4.3974520710
O       16.3144184984     4.9990955067     4.7424691806
O       17.9452701707     3.0784933023     3.8527839838
O       15.3835362219     2.9960065999     3.2113653639
O       16.1053005600     2.5709352846     5.7615009714
Si       16.5004739231     6.5976204845     4.4068707972
Si       13.9696682680     2.5587125398     2.4933631865
Si       18.8488038403     2.5448082449     2.5804880875
Si       15.7484158576     1.1279660060     6.4701690131
H       17.8887114615     6.8622385631     3.9155545101
H       15.5494021402     6.9626504482     3.3012865262
H       16.2633438724     7.4759452770     5.6191317632
H       12.8308161136     3.3017907790     3.0853995921
H       13.9671773835     2.8575989156     1.0276132881
H       18.4552689225     3.3287913630     1.3774681577
H       13.7234423236     1.0971012720     2.6921516177
H       18.5555192156     1.1024828184     2.3228340367
H       16.4347214448     0.8992699145     7.7946003810
H       14.2676998019     0.9748367166     6.6930976262
H       20.3431454561     2.6947538017     2.7803991436
H       16.1988289589     0.0658816327     5.5363707807
32
# Point 5 Energy = 0.0
C       20.6461654318     3.5867920917     7.6122927787
H       18.8192829571     3.2730276851     6.0740716520
C       19.4478929790     2.9729299342     6.9148932680
H       18.8987857151     3.0854308524     7.8591275417
H       20.5674211995     1.7281883286     5.3552990979
C       19.7792673433     1.6982857837     6.1185011073
H       18.8857301222     1.1898581032     5.7333717848
H       20.1226791111     1.0013669907     6.8911866780
H       21.2894835998     3.8620524779     6.7675955547
H       21.2497224716     3.0170299765     8.3243698689
H       20.3766835315     4.5733035147     8.0034468495
Si       16.4397384882     3.4082970355     4.3978502259
O       16.3141436928     4.9991032422     4.7414435692
O       17.9481133793     3.0795134236     3.8544226012
O       15.3866790367     2.9931082384     3.2113405643
O       16.1074472449     2.5710325096     5.7627579281
Si       16.4983275486     6.5972051331     4.4045250310
Si       13.9741304371     2.5534155556     2.4929511617
Si       18.8531034475     2.5459637074     2.5834053728
Si       15.7520248180     1.1285736232     6.4720605368
H       17.8865710515     6.8632760076     3.9138921196
H       15.5475404493     6.9600996815     3.2979890255
H       16.2592787402     7.4763748655     5.6158499777
H       12.8338626784     3.2955161165     3.0835501415
H       13.9721630425     2.8509815499     1.0269099087
H       18.4594070875     3.3283215052     1.3793142440
H       13.7296156863     1.0916426472     2.6928462550
H       18.5619254932     1.1029834534     2.3267194810
H       16.4377729734     0.9018555820     7.7972575368
H       14.2713845032     0.9736261904     6.6942565858
H       20.3471762261     2.6979830315     2.7840553253
H       16.2044601133     0.0661631622     5.5396115864
32
# Point 6 Energy = 0.0
C       20.6506056446     3.5605707435     7.6373691135
H       18.7989428197     3.2360783209     6.0799401711
C       19.4495717843     2.9835161902     6.9183681466
H       18.9510623485     3.1526565549     7.8820967097
H       20.5444880929     1.7262760940     5.3220858380
C       19.7562971763     1.7231712408     6.0859608197
H       18.8515643291     1.2222198519     5.7170869051
H       20.0797037393     1.0184936614     6.8603123191
H       21.2739989130     3.8509790965     6.7827216976
H       21.2717507485     2.9904516176     8.3337764821
H       20.3934067744     4.5531040222     8.0216554335
Si       16.4423615002     3.4076620963     4.3982666547
O       16.3135340335     4.9990158878     4.7397821118
O       17.9513983036     3.0807602870     3.8561850502
O       15.3902954840     2.9891087382     3.2115278868
O       16.1102836254     2.5713761334     5.7643822220
Si       16.4951796280     6.5966273901     4.4008831429
Si       13.9792395366     2.5461390701     2.4929623309
Si       18.8580412100     2.5472029792     2.5866497404
Si       15.7569334083     1.1295749632     6.4749185910
H       17.8833065882     6.8645258784     3.9107965837
H       15.5445106354     6.9565369508     3.2932669767
H       16.2538689723     7.4770360252     5.6109128168
H       12.8372621888     3.2870274379     3.0818404843
H       13.9776477416     2.8417818701     1.0265096510
H       18.4638407464     3.3272756456     1.3811753885
H       13.7370452389     1.0841898207     2.6945705119
H       18.5695639312     1.1033468363     2.3315326834
H       16.4422387571     0.9056638969     7.8009586048
H       14.2764409772     0.9722859531     6.6964758340
H       20.3517817890     2.7019981812     2.7879456914
H       16.2118139339     0.0666485647     5.5442487667
32
# Point 7 Energy = 0.0
C       20.6558535578     3.5299824481     7.6640413671
H       18.7836227399     3.2092886665     6.0875947500
C       19.4517825721     2.9959359712     6.9218558004
H       19.0057586531     3.2192823446     7.9002276392
H       20.5162380040     1.7271020946     5.2866083499
C       19.7296128574     1.7517406549     6.0518371189
H       18.8123129537     1.2622612283     5.6984787702
H       20.0303574217     1.0371282632     6.8262893606
H       21.2621675779     3.8349414506     6.8020668228
H       21.2901421530     2.9564701102     8.3455678250
H       20.4144326770     4.5290062374     8.0418505717
Si       16.4452761893     3.4069091553     4.3987175546
O       16.3126135612     4.9988557823     4.7376635592
O       17.9550733969     3.0823085012     3.8580156948
O       15.3943219808     2.9842163480     3.2119308687
O       16.1137918902     2.5718990342     5.7663131203
Si       16.4910902091     6.5959333733     4.3962805881
Si       13.9849062172     2.5372037999     2.4933937479
Si       18.8635200384     2.5487068822     2.5900897017
Si       15.7631009097     1.1308451308     6.4785454341
H       17.8789713239     6.8660458678     3.9065943088
H       15.5403590873     6.9521445957     3.2875184909
H       16.2472267477     7.4778558513     5.6047488294
H       12.8409613552     3.2766137028     3.0803714447
H       13.9835167074     2.8304678489     1.0264413843
H       18.4684674212     3.3259642958     1.3830106195
H       13.7456067828     1.0750546181     2.6971806042
H       18.5782927611     1.1037923175     2.3370050078
H       16.4481010033     0.9104184437     7.8054635486
H       14.2828323898     0.9707089650     6.6995806061
H       20.3568709117     2.7069191927     2.7919147431
H       16.2207985484     0.0672988237     5.5499671274
32
# Point 8 Energy = 0.0
C       20.6611731731     3.4959331962     7.6913938671
H       18.7727964030     3.1904208715     6.0955898510
C       19.4545422396     3.0097515099     6.9252957743
H       19.0624511473     3.2845514385     7.9136892119
H       20.4831700171     1.7298903229     5.2498405208
C       19.6999863902     1.7833461816     6.0172574993
H       18.7690945654     1.3085907655     5.6792210160
H       19.9757402709     1.0576826884     6.7908068978
H       21.2534062818     3.8140686869     6.8242692972
H       21.3043834101     2.9168924883     8.3596645083
H       20.4388744693     4.5021541442     8.0619310914
Si       16.4485063489     3.4060707962     4.3992382348
O       16.3115072875     4.9986188553     4.7353061320
O       17.9591332548     3.0841612901     3.8598916228
O       15.3987456352     2.9786644721     3.2125533372
O       16.1179608443     2.5725003823     5.7684940710
Si       16.4862783586     6.5951414596     4.3911159111
Si       13.9910852992     2.5270133705     2.4942194202
Si       18.8694857436     2.5505703248     2.5936297635
Si       15.7704360780     1.1322280490     6.4827240573
H       17.8737922981     6.8678248062     3.9016950578
H       15.5353164326     6.9471246246     3.2811977835
H       16.2396389758     7.4787261687     5.5978591911
H       12.8449693287     3.2646784061     3.0792172844
H       13.9897265138     2.8176099462     1.0267143726
H       18.4732680861     3.3246417986     1.3848203153
H       13.7551683760     1.0646370777     2.7004869807
H       18.5879671506     1.1044663010     2.3428805857
H       16.4552682468     0.9157704144     7.8105187666
H       14.2904635158     0.9688048274     6.7033568808
H       20.3623980695     2.7127262031     2.7958631869
H       16.2312463883     0.0680401324     5.5564228696
32
# Point 9 Energy = 0.0
C       20.6659422422     3.4595406471     7.7185777769
H       18.7655253727     3.1771832444     6.1034339037
C       19.4578754122     3.0244576666     6.9286847606
H       19.1208497872     3.3476528575     7.9228027033
H       20.4453517424     1.7340604371     5.2122848198
C       19.6679411210     1.8173158951     5.9830414330
H       18.7227123739     1.3598373929     5.6608504561
H       19.9170058511     1.0803769213     6.7550560014
H       21.2468890702     3.7889307311     6.8478902222
H       21.3143668707     2.8737622956     8.3757529425
H       20.4658028825     4.4737195237     8.0801069366
Si       16.4521203602     3.4051442866     4.3998741414
O       16.3104047423     4.9982713964     4.7329274778
O       17.9636195279     3.0862595328     3.8618225866
O       15.4036065834     2.9726600909     3.2133963536
O       16.1227934910     2.5730567123     5.7708796738
Si       16.4810562952     6.5942370411     4.3857799234
Si       13.9977866133     2.5159619740     2.4953931642
Si       18.8759396364     2.5528034042     2.5972220508
Si       15.7788307875     1.1335536277     6.4872526922
H       17.8681005485     6.8697941805     3.8965183063
H       15.5297258014     6.9416544180     3.2747353893
H       16.2314835960     7.4795178191     5.5907296436
H       12.8493536337     3.2516377317     3.0784122538
H       13.9963120018     2.8037605509     1.0273150298
H       18.4783063709     3.3234772287     1.3866416861
H       13.7656281456     1.0533314305     2.7042851753
H       18.5984789172     1.1054319534     2.3489553997
H       16.4636119760     0.9213541660     7.8158974978
H       14.2992164889     0.9664933247     6.7075863340
H       20.3683735150     2.7192927014     2.7997592897
H       16.2429688416     0.0687708167     5.5632993344
32
# Point 10 Energy = 0.0
C       20.6697622427     3.4219223880     7.7449133974
H       18.7606823379     3.1676655679     6.1113286722
C       19.4618119102     3.0395536633     6.9320621166
H       19.1807679562     3.4077873985     7.9279890083
H       20.4024316436     1.7393350348     5.1740330555
C       19.6336767182     1.8530948745     5.9496880630
H       18.6735766253     1.4148858207     5.6446287471
H       19.8551261108     1.1052780903     6.7197274773
H       21.2417642866     3.7603482888     6.8716356257
H       21.3203621571     2.8290079362     8.3933874971
H       20.4944548187     4.4447148508     8.0950609750
Si       16.4562142369     3.4040910465     4.4006701681
O       16.3095210273     4.9977518954     4.7307161877
O       17.9686073811     3.0884971688     3.8638398327
O       15.4089832689     2.9663544014     3.2144552037
O       16.1283062013     2.5734316644     5.7734354052
Si       16.4757663632     6.5931736362     4.3806085696
Si       14.0050641952     2.5043761770     2.4968545796
Si       18.8829290439     2.5553457308     2.6008586980
Si       15.7881821358     1.1346498912     6.4919618857
H       17.8622630349     6.8718441495     3.8914392058
H       15.5239710441     6.9358615872     3.2684895900
H       16.2231574379     7.4800920395     5.5837739899
H       12.8542201883     3.2378524314     3.0779512998
H       14.0033667651     2.7893793925     1.0282095578
H       18.4837040777     3.3225496152     1.3885334108
H       13.7769251667     1.0414662387     2.7083790841
H       18.6097670826     1.1066760550     2.3550869148
H       16.4729961277     0.9268242095     7.8214175275
H       14.3089755211     0.9636973210     6.7120693238
H       20.3748524965     2.7264240171     2.8036253591
H       16.2557909964     0.0693694175     5.5703349311
32
# Point 11 Energy = 0.0
C       20.6724835253     3.3840458916     7.7699280847
H       18.7571674543     3.1605758694     6.1198499768
C       19.4663849872     3.0545851193     6.9354859801
H       19.2420687309     3.4642151348     7.9297077612
H       20.3537577295     1.7457612616     5.1349178540
C       19.5970996967     1.8903236161     5.9174382544
H       18.6217596512     1.4729978159     5.6314985865
H       19.7907644069     1.1323613518     6.6851164741
H       21.2373073404     3.7292186785     6.8944848633
H       21.3229217764     2.7842224019     8.4120845299
H       20.5243143127     4.4158815085     8.1059703756
Si       16.4608928510     3.4028419588     4.4016616742
O       16.3090660804     4.9969765198     4.7288167111
O       17.9741868029     3.0907375482     3.8659805115
O       15.4149709715     2.9598340703     3.2157179515
O       16.1345243051     2.5734840046     5.7761337460
Si       16.4707347575     6.5918784878     4.3758602309
Si       14.0129947561     2.4924909202     2.4985371050
Si       18.8905266139     2.5580856178     2.6045538363
Si       15.7984041815     1.1353508338     6.4967184502
H       17.8566315753     6.8738393127     3.8867574119
H       15.5184214611     6.9298167076     3.2627274281
H       16.2150286834     7.4803088155     5.5773087975
H       12.8596883933     3.2235961547     3.0778010130
H       14.0110113694     2.7748035422     1.0293509755
H       18.4896073982     3.3218587163     1.3905566241
H       13.7890315920     1.0292791699     2.7125964400
H       18.6218082799     1.1081246919     2.3611837293
H       16.4832977698     0.9318744930     7.8269422399
H       14.3196410537     0.9603385469     6.7166373824
H       20.3819143965     2.7338904157     2.8075110835
H       16.2695676962     0.0697028229     5.5773292775
32
# Point 12 Energy = 0.0
C       20.6741566765     3.3466636026     7.7933296858
H       18.7540675187     3.1552273169     6.1296413355
C       19.4716267072     3.0691529409     6.9390079924
H       19.3046148238     3.5162817060     7.9284086378
H       20.2985644202     1.7536578963     5.0947115929
C       19.5579417000     1.9288452865     5.8863913991
H       18.5671618843     1.5337954138     5.6221348452
H       19.7242818321     1.1615815103     6.6513045700
H       21.2329753513     3.6963973740     6.9157092905
H       21.3227585888     2.7406043372     8.4313793472
H       20.5550733903     4.3876688315     8.1124118420
Si       16.4662513645     3.4013075538     4.4028681805
O       16.3092249353     4.9958476280     4.7273281853
O       17.9804416739     3.0928281624     3.8682720261
O       15.4216577398     2.9531328907     3.2171641386
O       16.1414724232     2.5730734611     5.7789471442
Si       16.4662469851     6.5902619694     4.3717181483
Si       14.0216506785     2.4804606800     2.5003735744
Si       18.8988035510     2.5608803870     2.6083215512
Si       15.8094247721     1.1354998761     6.5014161702
H       17.8515151094     6.8756321406     3.8826925067
H       15.5134007176     6.9235439943     3.2576337347
H       16.2074171492     7.4800320920     5.5715594301
H       12.8658659444     3.2090625001     3.0779136225
H       14.0193579594     2.7602627205     1.0306858131
H       18.4961522687     3.3213478268     1.3927575511
H       13.8019294809     1.0169274967     2.7167915661
H       18.6345913526     1.1096641241     2.3671811324
H       16.4944114050     0.9362394237     7.8323665648
H       14.3311281483     0.9563376136     6.7211518140
H       20.3896366757     2.7414496553     2.8114634466
H       16.2841773722     0.0696335877     5.5841285212
32
# Point 13 Energy = 0.0
C       20.6749674083     3.3102870909     7.8149731469
H       18.7507648023     3.1514416330     6.1411983907
C       19.4775636655     3.0829197865     6.9426552254
H       19.3682304987     3.5634457663     7.9244958201
H       20.2361358711     1.7635429863     5.0532829547
C       19.5158788167     1.9686847253     5.8565997828
H       18.5096652575     1.5972075106     5.6169966893
H       19.6557852945     1.1929256195     6.6183026192
H       21.2284182496     3.6626128346     6.9348556088
H       21.3206301959     2.6989466050     8.4508651625
H       20.5865756409     4.3602486098     8.1142668896
Si       16.4723611485     3.3993895284     4.4042898255
O       16.3101437145     4.9942637343     4.7263061592
O       17.9874336960     3.0946149915     3.8707212297
O       15.4291060890     2.9462461152     3.2187646113
O       16.1491664314     2.5720681629     5.7818431712
Si       16.4625312774     6.5882282581     4.3682962685
Si       14.0310793792     2.4683750128     2.5023007576
Si       18.9078089315     2.5635753329     2.6121598394
Si       15.8211814214     1.1349552895     6.5059679753
H       17.8471608633     6.8770760852     3.8793848649
H       15.5091657213     6.9170344509     3.2533222276
H       16.2005817483     7.4791364288     5.5666693704
H       12.8728300085     3.1943777372     3.0782384956
H       14.0284836597     2.7458991144     1.0321597740
H       18.5034383925     3.3209258109     1.3951556593
H       13.8155921229     1.0045032498     2.7208465080
H       18.6480968352     1.1111606764     2.3730219714
H       16.5062501544     0.9396959391     7.8376053903
H       14.3433634873     0.9516177086     6.7255016085
H       20.3980747240     2.7488664377     2.8155048222
H       16.2995150926     0.0690287677     5.5906125402
32
# Point 14 Energy = 0.0
C       20.6751668668     3.2752002297     7.8348168861
H       18.7469735359     3.1493786744     6.1547475918
C       19.4842121325     3.0956106856     6.9464199814
H       19.4326805126     3.6052968983     7.9183115904
H       20.1659359769     1.7760533401     5.0107065081
C       19.4706409541     2.0100048036     5.8281442962
H       18.4492632824     1.6633803797     5.6163895795
H       19.5852137989     1.2264497074     6.5861642740
H       21.2234512074     3.6284217229     6.9516942720
H       21.3172451558     2.6596778518     8.4702070524
H       20.6187543620     4.3335615267     8.1116220218
Si       16.4792605151     3.3969921610     4.4059061331
O       16.3119219743     4.9921293512     4.7257674542
O       17.9951916572     3.0959549707     3.8733085569
O       15.4373412011     2.9391468713     3.2204813553
O       16.1576065480     2.5703515969     5.7847808643
Si       16.4597511622     6.5856858490     4.3656495967
Si       14.0412899599     2.4562785798     2.5042609177
Si       18.9175559822     2.5660203043     2.6160408170
Si       15.8336150169     1.1335952008     6.5102977179
H       17.8437459153     6.8780368953     3.8769038115
H       15.5058972586     6.9102608604     3.2498495169
H       16.1947160507     7.4775131050     5.5627142224
H       12.8806156292     3.1796192509     3.0787290049
H       14.0384144180     2.7317925709     1.0337205495
H       18.5115135631     3.3204880399     1.3977377803
H       13.8299702848     0.9920530598     2.7246677736
H       18.6622819128     1.1124787958     2.3786422645
H       16.5187419582     0.9420633934     7.8425827791
H       14.3562796213     0.9461097969     6.7295980639
H       20.4072484625     2.7559272740     2.8196202533
H       16.3154837235     0.0677682528     5.5966818733
32
# Point 15 Energy = 0.0
C       20.6750134390     3.2414961556     7.8528821438
H       18.7427157169     3.1493564527     6.1702126084
C       19.4915736651     3.1070110632     6.9502577279
H       19.4976702481     3.6415652754     7.9101342400
H       20.0876899438     1.7918677016     4.9673134883
C       19.4220899328     2.0530539227     5.8011798711
H       18.3861407533     1.7325827397     5.6205186981
H       19.5124308016     1.2622949724     6.5550569494
H       21.2180098638     3.5941983197     6.9661570433
H       21.3132005337     2.6229317719     8.4891406396
H       20.6515831477     4.3073770488     8.1046833206
Si       16.4869507559     3.3940315393     4.4076768861
O       16.3146104157     4.9893628907     4.7256963414
O       18.0037068549     3.0967254263     3.8759872239
O       15.4463464463     2.9318004004     3.2222675261
O       16.1667728430     2.5678279658     5.7877088925
Si       16.4580047165     6.5825560006     4.3637856292
Si       14.0522483252     2.4441893139     2.5062010077
Si       18.9280166218     2.5680823940     2.6199078579
Si       15.8466640200     1.1313213416     6.5143336459
H       17.8413764551     6.8784011117     3.8752593880
H       15.5036995178     6.9031907303     3.2472282048
H       16.1899486752     7.4750747247     5.5597160744
H       12.8892118410     3.1648328516     3.0793446241
H       14.0491201488     2.7179834236     1.0353181020
H       18.5203688158     3.3199332123     1.4004580848
H       13.8449859189     0.9795962507     2.7281807756
H       18.6770734922     1.1134951895     2.3839636928
H       16.5318237202     0.9432023605     7.8472243187
H       14.3698092400     0.9397572657     6.7333683487
H       20.4171368934     2.7624509067     2.8237544596
H       16.3319868364     0.0657512762     5.6022475456
