32
# Point -15 Energy = 0.0
C       19.7808319414     3.3189987017     6.7491295667
H       18.6373135082     1.6787985831     8.3230965778
C       18.9337717354     2.6144575368     7.8013790934
H       19.4829854258     2.3236489634     8.7049330336
H       17.7727328534     3.1979196689     6.0737190851
C       18.6960560163     2.6361262586     6.2945149768
H       18.6087417434     1.6459420900     5.8360992069
H       19.5070877147     3.1820065837     5.7871242246
H       19.2704913603     4.2109328053     6.3491086432
H       19.9409974313     2.6828686493     5.8664721930
H       20.7631839656     3.6122626189     7.1331631261
Si       16.8540590096     3.3470451162     4.3846758087
O       16.7728845978     4.9455343392     4.7074214743
O       18.3851786826     3.0092409889     3.9045724725
O       15.8159108424     2.9622720459     3.1810159186
O       16.4114705369     2.5684349419     5.7495273722
Si       17.0054729764     6.5221177433     4.2951421710
Si       14.3572500312     2.5109602128     2.5658549446
Si       19.2695945383     2.3794774590     2.6566305812
Si       16.1031387145     1.2010189554     6.6081680306
H       18.3983525535     6.7357076887     3.7884441693
H       16.0589134349     6.8584824311     3.1785077942
H       16.7932621826     7.4546010399     5.4700723681
H       13.2503895708     3.3027574934     3.1589917249
H       14.3469001110     2.7607447559     1.1029772793
H       18.8892999305     3.1053577489     1.4051596232
H       14.0757424823     1.0623162861     2.8268850322
H       18.9660007594     0.9220081136     2.4474325926
H       16.7878839307     1.0273877829     7.9556584522
H       14.6296746963     1.1148739895     6.8366286765
H       20.7716923200     2.5127068102     2.8332756822
H       16.5307150025     0.0662935974     5.7513834643
32
# Point -14 Energy = 0.0
C       19.8373390567     3.3752330103     6.7720507500
H       18.5256133743     1.8070983074     8.3921677846
C       18.9698005082     2.6081900456     7.7624892110
H       19.5236695026     2.2934121694     8.6552414093
H       17.8768115329     3.2134073975     5.9969516514
C       18.7463717569     2.5849443012     6.2531812757
H       18.5766536515     1.5852979388     5.8394988847
H       19.6063602500     3.0332744425     5.7309271070
H       19.2882676146     4.2195482697     6.3235959714
H       20.1220617275     2.7485872817     5.9145246901
H       20.7569267064     3.7527703363     7.2310946399
Si       16.8315275201     3.3428840469     4.3921779316
O       16.7539027223     4.9407888712     4.7179424080
O       18.3612774774     2.9978535475     3.9133210904
O       15.7975446788     2.9599458014     3.1841240322
O       16.3875549178     2.5595356602     5.7539117278
Si       16.9926169336     6.5184494121     4.3135615174
Si       14.3431799468     2.5151880683     2.5541612709
Si       19.2485485157     2.3714793459     2.6660485234
Si       16.0681509215     1.1854887341     6.5984354607
H       18.3882833997     6.7293690015     3.8137357868
H       16.0519399952     6.8625495674     3.1941918605
H       16.7783671951     7.4470047259     5.4912812750
H       13.2341766284     3.3080798706     3.1415584144
H       14.3421702237     2.7685084734     1.0910576826
H       18.8760512504     3.1050772027     1.4173097229
H       14.0568748847     1.0666564050     2.8092810655
H       18.9387719596     0.9168958598     2.4504111106
H       16.7477527112     1.0023687671     7.9463132526
H       14.5930537916     1.0995936445     6.8214833046
H       20.7501247662     2.4977204589     2.8501974012
H       16.4962344788     0.0561010353     5.7349371457
32
# Point -13 Energy = 0.0
C       19.8703371503     3.4316634094     6.7803890054
H       18.4062845233     1.9676923422     8.4107182394
C       19.0109926353     2.6017046841     7.7266763382
H       19.5624295037     2.2550898582     8.6092213013
H       17.9949730096     3.2233583572     5.9200040944
C       18.7981724836     2.5282395299     6.2171614366
H       18.5356795485     1.5293734351     5.8516577382
H       19.7019202313     2.8636583122     5.6840647010
H       19.2795279300     4.2207443127     6.2872268311
H       20.2642087289     2.8227382230     5.9540291007
H       20.7214762027     3.8935034026     7.2918107563
Si       16.8149390401     3.3383250747     4.4038637110
O       16.7406627117     4.9355233975     4.7331273947
O       18.3432822496     2.9865715545     3.9258805403
O       15.7845596047     2.9579731027     3.1916902538
O       16.3698354623     2.5500241024     5.7624132448
Si       16.9851357154     6.5143621429     4.3370760649
Si       14.3343582236     2.5201746710     2.5473841450
Si       19.2333871781     2.3640700055     2.6790367198
Si       16.0393958808     1.1694890435     6.5926315654
H       18.3834273032     6.7229483309     3.8439322011
H       16.0501199057     6.8663507867     3.2152945209
H       16.7688786366     7.4386149905     5.5178612139
H       13.2235248487     3.3139124853     3.1299110890
H       14.3420826510     2.7777607772     1.0842473749
H       18.8683665588     3.1055589012     1.4333296474
H       14.0433650107     1.0716628463     2.7959509118
H       18.9177532440     0.9124110743     2.4566391398
H       16.7139066718     0.9767820851     7.9407704806
H       14.5626906555     1.0839258256     6.8103242813
H       20.7343794943     2.4835741517     2.8704717114
H       16.4679276060     0.0455207835     5.7223696057
32
# Point -12 Energy = 0.0
C       19.9277494468     3.4460239955     6.7805952453
H       18.3401899099     2.1405158359     8.3984073100
C       19.0358308423     2.6191931960     7.6984996262
H       19.5705444612     2.2412370739     8.5778835099
H       18.1173832477     3.2209224413     5.8360020167
C       18.8447487470     2.4797616241     6.1920499321
H       18.4983484671     1.4938769651     5.8765285538
H       19.7806976129     2.6971067149     5.6673640758
H       19.3475965073     4.1951961281     6.2231956043
H       20.3958827212     2.8239821921     6.0101378322
H       20.7237808134     3.9561820724     7.3275164318
Si       16.7909353738     3.3411935423     4.4156860262
O       16.7118838254     4.9378746406     4.7455906565
O       18.3208949753     2.9889521885     3.9437878992
O       15.7689789538     2.9575641702     3.1972509293
O       16.3440227453     2.5484943471     5.7711137576
Si       16.9561630457     6.5182931276     4.3560394488
Si       14.3267821173     2.5197577021     2.5354738642
Si       19.2204753560     2.3722849067     2.7012582507
Si       16.0058708030     1.1618661185     6.5884686973
H       18.3575329210     6.7299660980     3.8734783826
H       16.0286656510     6.8721705722     3.2285426783
H       16.7301848130     7.4391826475     5.5376384248
H       13.2093034561     3.3104250446     3.1090308980
H       14.3460374898     2.7796571201     1.0721012184
H       18.8633443994     3.1178716524     1.4563187905
H       14.0366728519     1.0703962775     2.7786928064
H       18.9063548656     0.9217725501     2.4735828408
H       16.6718152779     0.9650047039     7.9392686943
H       14.5273135695     1.0709045950     6.7962285652
H       20.7196335278     2.4921883404     2.9043421837
H       16.4423618048     0.0434834154     5.7150902093
32
# Point -11 Energy = 0.0
C       19.9850655726     3.4574086408     6.7774058765
H       18.2704769062     2.3179901137     8.3607129131
C       19.0607499866     2.6393077446     7.6715468581
H       19.5714430245     2.2273313657     8.5500709942
H       18.2448125051     3.2148313414     5.7526855658
C       18.8907764579     2.4316095177     6.1701946282
H       18.4584428369     1.4648292496     5.9036371276
H       19.8545607907     2.5265685740     5.6594732061
H       19.4193213895     4.1683480619     6.1589513295
H       20.5184331675     2.8206502906     6.0633502252
H       20.7304605985     4.0116959318     7.3527432109
Si       16.7675794899     3.3444575827     4.4284729895
O       16.6828819047     4.9406164871     4.7587811697
O       18.2993967742     2.9925307749     3.9628933246
O       15.7542184820     2.9571384595     3.2038162166
O       16.3190973446     2.5474165771     5.7808793559
Si       16.9261382152     6.5226834171     4.3755451270
Si       14.3203212771     2.5187023779     2.5246257205
Si       19.2089330618     2.3820212519     2.7249317564
Si       15.9737786618     1.1547748432     6.5855801928
H       18.3304789588     6.7381163434     3.9036993530
H       16.0061078382     6.8778242174     3.2422212383
H       16.6898276786     7.4402313861     5.5577714947
H       13.1958944725     3.3058100839     3.0891670107
H       14.3509899137     2.7809129588     1.0610629670
H       18.8594173132     3.1313215673     1.4806378703
H       14.0317674757     1.0683736736     2.7625308069
H       18.8971861513     0.9324516024     2.4921630986
H       16.6310292694     0.9543506837     7.9391539186
H       14.4934220393     1.0578366798     6.7831708143
H       20.7061161619     2.5031803899     2.9398269024
H       16.4188548799     0.0419798104     5.7094620970
32
# Point -10 Energy = 0.0
C       20.0514130377     3.4705765676     6.7850873372
H       18.2159332029     2.5086319220     8.2937136747
C       19.0842905415     2.6610762591     7.6414456514
H       19.5570740139     2.2123455116     8.5233189205
H       18.3825775042     3.1919943054     5.6642101796
C       18.9375470793     2.3787740656     6.1495634107
H       18.4197761937     1.4424393495     5.9286235052
H       19.9197483485     2.3465135697     5.6667599151
H       19.5144983416     4.1481620815     6.1068260829
H       20.6478252580     2.8226532616     6.1339254915
H       20.7417682872     4.0614302512     7.3921779449
Si       16.7422955362     3.3475827275     4.4394284884
O       16.6516396461     4.9431931156     4.7700879459
O       18.2758499979     2.9965589221     3.9794058719
O       15.7366947589     2.9566432993     3.2093098458
O       16.2931611868     2.5463071088     5.7891604830
Si       16.8931083274     6.5269506820     4.3929692757
Si       14.3108597410     2.5174389154     2.5138073958
Si       19.1949228992     2.3924800752     2.7456910690
Si       15.9413599138     1.1478549999     6.5815576328
H       18.3000203343     6.7465582617     3.9311093796
H       15.9798611337     6.8830448158     3.2543479782
H       16.6468026923     7.4411025495     5.5758379460
H       13.1798338599     3.3006977213     3.0702012744
H       14.3518016617     2.7821652061     1.0501498692
H       18.8520889093     3.1452747405     1.5022244253
H       14.0243710581     1.0660734182     2.7464584928
H       18.8860247482     0.9437291929     2.5080995113
H       16.5905356347     0.9442450800     7.9375965671
H       14.4593853691     1.0447998921     6.7695977298
H       20.6901061051     2.5154586927     2.9716293574
H       16.3948052780     0.0405454387     5.7028427068
32
# Point -9 Energy = 0.0
C       20.1310034749     3.4878296523     6.8119387511
H       18.1769540120     2.7094695014     8.1874254288
C       19.1062838316     2.6848400478     7.6056330334
H       19.5217896447     2.1978186778     8.4961366030
H       18.5382966079     3.1459307518     5.5676823249
C       18.9906214609     2.3183196756     6.1291230563
H       18.3899436480     1.4233954523     5.9477008093
H       19.9822070736     2.1555196620     5.6941071203
H       19.6429678369     4.1382072193     6.0732108348
H       20.7920038754     2.8326837631     6.2347972682
H       20.7562404256     4.1075288491     7.4597843710
Si       16.7133100288     3.3508376373     4.4472875286
O       16.6167367793     4.9459177353     4.7781138708
O       18.2482022388     3.0010937917     3.9912615337
O       15.7139375577     2.9562642587     3.2130336624
O       16.2650971734     2.5456255203     5.7950288169
Si       16.8556279401     6.5313362228     4.4065936691
Si       14.2954792434     2.5161851326     2.5031191797
Si       19.1756546535     2.4034868860     2.7610224875
Si       15.9077728434     1.1416772838     6.5758366203
H       18.2644982161     6.7553306565     3.9531895869
H       15.9478857672     6.8880387062     3.2636468428
H       16.6004130550     7.4421983286     5.5901629578
H       13.1585478230     3.2954813424     3.0527367248
H       14.3448007260     2.7834246434     1.0393773980
H       18.8379655742     3.1594517158     1.5186486617
H       14.0115496091     1.0637737404     2.7309303729
H       18.8697891119     0.9554362881     2.5192150540
H       16.5502222989     0.9353400403     7.9337138140
H       14.4244421104     1.0325288219     6.7557781559
H       20.6689676089     2.5287206289     2.9964066082
H       16.3687683495     0.0396093666     5.6945222129
32
# Point -8 Energy = 0.0
C       20.2271844027     3.5116180143     6.8699880886
H       18.1590987414     2.9158605557     8.0319485223
C       19.1274229363     2.7111819910     7.5595152442
H       19.4587873288     2.1871484137     8.4643166808
H       18.7236881408     3.0671072402     5.4610682696
C       19.0580514642     2.2458408951     6.1078621684
H       18.3792485694     1.4022570935     5.9555328276
H       20.0498371752     1.9516200458     5.7488296549
H       19.8181267780     4.1413005845     6.0684198998
H       20.9576736772     2.8534379337     6.3881996741
H       20.7661598092     4.1531770061     7.5720950613
Si       16.6784946466     3.3547978950     4.4499275262
O       16.5766366654     4.9494323160     4.7806015903
O       18.2138347835     3.0063889944     3.9948854941
O       15.6825583432     2.9565070927     3.2138655858
O       16.2339600173     2.5462188495     5.7969182262
Si       16.8120852252     6.5363849084     4.4136849024
Si       14.2699777971     2.5155312260     2.4928446260
Si       19.1472152603     2.4149560976     2.7665004222
Si       15.8725653701     1.1372514478     6.5674398724
H       18.2219264454     6.7646756766     3.9657830557
H       15.9074949252     6.8933210197     3.2681933009
H       16.5503616511     7.4442912571     5.5981551566
H       13.1284483059     3.2910173898     3.0380361141
H       14.3244208083     2.7850143779     1.0288960101
H       18.8120460754     3.1736315319     1.5256747554
H       13.9890794559     1.0621474374     2.7167493592
H       18.8440729846     0.9674990217     2.5215987833
H       16.5109418485     0.9287463004     7.9259568865
H       14.3882692200     1.0222926683     6.7422181653
H       20.6390738838     2.5426756155     3.0082575451
H       16.3392378642     0.0399711029     5.6832018905
32
# Point -7 Energy = 0.0
C       20.3361731683     3.5415760635     6.9684818504
H       18.1712007625     3.1184434904     7.8160644201
C       19.1504764680     2.7411797998     7.4975734821
H       19.3625109092     2.1881253292     8.4208818109
H       18.9537840739     2.9456359593     5.3487675144
C       19.1496179503     2.1577195692     6.0872267713
H       18.4000898309     1.3734246828     5.9468862820
H       20.1300164384     1.7360234778     5.8418192415
H       20.0474707788     4.1539161268     6.1039117625
H       21.1374120618     2.8828458746     6.6181486452
H       20.7549507548     4.2014686591     7.7330795556
Si       16.6369357097     3.3605326364     4.4454147049
O       16.5310421686     4.9548625625     4.7755727718
O       18.1711986137     3.0132797532     3.9863711901
O       15.6399953318     2.9583520066     3.2111974661
O       16.2005124625     2.5493747494     5.7935541061
Si       16.7619176062     6.5431500413     4.4117648331
Si       14.2307341714     2.5164816375     2.4842237152
Si       19.1063843776     2.4274561286     2.7570250059
Si       15.8372840783     1.1359905503     6.5557850345
H       18.1712169834     6.7754282759     3.9645200574
H       15.8566478123     6.8998914470     3.2666280566
H       16.4977525678     7.4486267805     5.5976037497
H       13.0866641191     3.2885068436     3.0287326561
H       14.2851760947     2.7877093211     1.0197972721
H       18.7695779185     3.1882572782     1.5185241849
H       13.9534517778     1.0622579845     2.7057154664
H       18.8051490322     0.9804847442     2.5107226772
H       16.4760061005     0.9259839230     7.9129588668
H       14.3525957460     1.0156835229     6.7303176890
H       20.5975778783     2.5577615601     3.0001127346
H       16.3064568526     0.0428712211     5.6677817856
32
# Point -6 Energy = 0.0
C       20.4416212677     3.5728170601     7.1016303361
H       18.2241201407     3.2985458839     7.5393929851
C       19.1800500207     2.7751356597     7.4169404761
H       19.2364588529     2.2128603093     8.3572798826
H       19.2350744813     2.7797855008     5.2491090742
C       19.2698355443     2.0560656185     6.0733500288
H       18.4611290639     1.3348231657     5.9203618256
H       20.2208416176     1.5207462878     5.9818079231
H       20.3178800049     4.1624612146     6.1838882568
H       21.2974626845     2.9125327973     6.9286874706
H       20.7034229178     4.2552637423     7.9149963718
Si       16.5911714495     3.3689609836     4.4339057941
O       16.4828665116     4.9630995670     4.7634878751
O       18.1223597723     3.0226470436     3.9644976516
O       15.5877325222     2.9628791555     3.2060225525
O       16.1684521936     2.5558814273     5.7852974625
Si       16.7078412913     6.5525530415     4.4013067087
Si       14.1785250305     2.5202401928     2.4793831624
Si       19.0540994501     2.4419489357     2.7304649571
Si       15.8061375133     1.1386049775     6.5414247022
H       18.1147090568     6.7884786014     3.9486602280
H       15.7970795533     6.9088430794     3.2602700720
H       16.4464120977     7.4560190872     5.5893350708
H       13.0344683554     3.2891561075     3.0280350652
H       14.2265951724     2.7928449090     1.0141893952
H       18.7104746362     3.2044461004     1.4954637762
H       13.9055398198     1.0652973927     2.7000188013
H       18.7536451090     0.9953963218     2.4845442790
H       16.4507933119     0.9275800851     7.8946801365
H       14.3217764168     1.0134669112     6.7219393111
H       20.5456480790     2.5748353482     2.9685436464
H       16.2737566608     0.0490854915     5.6482500812
32
# Point -5 Energy = 0.0
C       20.5211218422     3.5998418857     7.2379352267
H       18.3184371620     3.4301550976     7.2311161538
C       19.2183503405     2.8102027472     7.3237536911
H       19.1003300419     2.2687458656     8.2707052678
H       19.5445627103     2.5861833087     5.1905358574
C       19.4071779123     1.9517432891     6.0753128980
H       18.5568585961     1.2891785389     5.8840964499
H       20.3050179783     1.3304959458     6.1614543238
H       20.5870409336     4.1504985265     6.2907676132
H       21.3912462774     2.9367490105     7.2732520217
H       20.6128505334     4.3179636792     8.0577650765
Si       16.5476893272     3.3794160831     4.4197274687
O       16.4384192264     4.9733018595     4.7494952291
O       18.0741924247     3.0338961760     3.9352006655
O       15.5337305706     2.9702469130     3.2013205159
O       16.1426278147     2.5643319526     5.7753600087
Si       16.6568185057     6.5639355002     4.3887016933
Si       14.1221138415     2.5275509608     2.4793781009
Si       18.9985422229     2.4584353042     2.6935323404
Si       15.7828447066     1.1432894519     6.5263290713
H       18.0598673853     6.8032441894     3.9263894109
H       15.7371685938     6.9202985527     3.2547168378
H       16.4020658818     7.4651589343     5.5799309816
H       12.9801129915     3.2935405706     3.0360803112
H       14.1592049080     2.8019933535     1.0134083290
H       18.6444898242     3.2229633712     1.4633215255
H       13.8536504341     1.0719153980     2.6995170828
H       18.6978428082     1.0124157077     2.4485778104
H       16.4373841133     0.9308588804     7.8736557596
H       14.2993619910     1.0139214632     6.7172614008
H       20.4911568315     2.5935658056     2.9220655385
H       16.2457018691     0.0572636772     5.6265006980
32
# Point -4 Energy = 0.0
C       20.5675448680     3.6234451164     7.3429175475
H       18.4346991233     3.4996697094     6.9385347387
C       19.2619975949     2.8413163228     7.2299583301
H       18.9787697699     2.3483734230     8.1684992366
H       19.8383960330     2.3907536325     5.1862753419
C       19.5397548136     1.8560372349     6.0967576042
H       18.6683751342     1.2389112804     5.8529370337
H       20.3649210826     1.1841397105     6.3561138162
H       20.8137061892     4.1171262788     6.3943241951
H       21.4069489006     2.9630412030     7.5817249755
H       20.5113674497     4.3901105047     8.1211834371
Si       16.5117792264     3.3896574716     4.4082680220
O       16.4025166234     4.9830237970     4.7398257787
O       18.0331477231     3.0447411228     3.9078886680
O       15.4866387021     2.9793518868     3.1994084548
O       16.1243632302     2.5715971235     5.7673080707
Si       16.6151207092     6.5750527919     4.3819665994
Si       14.0720772145     2.5382030890     2.4822694024
Si       18.9494138834     2.4752852525     2.6578380063
Si       15.7662220837     1.1464784553     6.5120358510
H       18.0142617572     6.8174390555     3.9098209223
H       15.6864776118     6.9330770651     3.2557379481
H       16.3679427707     7.4730096632     5.5773027910
H       12.9328689124     3.3013513650     3.0482549642
H       14.0977633079     2.8159856423     1.0158844031
H       18.5849819622     3.2431625655     1.4333396401
H       13.8073398247     1.0818150366     2.7004569749
H       18.6477319898     1.0301712967     2.4125600455
H       16.4307607796     0.9311086790     7.8530311283
H       14.2836559038     1.0137339949     6.7136025182
H       20.4431553509     2.6117609047     2.8765282946
H       16.2232800740     0.0643713245     5.6046106197
32
# Point -3 Energy = 0.0
C       20.5914679236     3.6464314368     7.4093220462
H       18.5519686670     3.5223013414     6.6928489073
C       19.3071652110     2.8660852500     7.1421232755
H       18.8841118522     2.4375429309     8.0595601556
H       20.0869274266     2.2115176132     5.2237811398
C       19.6514216727     1.7742584310     6.1310233536
H       18.7741850107     1.1888091958     5.8338772952
H       20.3940065825     1.0807241373     6.5400597538
H       20.9900071414     4.0754096725     6.4815629271
H       21.3707068889     2.9987122007     7.8224915762
H       20.4241247030     4.4641580126     8.1166719389
Si       16.4843116890     3.3976522919     4.4013406347
O       16.3755342336     4.9901930382     4.7362930159
O       18.0009444655     3.0532001125     3.8869151436
O       15.4493883124     2.9883349999     3.2002760303
O       16.1121783786     2.5754566631     5.7622014132
Si       16.5838021208     6.5838650303     4.3834637575
Si       14.0325653224     2.5504726751     2.4855616637
Si       18.9105476787     2.4906675213     2.6292340016
Si       15.7534715172     1.1458927613     6.4988234207
H       17.9797709530     6.8290506068     3.9037302554
H       15.6479884261     6.9453043019     3.2641591204
H       16.3430968443     7.4773777766     5.5834930585
H       12.8959338822     3.3108152858     3.0601795604
H       14.0489670559     2.8332866153     1.0192047779
H       18.5378959161     3.2633754626     1.4108483805
H       13.7703194283     1.0932591131     2.6997178573
H       18.6075051046     1.0468773509     2.3816545893
H       16.4258412733     0.9258659091     7.8341881862
H       14.2714966997     1.0106302124     6.7087021302
H       20.4051199406     2.6275265052     2.8403421635
H       16.2052082779     0.0682475445     5.5835138298
32
# Point -2 Energy = 0.0
C       20.6075513099     3.6642339169     7.4536365793
H       18.6704044576     3.5373389773     6.4985672971
C       19.3533532034     2.8880929723     7.0596933237
H       18.8128631496     2.5303556148     7.9453883267
H       20.2852121247     2.0570290556     5.2814528830
C       19.7340028182     1.7101999507     6.1644557361
H       18.8560580044     1.1542520104     5.8155673172
H       20.3855612886     1.0072649274     6.6947505874
H       21.1355603954     4.0312632856     6.5650758997
H       21.3073263356     3.0316960602     8.0080542475
H       20.3632701626     4.5263209137     8.0817706993
Si       16.4637604884     3.4025319219     4.3978652975
O       16.3548040033     4.9941314829     4.7365060790
O       17.9763171942     3.0591301171     3.8713196650
O       15.4206348741     2.9945711190     3.2032196521
O       16.1052671306     2.5758728808     5.7597299899
Si       16.5589817759     6.5895466138     4.3894458016
Si       14.0024940820     2.5601079132     2.4890149328
Si       18.8810045907     2.5040935447     2.6071240728
Si       15.7449383273     1.1418590060     6.4875973566
H       17.9523234802     6.8378957605     3.9040267379
H       15.6174241255     6.9545348472     3.2760009585
H       16.3230884699     7.4782393052     5.5940520973
H       12.8676752921     3.3173032558     3.0710684837
H       14.0114266400     2.8484540959     1.0228701390
H       18.5015871816     3.2818292792     1.3946272999
H       13.7425942042     1.1019888725     2.6982933463
H       18.5772659875     1.0616250663     2.3564817232
H       16.4232831605     0.9170613440     7.8181744933
H       14.2633097379     1.0040041091     6.7037224538
H       20.3760641337     2.6416609611     2.8126580557
H       16.1925724701     0.0688128190     5.5649538271
32
# Point -1 Energy = 0.0
C       20.6264276257     3.6663551501     7.4943074838
H       18.8103770061     3.5764123469     6.3338352672
C       19.4007060012     2.9152125513     6.9797008202
H       18.7510308507     2.6347278265     7.8187836192
H       20.4461772830     1.9243414827     5.3515218358
C       19.7874978211     1.6656978556     6.1899299395
H       18.9103919051     1.1494284189     5.7815956736
H       20.3305767443     0.9528459536     6.8199236851
H       21.2751813644     3.9693698793     6.6637673210
H       21.2222520964     3.0397189570     8.1645276732
H       20.3392048209     4.5683385124     8.0436213036
Si       16.4473536294     3.4052478349     4.3962552170
O       16.3355713519     4.9959894722     4.7372987071
O       17.9566226554     3.0650449271     3.8587434041
O       15.3973024951     2.9963075535     3.2077940867
O       16.1030197001     2.5747386911     5.7594771363
Si       16.5334014343     6.5931627935     4.3949189335
Si       13.9788769205     2.5626394948     2.4936418582
Si       18.8579924389     2.5180233242     2.5890394983
Si       15.7425953374     1.1365185584     6.4797055024
H       17.9239688473     6.8464734926     3.9044223069
H       15.5861738764     6.9593486708     3.2865630950
H       16.3002990976     7.4775940489     5.6032498663
H       12.8444504953     3.3153719539     3.0819636499
H       13.9807005518     2.8554976659     1.0275639313
H       18.4712528383     3.2991819975     1.3816574580
H       13.7233718872     1.1033960147     2.6989018567
H       18.5560649794     1.0761891951     2.3362894544
H       16.4263792886     0.9091825344     7.8060952518
H       14.2614035367     0.9941511809     6.7012541862
H       20.3531699500     2.6589311287     2.7897634682
H       16.1881857695     0.0678625325     5.5510518692
32
# Point 0 Energy = 0
C       20.6477110000     3.6549790000     7.5266840000
H       18.9761800000     3.6157410000     6.1694560000
C       19.4467280000     2.9484220000     6.9016430000
H       18.6922510000     2.7558520000     7.6754250000
H       20.5840390000     1.7980300000     5.4478400000
C       19.8234060000     1.6330100000     6.2209870000
H       18.9571360000     1.1573250000     5.7446630000
H       20.2404540000     0.9200090000     6.9405780000
H       21.4074060000     3.8754920000     6.7676150000
H       21.1161610000     3.0334640000     8.2953550000
H       20.3536290000     4.6012450000     7.9917750000
Si       16.4325060000     3.4077350000     4.3962220000
O       16.3148940000     4.9974300000     4.7394840000
O       17.9393640000     3.0735620000     3.8486780000
O       15.3769370000     2.9960700000     3.2133680000
O       16.1030250000     2.5730330000     5.7606000000
Si       16.5037570000     6.5966350000     4.4017980000
Si       13.9593780000     2.5607940000     2.4984440000
Si       18.8391290000     2.5361430000     2.5740860000
Si       15.7443760000     1.1302530000     6.4733110000
H       17.8913405600     6.8573308000     3.9070238400
H       15.5508605600     6.9622108000     3.2979838400
H       16.2712205600     7.4764908000     5.6136238400
H       12.8237502400     3.3071035200     3.0923555200
H       13.9544302400     2.8581435200     1.0324755200
H       18.4443303200     3.3198514400     1.3715668800
H       13.7106302400     1.1000235200     2.6995155200
H       18.5418503200     1.0943714400     2.3191668800
H       16.4331100800     0.9018602400     7.7959848800
H       14.2637500800     0.9809802400     6.6993448800
H       20.3340103200     2.6832114400     2.7708868800
H       16.1902300800     0.0665002400     5.5392248800
32
# Point 1 Energy = 0.0
C       20.6672342741     3.6419998737     7.5399252572
H       19.1518727565     3.6187090036     5.9992805712
C       19.4894739383     2.9817177581     6.8257838906
H       18.6424819423     2.8843701220     7.5174724508
H       20.7012017874     1.6721391287     5.5800919523
C       19.8517607169     1.6043157574     6.2709372024
H       19.0115505339     1.1526172767     5.7281677593
H       20.1371720719     0.9153183992     7.0734703104
H       21.5173279440     3.7597876340     6.8581137676
H       20.9992973529     3.0419046268     8.3919273586
H       20.3973293393     4.6355263860     7.9123043423
Si       16.4183791915     3.4103573086     4.3977331383
O       16.2935673407     4.9984454456     4.7451757513
O       17.9234785268     3.0841766345     3.8410228422
O       15.3585790717     2.9969895515     3.2190276588
O       16.1032010058     2.5696574911     5.7618541770
Si       16.4726472728     6.6001733418     4.4144337686
Si       13.9427683574     2.5602510199     2.5015061915
Si       18.8230692239     2.5587381165     2.5616616895
Si       15.7464898338     1.1213824398     6.4650933758
H       17.8574271357     6.8698459048     3.9169055911
H       15.5147582678     6.9658563402     3.3148584915
H       16.2391029610     7.4737221666     5.6306710417
H       12.8050090296     3.2985845067     3.1010341721
H       13.9321038984     2.8640834669     1.0360952483
H       18.4206086693     3.3461716452     1.3647235452
H       13.7015006892     1.0975769007     2.6961330239
H       18.5317922897     1.1171535549     2.3024489353
H       16.4391094961     0.8908731274     7.7843966537
H       14.2663546205     0.9641005069     6.6940813485
H       20.3173298256     2.7129048227     2.7560242725
H       16.1940012351     0.0638517415     5.5248095806
32
# Point 2 Energy = 0.0
C       20.6815677934     3.6386693251     7.5306700917
H       19.3198085844     3.5666873185     5.8309896092
C       19.5290948457     3.0077626839     6.7511295439
H       18.6080811270     3.0042223865     7.3488543605
H       20.7985567656     1.5527139120     5.7456807950
C       19.8787584184     1.5765767548     6.3429135560
H       19.0773546273     1.1219589016     5.7457049409
H       20.0397057321     0.9401248821     7.2200614157
H       21.5973384887     3.6452177463     6.9288611616
H       20.8831546484     3.0863597606     8.4527937183
H       20.4536014422     4.6749185803     7.8012729393
Si       16.4051924978     3.4120826361     4.4004232701
O       16.2741670977     4.9978346495     4.7554837788
O       17.9086381298     3.0942419423     3.8348970590
O       15.3416651354     3.0006802957     3.2241529963
O       16.1027661339     2.5627789603     5.7621458701
Si       16.4449071526     6.6025819233     4.4353891021
Si       13.9277489979     2.5653944198     2.5019982453
Si       18.8085193645     2.5830820369     2.5503051056
Si       15.7461922957     1.1079819387     6.4526518090
H       17.8273771898     6.8812822230     3.9366942558
H       15.4830482721     6.9714824249     3.3402364544
H       16.2102394656     7.4672768519     5.6577718853
H       12.7880853496     3.2952718960     3.1079844735
H       13.9126571970     2.8790945286     1.0379029102
H       18.3997255120     3.3770860949     1.3604721698
H       13.6925823460     1.1006489160     2.6865850704
H       18.5224784869     1.1425023784     2.2833834885
H       16.4415197697     0.8720817567     7.7686014787
H       14.2662758937     0.9435107364     6.6831247857
H       20.3020886475     2.7429489951     2.7436479264
H       16.1950831914     0.0582441440     5.5043810931
32
# Point 3 Energy = 0.0
C       20.6864412582     3.6527041571     7.5019153131
H       19.4726582046     3.4570428563     5.6739713676
C       19.5674799945     3.0203793424     6.6755725844
H       18.5908776402     3.1012171996     7.1710672537
H       20.8812748237     1.4486011706     5.9355236625
C       19.9086134839     1.5498267520     6.4323499180
H       19.1539783303     1.0652111145     5.7981122173
H       19.9581297962     0.9902164679     7.3730275975
H       21.6485105188     3.5539767979     6.9871523738
H       20.7689880527     3.1767907227     8.4829323021
H       20.5026736139     4.7207940775     7.6594515580
Si       16.3937296594     3.4113958515     4.4040361718
O       16.2597583678     4.9940731919     4.7708549451
O       17.8949002671     3.1005876248     3.8290373556
O       15.3257296593     3.0075386600     3.2289668931
O       16.1022018392     2.5506951742     5.7610181015
Si       16.4255064738     6.6021933191     4.4656693310
Si       13.9128562823     2.5788350821     2.5008290430
Si       18.7941300737     2.6054038695     2.5380845004
Si       15.7424818607     1.0886225760     6.4351190426
H       17.8062508181     6.8883785871     3.9667125793
H       15.4605165605     6.9791124357     3.3758876607
H       16.1914482103     7.4552541160     5.6963651657
H       12.7728101137     3.3009911950     3.1150490515
H       13.8941994092     2.9064363588     1.0390168842
H       18.3806449697     3.4098204788     1.3575032806
H       13.6805822609     1.1121398078     2.6712950539
H       18.5105303718     1.1671727328     2.2596312595
H       16.4398276266     0.8426245907     7.7471720503
H       14.2624113176     0.9196154964     6.6664152048
H       20.2872832076     2.7675543694     2.7310049152
H       16.1905555334     0.0480958238     5.4764207222
32
# Point 4 Energy = 0.0
C       20.6778054138     3.6832307504     7.4611036836
H       19.6157870646     3.2975810369     5.5359653194
C       19.6070978511     3.0185461108     6.5966027829
H       18.5895873283     3.1704093988     6.9808674332
H       20.9555908487     1.3688659153     6.1395322214
C       19.9431188255     1.5280479963     6.5301491006
H       19.2409620477     0.9932066530     5.8755458750
H       19.8916503184     1.0610598797     7.5200426966
H       21.6753073841     3.4944138779     7.0498914117
H       20.6452002032     3.3064274012     8.4869519866
H       20.5346586556     4.7686492883     7.4954127639
Si       16.3847456674     3.4074935391     4.4084166755
O       16.2521240535     4.9865034615     4.7905657499
O       17.8824414605     3.1015780430     3.8222350833
O       15.3104313311     3.0168394598     3.2344026439
O       16.1029003441     2.5332620110     5.7588254076
Si       16.4167592834     6.5980681694     4.5037732562
Si       13.8969940553     2.6002879787     2.5003010556
Si       18.7788848468     2.6231861336     2.5233723705
Si       15.7365718203     1.0637441581     6.4137122956
H       17.7961330639     6.8893594756     4.0042603550
H       15.4488141784     6.9877860434     3.4210091322
H       16.1863823106     7.4372668648     5.7447013599
H       12.7588894362     3.3161940677     3.1251086821
H       13.8747064327     2.9452617301     1.0417339956
H       18.3618188574     3.4415279603     1.3542821835
H       13.6638066527     1.1320361509     2.6533209269
H       18.4940521754     1.1887353813     2.2303988469
H       16.4361442358     0.8031777195     7.7207818173
H       14.2560573500     0.8936325277     6.6464337232
H       20.2721424764     2.7836050952     2.7151902943
H       16.1804146271     0.0333177206     5.4422742301
32
# Point 5 Energy = 0.0
C       20.6539824134     3.7231772640     7.4152642774
H       19.7547868420     3.1014833796     5.4255897927
C       19.6497404530     3.0061696207     6.5131493115
H       18.6038340732     3.2141833975     6.7760311879
H       21.0218289789     1.3201514692     6.3456063715
C       19.9798565324     1.5168387952     6.6257749111
H       19.3342843921     0.9209148066     5.9649441971
H       19.8335251065     1.1487994056     7.6474775661
H       21.6787714756     3.4628107593     7.1302614140
H       20.4997377698     3.4572851684     8.4643713013
H       20.5531466579     4.8102322776     7.3239270652
Si       16.3790332018     3.4005110902     4.4137166510
O       16.2515858159     4.9754970079     4.8132190517
O       17.8719098421     3.0975018945     3.8142686606
O       15.2962628208     3.0271729965     3.2416004931
O       16.1065642582     2.5118185136     5.7566368617
Si       16.4182384228     6.5902675345     4.5466238013
Si       13.8805491149     2.6270955855     2.5027090771
Si       18.7631076611     2.6358749820     2.5060964509
Si       15.7310092120     1.0353349377     6.3911448130
H       17.7962679946     6.8843814076     4.0453371239
H       15.4469354206     6.9960472609     3.4726743328
H       16.1947853386     7.4144453786     5.7988827565
H       12.7466994116     3.3383103231     3.1402465071
H       13.8538740021     2.9914730560     1.0481313839
H       18.3427766192     3.4702699026     1.3502081046
H       13.6432456847     1.1578477998     2.6365110368
H       18.4738371323     1.2063089821     2.1972036122
H       16.4336459777     0.7573547617     7.6919888326
H       14.2499416229     0.8671499509     6.6267808725
H       20.2569995623     2.7913914197     2.6952466151
H       16.1672167892     0.0152008709     5.4055409259
32
# Point 6 Energy = 0.0
C       20.6179900372     3.7637942192     7.3689667930
H       19.8874273082     2.8887702855     5.3511516530
C       19.6960220104     2.9900539709     6.4263398002
H       18.6342989399     3.2378844156     6.5600117303
H       21.0731541566     1.3022999085     6.5399123475
C       20.0117239427     1.5200614912     6.7093212625
H       19.4229799774     0.8624045572     6.0532301546
H       19.7743042095     1.2486750409     7.7441397102
H       21.6572717707     3.4486080133     7.2303523407
H       20.3324464895     3.6084118981     8.4125875424
H       20.5711681074     4.8388001514     7.1621655801
Si       16.3773412207     3.3911599655     4.4203726984
O       16.2572272086     4.9620554494     4.8372810755
O       17.8644073754     3.0899921431     3.8061148918
O       15.2845753035     3.0367651341     3.2514181223
O       16.1146568391     2.4884026975     5.7558883176
Si       16.4274302470     6.5795857322     4.5907224412
Si       13.8654332493     2.6551626683     2.5093091753
Si       18.7485701360     2.6445107049     2.4879405068
Si       15.7286645142     1.0059032224     6.3706571135
H       17.8038889540     6.8750908631     4.0862266738
H       15.4521508235     7.0023425370     3.5268431279
H       16.2131137811     7.3888239283     5.8543193797
H       12.7373700515     3.3627926053     3.1607200647
H       13.8335050202     3.0392032429     1.0590917069
H       18.3246301844     3.4952161783     1.3459605573
H       13.6222412981     1.1854737185     2.6238830046
H       18.4531833708     1.2203081848     2.1634642077
H       16.4352701966     0.7100042749     7.6643957416
H       14.2471104454     0.8413943457     6.6107794755
H       20.2434116309     2.7937813532     2.6727996062
H       16.1550118001     -0.0044309012     5.3707985570
32
# Point 7 Energy = 0.0
C       20.5747910024     3.8002530663     7.3235317206
H       20.0068653543     2.6819733239     5.3141931887
C       19.7458451658     2.9756001129     6.3382029783
H       18.6806108913     3.2440466958     6.3401006968
H       21.1020030852     1.3076479572     6.7139885347
C       20.0313800533     1.5371383359     6.7749848443
H       19.4955702086     0.8245377602     6.1302385557
H       19.7054002289     1.3551575489     7.8053312420
H       21.6091842199     3.4428105722     7.3430779447
H       20.1536362601     3.7473581410     8.3306872667
H       20.5990476572     4.8535604031     7.0219515854
Si       16.3802231277     3.3800741841     4.4289277157
O       16.2679873280     4.9470425071     4.8619323206
O       17.8609641707     3.0806231173     3.7991159545
O       15.2767291605     3.0443199952     3.2643176376
O       16.1280683242     2.4644759831     5.7577621153
Si       16.4418748664     6.5668538457     4.6339558080
Si       13.8536679868     2.6812867476     2.5203709942
Si       18.7372107136     2.6504523422     2.4709366847
Si       15.7315727671     0.9770505029     6.3545720812
H       17.8164286218     6.8632189774     4.1250662692
H       15.4620417187     7.0057025306     3.5806991354
H       16.2376784232     7.3620673937     5.9081366442
H       12.7320601471     3.3859137914     3.1858082840
H       13.8158504219     3.0840581908     1.0745694751
H       18.3089717580     3.5163979628     1.3427233659
H       13.6040826007     1.2115899664     2.6168275165
H       18.4354929086     1.2315406268     2.1322811421
H       16.4428203379     0.6644657726     7.6408330970
H       14.2496934917     0.8167500371     6.6003683362
H       20.2330839214     2.7937282514     2.6502986558
H       16.1471436770     -0.0243946438     5.3413735688
32
# Point 8 Energy = 0.0
C       20.5261971276     3.8330410950     7.2770777453
H       20.1105098674     2.4967334781     5.3079468436
C       19.7989684133     2.9639440015     6.2500829512
H       18.7405515619     3.2295267410     6.1225743028
H       21.1058034376     1.3281563007     6.8692364807
C       20.0360221263     1.5645615196     6.8226840933
H       19.5488866393     0.8054029033     6.1918358988
H       19.6222054529     1.4641651201     7.8325333119
H       21.5326323366     3.4436810862     7.4588954243
H       19.9725885041     3.8731588545     8.2184322997
H       20.6364778750     4.8582505647     6.9053557688
Si       16.3879867224     3.3674225722     4.4398923550
O       16.2836764868     4.9306794472     4.8875015355
O       17.8620875016     3.0698970411     3.7941519209
O       15.2733897142     3.0496664566     3.2805780260
O       16.1470493352     2.4402470361     5.7628152217
Si       16.4610234033     6.5523662900     4.6765197536
Si       13.8461799039     2.7048956594     2.5358628428
Si       18.7299357169     2.6543157878     2.4561755453
Si       15.7402406696     0.9488815734     6.3435487378
H       17.8333626601     6.8493769377     4.1623314774
H       15.4761957016     7.0060768665     3.6341425326
H       16.2674449451     7.3345656048     5.9604245679
H       12.7314025782     3.4069111367     3.2151737988
H       13.8020783761     3.1253531487     1.0944647011
H       18.2967334285     3.5342463389     1.3413899925
H       13.5899968649     1.2355414243     2.6153871589
H       18.4221267884     1.2404712611     2.1047919544
H       16.4565937658     0.6211466170     7.6221892455
H       14.2582009008     0.7929499636     6.5958912710
H       20.2268337827     2.7922781033     2.6291717840
H       16.1445980119     -0.0446089312     5.3181058171
32
# Point 9 Energy = 0.0
C       20.4717591513     3.8643089493     7.2256419318
H       20.2018589215     2.3392574410     5.3233345435
C       19.8545318981     2.9535118468     6.1629950393
H       18.8107699856     3.1885656812     5.9128017455
H       21.0855895246     1.3613485054     7.0121082108
C       20.0266948254     1.5995172045     6.8559972276
H       19.5869042218     0.7994728708     6.2402810634
H       19.5244416176     1.5743038839     7.8298302168
H       21.4263067939     3.4534482910     7.5677770527
H       19.7954735164     3.9889117648     8.0747940953
H       20.6775235063     4.8568455618     6.8081205010
Si       16.4004075653     3.3530687551     4.4536310776
O       16.3042920517     4.9127218351     4.9149094554
O       17.8676160373     3.0576263633     3.7917883629
O       15.2745068866     3.0533841017     3.3002011751
O       16.1709221579     2.4151203389     5.7710325538
Si       16.4852445798     6.5359653544     4.7199618964
Si       13.8429982983     2.7271807289     2.5553438512
Si       18.7267684221     2.6562483432     2.4442216462
Si       15.7535840927     0.9206133862     6.3369688545
H       17.8552168168     6.8333240814     4.1999668158
H       15.4952943628     7.0039045506     3.6886525738
H       16.3026773775     7.3057494760     6.0129985826
H       12.7354633567     3.4269887291     3.2484239778
H       13.7926136924     3.1648561418     1.1184646467
H       18.2883339235     3.5494421629     1.3427488580
H       13.5796475699     1.2585205989     2.6185097410
H       18.4129116474     1.2474050528     2.0809452320
H       16.4751808804     0.5786380774     7.6079092961
H       14.2714769314     0.7694099975     6.5963632561
H       20.2246696220     2.7892319059     2.6103610702
H       16.1463003650     -0.0655899816     5.3000808089
32
# Point 10 Energy = 0.0
C       20.4198635960     3.8925874442     7.1658578503
H       20.2846595352     2.2115678494     5.3550590291
C       19.9111050938     2.9454541700     6.0788351021
H       18.8928445577     3.1364795238     5.7151855628
H       21.0318054594     1.4026497436     7.1466922597
C       19.9959715889     1.6416826862     6.8778930505
H       19.6004204817     0.8069994551     6.2788723327
H       19.4040271577     1.6878180850     7.7996703114
H       21.2971487861     3.4634592565     7.6593463062
H       19.6379072542     4.0979928458     7.9011677179
H       20.7321951407     4.8481333570     6.7254426912
Si       16.4166940779     3.3365713493     4.4704256889
O       16.3278637102     4.8925347584     4.9448643209
O       17.8772451269     3.0445022782     3.7928910740
O       15.2800131922     3.0547628291     3.3228746321
O       16.1988636809     2.3880938053     5.7823121700
Si       16.5116564872     6.5171988902     4.7655583738
Si       13.8446132061     2.7468406776     2.5777613050
Si       18.7282809512     2.6579121342     2.4362002151
Si       15.7714561477     0.8908022960     6.3341047267
H       17.8791606762     6.8156123831     4.2399666050
H       15.5166570385     6.9984442028     3.7451795410
H       16.3394132846     7.2746626514     6.0672910983
H       12.7440159593     3.4439723123     3.2842358849
H       13.7883625644     3.2017014875     1.1456287075
H       18.2842970512     3.5637331124     1.3480011107
H       13.5743512711     1.2790631514     2.6245639693
H       18.4094764353     1.2539159912     2.0612696725
H       16.4980557608     0.5355483026     7.5975091926
H       14.2893615854     0.7436902752     6.6003363369
H       20.2269982696     2.7871411109     2.5957254213
H       16.1531954720     -0.0882264158     5.2864430997
32
# Point 11 Energy = 0.0
C       20.3762867250     3.9205329434     7.0982179878
H       20.3614310093     2.0972392178     5.3964378514
C       19.9606102006     2.9358282531     5.9999840191
H       18.9564005819     3.0482198894     5.5553433380
H       20.9815087004     1.4620464774     7.2744068402
C       19.9701330971     1.6895002276     6.9013068944
H       19.6192404458     0.8155046034     6.3267387629
H       19.2990291288     1.8043544515     7.7688785134
H       21.1747391255     3.4802558302     7.7215999152
H       19.5114123018     4.2019147532     7.7239264574
H       20.7856127521     4.8374595491     6.6423473068
Si       16.4303264417     3.3193591836     4.4868297568
O       16.3486359408     4.8714465289     4.9748187473
O       17.8852319473     3.0306303668     3.7960191574
O       15.2846962361     3.0567454731     3.3431860402
O       16.2214907758     2.3599879945     5.7923822748
Si       16.5362950709     6.4974503419     4.8120761004
Si       13.8465186907     2.7684004345     2.5953045584
Si       18.7303332904     2.6592129462     2.4316012303
Si       15.7823250704     0.8600627594     6.3289088908
H       17.9023453770     6.7965793707     4.2833731365
H       15.5382388438     6.9927390755     3.8011649703
H       16.3724646058     7.2421420094     6.1224009138
H       12.7520987318     3.4630892921     3.3136059575
H       13.7871784007     3.2412116841     1.1681692093
H       18.2829813302     3.5782085097     1.3563979725
H       13.5683193397     1.3017454778     2.6245396111
H       18.4067656298     1.2603745691     2.0438825753
H       16.5115482446     0.4908764606     7.5858767029
H       14.2997335584     0.7176201874     6.5993828581
H       20.2296190740     2.7841882638     2.5871316112
H       16.1544299319     -0.1116251252     5.2709251989
32
# Point 12 Energy = 0.0
C       20.3417252710     3.9343722985     7.0369156338
H       20.4477877273     2.0104608432     5.4691107431
C       20.0348648141     2.9380417827     5.9132700591
H       19.1524480781     3.0820752246     5.2654900022
H       20.7559615893     1.5049285889     7.4196190629
C       19.8303500587     1.7574779880     6.8781862730
H       19.5215329892     0.8659183185     6.3055664312
H       19.0392954504     1.9625830281     7.6188270757
H       20.9655533992     3.4530637412     7.8106047171
H       19.4104661313     4.3291418378     7.4788599106
H       20.9198201522     4.7829081414     6.6340843585
Si       16.4631686648     3.2943095866     4.5153356985
O       16.3849346208     4.8424838447     5.0156806200
O       17.9097312660     3.0152525931     3.8036721083
O       15.3035426620     3.0461506003     3.3823750611
O       16.2744201002     2.3245695965     5.8163269040
Si       16.5689576800     6.4701871401     4.8668805806
Si       13.8597429318     2.7718238553     2.6400445384
Si       18.7430262269     2.6618597626     2.4275721725
Si       15.8323240405     0.8212938599     6.3419764086
H       17.9293416219     6.7752727369     4.3273458074
H       15.5604009557     6.9741978606     3.8706708843
H       16.4176704967     7.2025821492     6.1856640087
H       12.7729518558     3.4602632596     3.3755365846
H       13.7880638959     3.2614736701     1.2183348391
H       18.2824702892     3.5909341201     1.3673728358
H       13.5789418933     1.3056625223     2.6541475889
H       18.4187563111     1.2666063113     2.0300398166
H       16.5723811801     0.4428074450     7.5887908367
H       14.3513797914     0.6778108978     6.6249966072
H       20.2430899003     2.7895065603     2.5707916828
H       16.1928785549     -0.1427181653     5.2730755088
32
# Point 13 Energy = 0.0
C       20.2848236579     3.9387917360     6.9740222409
H       20.5234893921     1.9426673417     5.5628614622
C       20.1087737823     2.9355224720     5.8282872924
H       19.3942229322     3.0724782923     4.9976644220
H       20.5012368793     1.6026598269     7.5361575614
C       19.6906637894     1.8458224464     6.8308935392
H       19.4362185015     0.9237210421     6.2794121364
H       18.7989479554     2.1376375318     7.4107194665
H       20.7057844691     3.4312834359     7.8595107539
H       19.3263404937     4.4275416762     7.2200688884
H       21.0044583433     4.7196961790     6.6753691971
Si       16.4996486787     3.2669870766     4.5472097578
O       16.4274738012     4.8113995175     5.0594766313
O       17.9369772249     2.9959717507     3.8143617813
O       15.3252814963     3.0355554146     3.4257039673
O       16.3299965857     2.2875484531     5.8436067555
Si       16.6103878895     6.4403556324     4.9241885895
Si       13.8751398419     2.7780527443     2.6897069999
Si       18.7573553826     2.6595442162     2.4266122249
Si       15.8826681753     0.7820012176     6.3592717737
H       17.9652497756     6.7493282102     4.3733475684
H       15.5918709594     6.9542090811     3.9431159347
H       16.4733092025     7.1609358829     6.2510555327
H       12.7977183476     3.4621006347     3.4426751689
H       13.7916356444     3.2847013888     1.2737780393
H       18.2845302488     3.5990206118     1.3817632749
H       13.5887685503     1.3131231982     2.6887904611
H       18.4303676221     1.2683451267     2.0195440905
H       16.6332958798     0.3936601916     7.5956709465
H       14.4033673381     0.6398278856     6.6554146232
H       20.2582920540     2.7880786331     2.5569763607
H       16.2296857055     -0.1752668478     5.2799279174
32
# Point 14 Energy = 0.0
C       20.2004041690     3.9329890833     6.9074978659
H       20.5755922070     1.8968767021     5.6715285591
C       20.1826733281     2.9303408233     5.7475546760
H       19.6795493460     3.0274345683     4.7693090077
H       20.2253372211     1.7485996710     7.6059188141
C       19.5557144439     1.9501840203     6.7548074931
H       19.3582300262     0.9895693558     6.2465063840
H       18.5919330994     2.3174762782     7.1457815427
H       20.4008058862     3.4071303281     7.8570363131
H       19.2513428874     4.4939295154     6.9568793300
H       21.0214986287     4.6547707726     6.7587881250
Si       16.5404760059     3.2382730645     4.5834379075
O       16.4764557182     4.7793102583     5.1063809011
O       17.9679742895     2.9736537075     3.8296463664
O       15.3510683102     3.0251275814     3.4739733933
O       16.3887094424     2.2503343051     5.8756446206
Si       16.6604819227     6.4090653733     4.9833949104
Si       13.8942082912     2.7866397536     2.7448403643
Si       18.7748723973     2.6526773053     2.4306906864
Si       15.9340257596     0.7437567166     6.3828564689
H       18.0100734103     6.7198848464     4.4210286067
H       15.6327831615     6.9332133901     4.0173161258
H       16.5386672833     7.1189117812     6.3175628100
H       12.8275585355     3.4682957637     3.5149251082
H       13.7997728770     3.3097685530     1.3347668207
H       18.2908662161     3.6023164384     1.4009392125
H       13.5995680829     1.3236507794     2.7297012546
H       18.4435947556     1.2657325632     2.0149434363
H       16.6946306836     0.3457402637     7.6090085743
H       14.4563243472     0.6050671621     6.6923252407
H       20.2767026590     2.7807053381     2.5480441012
H       16.2660852080     -0.2081240630     5.2941303395
32
# Point 15 Energy = 0.0
C       20.0986646605     3.9194181793     6.8325856233
H       20.5853121193     1.8727511010     5.7880034642
C       20.2534772659     2.9242175389     5.6760693487
H       19.9877348235     2.9589027731     4.6046428679
H       19.9423235603     1.9291004956     7.6175227072
C       19.4295372698     2.0655098237     6.6522603907
H       19.2779418232     1.0656989447     6.2066669290
H       18.4305254200     2.4934289122     6.8410112410
H       20.0769290045     3.3777593035     7.7937795881
H       19.1946513638     4.5380379121     6.6999803990
H       20.9752360894     4.5891199337     6.8609031356
Si       16.5837001837     3.2082952443     4.6241503689
O       16.5284181944     4.7462878585     5.1565163339
O       18.0018947198     2.9492360915     3.8514041501
O       15.3804804123     3.0145008772     3.5258342974
O       16.4475039250     2.2128454625     5.9123707811
Si       16.7150379781     6.3765162720     5.0449107559
Si       13.9176129696     2.7965322452     2.8022988069
Si       18.7967211689     2.6427332172     2.4426354660
Si       15.9835469808     0.7062076553     6.4120260377
H       18.0601648139     6.6878868485     4.4724903361
H       15.6798785568     6.9109504591     4.0923837800
H       16.6074452201     7.0765627912     6.3855097822
H       12.8618301548     3.4772034290     3.5878839456
H       13.8146497145     3.3356700226     1.3980239012
H       18.3034040621     3.6021474703     1.4271536697
H       13.6127943090     1.3360610801     2.7733283000
H       18.4608710039     1.2600849432     2.0185581542
H       16.7522069203     0.2989977962     7.6290641315
H       14.5070898304     0.5723804355     6.7331729135
H       20.2992625154     2.7696441295     2.5487047638
H       16.3011335659     -0.2413872468     5.3153189896
