32
# Point -15 Energy = 0.0
C       20.6560924266     3.7345034195     7.3417274151
H       18.9464043743     3.6241288766     6.0458377871
C       19.4622054841     2.9813984534     6.7639884663
H       18.7431429264     2.7687355215     7.5657405238
H       20.6092414369     1.8604993883     5.2951944126
C       19.8839277489     1.6718797732     6.0978896583
H       19.0331423631     1.1290047826     5.6632929667
H       20.3660228519     1.0025057003     6.8184400966
H       21.3762087433     3.9833147164     6.5529681536
H       21.1782209579     3.1321276048     8.0908990805
H       20.3451142835     4.6695899072     7.8174065306
Si       16.4839280235     3.1045774899     4.2279044986
O       15.9574616086     4.5452300428     4.7561952576
O       18.1717735429     3.1288558235     4.2182690624
O       15.2375338800     3.0088289408     3.2259873175
O       15.7730464109     2.7878903901     5.6822849430
Si       16.2369400486     6.0883188026     4.5726499420
Si       13.9123712537     2.8980096162     2.1984460507
Si       18.9021963584     2.2844377878     2.8967720730
Si       15.8471949583     1.3900852164     6.5091340010
H       17.6835776793     6.7154007136     4.1472521909
H       15.4297056551     6.8385727082     3.4040765736
H       15.9923166643     7.1814806746     5.7570902192
H       13.1610375482     3.7060218672     2.9656743571
H       14.2681762294     3.4411473192     0.8842631575
H       18.5840690940     2.9997428403     1.5905361123
H       13.4897869416     1.4927739072     2.1170126253
H       18.3453715620     0.8607849937     2.6952387301
H       16.6948351129     1.2310575284     7.8318933903
H       14.4679414741     0.8556058713     6.9485153841
H       20.2174483594     2.3147137048     3.2588327589
H       16.4115445979     0.0420776173     5.7857516234
32
# Point -14 Energy = 0.0
C       20.6626621814     3.7371724669     7.3484807573
H       18.9494348422     3.6241443225     6.0568797191
C       19.4660447520     2.9835769251     6.7767461326
H       18.7484172443     2.7753460425     7.5809304873
H       20.6066393516     1.8547019681     5.3090519905
C       19.8827406860     1.6707898144     6.1140002340
H       19.0291784561     1.1296167100     5.6830520425
H       20.3644239834     1.0021714418     6.8355519556
H       21.3816055928     3.9809564824     6.5571291541
H       21.1852251666     3.1373781335     8.0994103455
H       20.3543111373     4.6750166610     7.8204610445
Si       16.4729051856     3.1148409620     4.2553136244
O       15.9792552745     4.5714058562     4.7721916598
O       18.1557185928     3.1187959522     4.1932380389
O       15.2214486218     3.0025028073     3.2577263509
O       15.8002115309     2.7666819630     5.7187287765
Si       16.2499208991     6.1171135784     4.5627991510
Si       13.9245228777     2.8931989266     2.1987522034
Si       18.8883212834     2.2981929621     2.8650756689
Si       15.8417244181     1.3561459599     6.5284260452
H       17.6899282249     6.7178256263     4.1136231711
H       15.4215335456     6.8311987371     3.3963642862
H       16.0133726454     7.2069516584     5.7414060686
H       13.1300871795     3.7067929966     2.9304766896
H       14.3109875139     3.4323622233     0.8895655668
H       18.5419344311     3.0134759898     1.5689970005
H       13.4984327321     1.4877967476     2.1071425995
H       18.3583723313     0.8671489609     2.6694836352
H       16.6770570898     1.1783910529     7.8509094758
H       14.4502848441     0.8461665063     6.9483551313
H       20.2203695629     2.3463125908     3.1991820909
H       16.3909084216     0.0291289738     5.7777142627
32
# Point -13 Energy = 0.0
C       20.6607916758     3.7330757458     7.3693367689
H       18.9535124929     3.6246566956     6.0689124245
C       19.4645591965     2.9828918523     6.7920176533
H       18.7420920903     2.7773878137     7.5925384191
H       20.6077963570     1.8494575029     5.3298952887
C       19.8790737041     1.6685481062     6.1310381422
H       19.0251341244     1.1319579217     5.6954665771
H       20.3539076986     0.9973896169     6.8547541157
H       21.3848028868     3.9735066427     6.5816418089
H       21.1772380827     3.1323978835     8.1237484304
H       20.3530443926     4.6724777249     7.8386597737
Si       16.4756576161     3.1359434062     4.2634901281
O       16.0128830625     4.6066745537     4.7695639466
O       18.1526728907     3.1165751589     4.1620691315
O       15.2274770217     3.0105494961     3.2595903137
O       15.8294035200     2.7526065500     5.7283341275
Si       16.2784710632     6.1552757436     4.5427055520
Si       13.9104574097     2.8645612716     2.2350849969
Si       18.8958500506     2.3224602405     2.8308180297
Si       15.8308304560     1.3292958498     6.5185315291
H       17.7158305240     6.7292200780     4.0836282821
H       15.4388962407     6.8391850006     3.3758478244
H       16.0429387291     7.2371493930     5.7183408919
H       13.0945525203     3.6808389385     2.9573738232
H       14.2547946510     3.3838507984     0.9048539015
H       18.5339609276     3.0426797712     1.5444973371
H       13.5006838464     1.4511762887     2.1764817214
H       18.3905930455     0.8865617818     2.6317695005
H       16.6449461056     1.1301891057     7.8453319708
H       14.4247784488     0.8462652874     6.9097603877
H       20.2416543922     2.3842456543     3.1480111655
H       16.3686953765     0.0242501258     5.7430713964
32
# Point -12 Energy = 0.0
C       20.6671229117     3.7346543445     7.3760471304
H       18.9564242361     3.6239715116     6.0797009794
C       19.4684785226     2.9839977176     6.8040456341
H       18.7474776759     2.7820875651     7.6067914016
H       20.6057272525     1.8441159312     5.3422632736
C       19.8784441745     1.6670586188     6.1454635026
H       19.0219531864     1.1322224973     5.7130607754
H       20.3530433331     0.9962879955     6.8697186022
H       21.3899318447     3.9709209620     6.5860287700
H       21.1841657511     3.1361933400     8.1318045542
H       20.3616249431     4.6763159383     7.8423459498
Si       16.4650094909     3.1461904614     4.2900860447
O       16.0333322622     4.6309833044     4.7832309252
O       18.1337385372     3.1055719516     4.1380481084
O       15.2142845980     3.0005529906     3.2884221442
O       15.8564415508     2.7311271861     5.7605466337
Si       16.2887453150     6.1821863175     4.5336300997
Si       13.9247680669     2.8605382033     2.2328313984
Si       18.8790712047     2.3346176770     2.8014000224
Si       15.8271127893     1.2997455845     6.5382247678
H       17.7186393046     6.7309676888     4.0538254208
H       15.4285767899     6.8315921412     3.3719456921
H       16.0607102269     7.2581189074     5.7056914940
H       13.0683151968     3.6798231166     2.9198685348
H       14.3002320660     3.3792282177     0.9087968025
H       18.4931053504     3.0552858469     1.5252640265
H       13.5098832536     1.4474903729     2.1601714493
H       18.3983738732     0.8933647030     2.6060275800
H       16.6315073795     1.0879207661     7.8634054412
H       14.4113378010     0.8432172319     6.9152375890
H       20.2399024235     2.4124779712     3.0924468985
H       16.3504992881     0.0144749379     5.7407937134
32
# Point -11 Energy = 0.0
C       20.6662852058     3.7273371367     7.3953327807
H       18.9604799532     3.6241103628     6.0913756049
C       19.4671406832     2.9816268219     6.8176311181
H       18.7418387834     2.7818363471     7.6170082926
H       20.6050883686     1.8384795983     5.3589244508
C       19.8735405694     1.6638077650     6.1586488584
H       19.0160366345     1.1347142590     5.7215635264
H       20.3414147754     0.9892405801     6.8837372890
H       21.3936676277     3.9608723777     6.6087548561
H       21.1774104029     3.1266646837     8.1533264342
H       20.3623603141     4.6700884825     7.8605163199
Si       16.4662361398     3.1710651958     4.2992435562
O       16.0655817156     4.6682776909     4.7818490083
O       18.1263373650     3.1052010056     4.1084095929
O       15.2207271990     3.0105017135     3.2896592042
O       15.8839605835     2.7201590969     5.7680987548
Si       16.3162607703     6.2225144293     4.5185563814
Si       13.9170303817     2.8245568008     2.2638091409
Si       18.8809956159     2.3599068810     2.7694609815
Si       15.8162764340     1.2801697254     6.5296644484
H       17.7430615093     6.7447780519     4.0309421967
H       15.4452657344     6.8449825217     3.3597344237
H       16.0904620956     7.2874348169     5.6906178062
H       13.0313626089     3.6405255623     2.9358005270
H       14.2539383236     3.3205898684     0.9193917710
H       18.4834831942     3.0870693918     1.5033462821
H       13.5266692089     1.4019778385     2.2261466753
H       18.4210893558     0.9161418434     2.5684245475
H       16.6029376033     1.0515680078     7.8570038603
H       14.3886139556     0.8530903486     6.8838642340
H       20.2545976772     2.4482013903     3.0450048143
H       16.3278298103     0.0158114046     5.7113176224
32
# Point -10 Energy = 0.0
C       20.6664375607     3.7177352282     7.4134025661
H       18.9644929708     3.6242394889     6.1030672235
C       19.4658060102     2.9783303187     6.8303612112
H       18.7366666726     2.7806561901     7.6267733253
H       20.6024423051     1.8321064815     5.3730191979
C       19.8671148510     1.6598182200     6.1696940081
H       19.0078858470     1.1374675051     5.7281967202
H       20.3282750008     0.9805819403     6.8947479809
H       21.3979671625     3.9485389700     6.6298914411
H       21.1717419759     3.1139163412     8.1727948936
H       20.3651693519     4.6614630556     7.8783963425
Si       16.4658301200     3.1992147029     4.3100289117
O       16.0973909433     4.7084655060     4.7828633744
O       18.1163767183     3.1068107619     4.0793792155
O       15.2253592622     3.0238995299     3.2928252792
O       15.9105310810     2.7120430503     5.7767030773
Si       16.3441549374     6.2657585488     4.5071101080
Si       13.9145097209     2.7822962407     2.2915867158
Si       18.8788334462     2.3867392186     2.7377642422
Si       15.8048404402     1.2643330800     6.5226408317
H       17.7676997443     6.7609144924     4.0113924835
H       15.4620035050     6.8629243204     3.3526003191
H       16.1222160491     7.3186932794     5.6803267568
H       12.9920483026     3.5909584458     2.9416646981
H       14.2173694253     3.2521502295     0.9274120660
H       18.4703983261     3.1212935993     1.4821189157
H       13.5565495611     1.3490190102     2.2915601683
H       18.4377313037     0.9412953122     2.5305639924
H       16.5754838979     1.0193715244     7.8509796804
H       14.3660781137     0.8678270814     6.8564051613
H       20.2652499681     2.4837576744     2.9973288850
H       16.3033260250     0.0206826519     5.6835655668
32
# Point -9 Energy = 0.0
C       20.6652574535     3.7086312485     7.4314259322
H       18.9678844121     3.6239551994     6.1139707956
C       19.4638945088     2.9748705222     6.8424406183
H       18.7307015059     2.7788541629     7.6355381461
H       20.6005232642     1.8263518445     5.3868721742
C       19.8611875234     1.6559784747     6.1801457725
H       19.0007942318     1.1399180819     5.7338235392
H       20.3156872526     0.9723232067     6.9052781877
H       21.4011300935     3.9371782287     6.6513499035
H       21.1647352173     3.1019317988     8.1923738547
H       20.3658755780     4.6531125658     7.8961736137
Si       16.4660421115     3.2256441907     4.3189585329
O       16.1280136132     4.7460060963     4.7810771204
O       18.1060297289     3.1073849442     4.0506048880
O       15.2330921920     3.0330806089     3.2919381238
O       15.9363958328     2.7022259159     5.7816018599
Si       16.3700904223     6.3066029711     4.4940983583
Si       13.9116852120     2.7444744764     2.3209509791
Si       18.8780221203     2.4117574039     2.7082284051
Si       15.7945752202     1.2489702616     6.5142967645
H       17.7902712864     6.7757642891     3.9923949671
H       15.4777018855     6.8786428250     3.3439110765
H       16.1503863433     7.3465411044     5.6689752835
H       12.9581632443     3.5454897025     2.9557917903
H       14.1773248710     3.1893445481     0.9384357079
H       18.4613471290     3.1533185620     1.4621276787
H       13.5811538154     1.3031883523     2.3556825158
H       18.4552830664     0.9650890594     2.4944757689
H       16.5499657912     0.9914069402     7.8435798943
H       14.3461851167     0.8824963398     6.8291949439
H       20.2766062441     2.5172192460     2.9541283978
H       16.2819743122     0.0255488282     5.6573197656
32
# Point -8 Energy = 0.0
C       20.6634220280     3.6994998509     7.4486514830
H       18.9707244946     3.6233669495     6.1240775724
C       19.4616145972     2.9711298666     6.8535666259
H       18.7244447893     2.7764303409     7.6432991372
H       20.5985762964     1.8209364854     5.3995532019
C       19.8553037833     1.6521287333     6.1893786943
H       18.9939613059     1.1422004867     5.7381418448
H       20.3033258441     0.9640892203     6.9144215081
H       21.4035561099     3.9261450343     6.6720823349
H       21.1572313645     3.0899536238     8.2110209624
H       20.3656272820     4.6445470805     7.9133339695
Si       16.4660152242     3.2513649995     4.3270910994
O       16.1572073409     4.7820014908     4.7779425177
O       18.0943985446     3.1075177295     4.0225090235
O       15.2427355891     3.0396708726     3.2885286329
O       15.9611387784     2.6917343954     5.7840480069
Si       16.3942393470     6.3461222389     4.4810767035
Si       13.9103745298     2.7090430179     2.3500286985
Si       18.8769879943     2.4353649841     2.6809669551
Si       15.7851110677     1.2348465118     6.5057498012
H       17.8109542586     6.7900111414     3.9749985948
H       15.4923158254     6.8936183593     3.3355560291
H       16.1759128022     7.3719714749     5.6583073815
H       12.9282730779     3.5014585272     2.9728989711
H       14.1383100955     3.1292287871     0.9508562038
H       18.4544875704     3.1837632657     1.4436453242
H       13.6049470452     1.2615299884     2.4173574320
H       18.4716673920     0.9880279621     2.4604336939
H       16.5265584842     0.9680120816     7.8356413581
H       14.3285267626     0.8979503836     6.8037730000
H       20.2872823154     2.5485119158     2.9150354974
H       16.2627486592     0.0311242002     5.6331931011
32
# Point -7 Energy = 0.0
C       20.6611004854     3.6905541890     7.4647759755
H       18.9730102226     3.6225278990     6.1333067350
C       19.4590826930     2.9672317334     6.8636467715
H       18.7181182075     2.7735396614     7.6500730367
H       20.5965805633     1.8159129342     5.4109158780
C       19.8495467580     1.6483529004     6.1973543695
H       18.9874265177     1.1443317839     5.7412647807
H       20.2913956651     0.9560317015     6.9221355827
H       21.4053103554     3.9156221489     6.6916734675
H       21.1495213954     3.0782673249     8.2284177714
H       20.3646156308     4.6360064859     7.9295376314
Si       16.4655078711     3.2761884374     4.3347044958
O       16.1847087261     4.8163282325     4.7737486711
O       18.0813324746     3.1070775614     3.9953477835
O       15.2541918489     3.0435683008     3.2829085431
O       15.9845889232     2.6804992579     5.7844202771
Si       16.4163783777     6.3841888673     4.4682394031
Si       13.9106743395     2.6764567214     2.3781769867
Si       18.8755855500     2.4572540367     2.6563019201
Si       15.7765234213     1.2216658822     6.4973969702
H       17.8295588111     6.8034796863     3.9593040263
H       15.5056388973     6.9076498620     3.3276312436
H       16.1985995714     7.3949205668     5.6484276131
H       12.9024271444     3.4599025384     2.9920203879
H       14.1011544335     3.0726974069     0.9642156476
H       18.4495935727     3.2121974910     1.4268931173
H       13.6274803603     1.2242850610     2.4754869730
H       18.4867708775     1.0097228818     2.4290203927
H       16.5054771509     0.9488720350     7.8275919376
H       14.3131186582     0.9135393959     6.7804652608
H       20.2972058776     2.5773293301     2.8803469711
H       16.2457552184     0.0370996847     5.6114147384
32
# Point -6 Energy = 0.0
C       20.6584830697     3.6820335806     7.4795143645
H       18.9747563897     3.6215023486     6.1415900309
C       19.4564355923     2.9633164361     6.8726086056
H       18.7119625037     2.7703545329     7.6558987025
H       20.5945406208     1.8113469777     5.4208414353
C       19.8440234981     1.6447486299     6.2040638839
H       18.9812520954     1.1463357417     5.7433357835
H       20.2801278531     0.9483211438     6.9284162545
H       21.4064803518     3.9058181119     6.7097239863
H       21.1419199039     3.0671905427     8.2442714201
H       20.3630495141     4.6277583771     7.9444565748
Si       16.4642943336     3.2999171825     4.3420826583
O       16.2102865939     4.8488511475     4.7687959713
O       18.0666899219     3.1059127373     3.9693667058
O       15.2673692144     3.0447173061     3.2754233215
O       16.0065948057     2.6684397036     5.7831058791
Si       16.4363194642     6.4206596190     4.4557985091
Si       13.9126405861     2.6471484806     2.4047484267
Si       18.8736474712     2.4771080379     2.6345207046
Si       15.7688677356     1.2091210418     6.4896203215
H       17.8459226266     6.8159699051     3.9454288524
H       15.5174911992     6.9205322629     3.3202690973
H       16.2182981614     7.4153010649     5.6394655422
H       12.8805907279     3.4217923813     3.0120979273
H       14.0666528543     3.0206931608     0.9779645798
H       18.4464032026     3.2381883727     1.4120775803
H       13.6482668461     1.1916414130     2.5290100669
H       18.5004553354     1.0297778879     2.4007709449
H       16.4868911785     0.9336313763     7.8198277859
H       14.2999351981     0.9286479802     6.7595744222
H       20.3062756066     2.6033536262     2.8502982105
H       16.2310561442     0.0431708894     5.5921968105
32
# Point -5 Energy = 0.0
C       20.6557729324     3.6741993869     7.4926075726
H       18.9759932530     3.6203633960     6.1488732949
C       19.4538248035     2.9595380647     6.8804020613
H       18.7062289243     2.7670613523     7.6608362735
H       20.5924855111     1.8073151194     5.4292441238
C       19.8388611922     1.6414244532     6.2095299933
H       18.9755211267     1.1482406618     5.7445268193
H       20.2697727095     0.9411431040     6.9333003972
H       21.4071707348     3.8969634599     6.7258615541
H       21.1347535139     3.0570680980     8.2583232915
H       20.3611461145     4.6200936857     7.9577823499
Si       16.4621700319     3.3223455905     4.3495069015
O       16.2337451436     4.8794224069     4.7633877973
O       18.0503414499     3.1038535524     3.9447910469
O       15.2821782745     3.0431065766     3.2664458939
O       16.0270284113     2.6554623827     5.7804914984
Si       16.4539114768     6.4553760381     4.4439766621
Si       13.9162918449     2.6215273285     2.4291079882
Si       18.8709873959     2.4946069635     2.6158661357
Si       15.7621842112     1.1968990358     6.4827804261
H       17.8599119653     6.8272604143     3.9334996856
H       15.5277204910     6.9320569521     3.3136305984
H       16.2349079322     7.4330023596     5.6315691215
H       12.8626497275     3.3880135300     3.0320257417
H       14.0355537919     2.9741937390     0.9914811075
H       18.4446211395     3.2613061576     1.3993812081
H       13.6668000990     1.1637498684     2.5769076094
H       18.5125586059     1.0477962109     2.3761606081
H       16.4709289491     0.9219045355     7.8127058694
H       14.2889206381     0.9427032068     6.7413798930
H       20.3143640242     2.6262618039     2.8250532007
H       16.2186741803     0.0490425651     5.5757286352
32
# Point -4 Energy = 0.0
C       20.6531772104     3.6673282617     7.5038285059
H       18.9767631475     3.6191899183     6.1551176316
C       19.4514097432     2.9560600181     6.8870005546
H       18.7011700233     2.7638559454     7.6649651797
H       20.5904651516     1.8039006792     5.4360742668
C       19.8342011938     1.6384957883     6.2138071194
H       18.9703332164     1.1500770509     5.7450348034
H       20.2605903595     0.9346927868     6.9368655923
H       21.4074967197     3.8893040669     6.7397499769
H       21.1283484593     3.0482637462     8.2703549934
H       20.3591214762     4.6133195684     7.9692328017
Si       16.4589551663     3.3432621717     4.3572487604
O       16.2549251486     4.9078833547     4.7578229261
O       18.0321712466     3.1007160327     3.9218178232
O       15.2985262514     3.0387660542     3.2563709077
O       16.0457885312     2.6414627157     5.7769560004
Si       16.4690394810     6.4881674307     4.4329995754
Si       13.9216181998     2.5999754877     2.4506494248
Si       18.8674014662     2.5094331669     2.6005282534
Si       15.7565039066     1.1846882036     6.4772121539
H       17.8714203661     6.8371139836     3.9236431612
H       15.5362005688     6.9420136045     3.3078974533
H       16.2483746103     7.4478938129     5.6248971839
H       12.8484224493     3.3593504860     3.0506925121
H       14.0085566545     2.9341946538     1.0040967015
H       18.4439199665     3.2811304568     1.3889543465
H       13.6825804636     1.1407398042     2.6182035350
H       18.5228940498     1.0633872739     2.3555949864
H       16.4576859178     0.9132872368     7.8065390318
H       14.2800014244     0.9551817991     6.7261402694
H       20.3213195479     2.6457323573     2.8046962017
H       16.2085984825     0.0544340827     5.5621727261
32
# Point -3 Energy = 0.0
C       20.6508990687     3.6617028932     7.5129843673
H       18.9771165313     3.6180634197     6.1602995953
C       19.4493507545     2.9530496499     6.8923998307
H       18.6970312976     2.7609385157     7.6683807066
H       20.5885435751     1.8011887615     5.4413170096
C       19.8301909312     1.6360802141     6.2169778746
H       18.9657971948     1.1518757398     5.7450756229
H       20.2528396464     0.9291682096     6.9392251232
H       21.4075775601     3.8830915689     6.7510938618
H       21.1230195979     3.0411486551     8.2801894038
H       20.3571834163     4.6077497146     7.9785559953
Si       16.4544956908     3.3624554373     4.3655657937
O       16.2737032430     4.9340701549     4.7523905131
O       18.0120757955     3.0963076447     3.9006116219
O       15.3163095663     3.0317665552     3.2456090948
O       16.0628012838     2.6263292414     5.7728655665
Si       16.4816230407     6.5188572936     4.4230908138
Si       13.9285960689     2.5828412971     2.4688095296
Si       18.8626677836     2.5212782108     2.5886399904
Si       15.7518531128     1.1721870644     6.4732230964
H       17.8803667698     6.8452853886     3.9159790652
H       15.5428289690     6.9501957180     3.3032665083
H       16.2586886878     7.4598317439     5.6196140933
H       12.8376753501     3.3364671245     3.0670146644
H       13.9863209661     2.9016832912     1.0151242616
H       18.4439404098     3.2972579179     1.3809104318
H       13.6951530636     1.1227301920     2.6519638659
H       18.5312471005     1.0761751068     2.3394041500
H       16.4472323860     0.9073693324     7.8015938844
H       14.2730964560     0.9656180254     6.7140981769
H       20.3269668363     2.6614512452     2.7892278982
H       16.2007884459     0.0590866725     5.5516629486
32
# Point -2 Energy = 0.0
C       20.6491257530     3.6576002008     7.5199198109
H       18.9771059714     3.6170641302     6.1644109585
C       19.4477989764     2.9506715604     6.8966160932
H       18.6940389227     2.7585071752     7.6711887399
H       20.5867902459     1.7992605079     5.4449908622
C       19.8269731583     1.6342919641     6.2191482977
H       18.9620218866     1.1536661148     5.7448758226
H       20.2467633140     0.9247620886     6.9405212027
H       21.4075267367     3.8785712822     6.7596452447
H       21.1190543118     3.0360867031     8.2876922609
H       20.3555202004     4.6036917861     7.9855353539
Si       16.4486647658     3.3797214931     4.3746949335
O       16.2899910772     4.9578215345     4.7473618666
O       17.9899635836     3.0904352683     3.8812992735
O       15.3354072385     3.0222170886     3.2345781551
O       16.0780209609     2.6099496964     5.7685659210
Si       16.4916139862     6.5472716359     4.4144624753
Si       13.9372059703     2.5704324482     2.4830907641
Si       18.8565487080     2.5298513909     2.5802724681
Si       15.7482589806     1.1591131096     6.4710880696
H       17.8866931446     6.8515312361     3.9106094564
H       15.5475240855     6.9564068489     3.2999394917
H       16.2658826243     7.4686689478     5.6158795112
H       12.8301491828     3.3198936697     3.0799826013
H       13.9694750964     2.8776042282     1.0239043473
H       18.4442949415     3.3093112343     1.3753201233
H       13.7041506856     1.1098434211     2.6773087106
H       18.5373757052     1.0858083356     2.3278366430
H       16.4396222852     0.9037465842     7.7980856911
H       14.2681277600     0.9736095864     6.7054793549
H       20.3311101342     2.6731195475     2.7785622698
H       16.1951802063     0.0627711813     5.5442985853
32
# Point -1 Energy = 0.0
C       20.6480199487     3.6552809272     7.5245152717
H       18.9767805790     3.6162674945     6.1674573376
C       19.4468884651     2.9490817635     6.8996822434
H       18.6923913993     2.7567524752     7.6735002877
H       20.5852710952     1.7981880532     5.4471425054
C       19.8246765735     1.6332372465     6.2204410267
H       18.9591074192     1.1554747890     5.7446643476
H       20.2425763475     0.9216550258     6.9409155222
H       21.4074438080     3.8759713954     6.7652036934
H       21.1167015711     3.0334216708     8.2927681662
H       20.3542931129     4.6014362790     7.9899901557
Si       16.4413610094     3.3948706307     4.3848504546
O       16.3037313881     4.9789859710     4.7429857786
O       17.9657519978     3.0829115025     3.8639701897
O       15.3556742844     3.0102605213     3.2236953330
O       16.0914279630     2.5922164684     5.7643791703
Si       16.4989913091     6.5732462626     4.4073084580
Si       13.9474514486     2.5630121800     2.4930758047
Si       18.8487913289     2.5348854661     2.5754364911
Si       15.7457535902     1.1452097893     6.4710486984
H       17.8903595613     6.8556180884     3.9076102763
H       15.5502196274     6.9604653785     3.2981155488
H       16.2700258080     7.4742638716     5.6138404851
H       12.8255848881     3.3100219956     3.0886891123
H       13.9586363132     2.8628330594     1.0298463782
H       18.4445700379     3.3169448422     1.3722106659
H       13.7093333013     1.1022188641     2.6934127628
H       18.5410094399     1.0919672578     2.3210606336
H       16.4349009811     0.9020311178     7.7961786593
H       14.2650288484     0.9788200667     6.7004958184
H       20.3335348770     2.6804579770     2.7725303073
H       16.1916922775     0.0652935691     5.5401437761
32
# Point 0 Energy = 0
C       20.6477110000     3.6549790000     7.5266840000
H       18.9761800000     3.6157410000     6.1694560000
C       19.4467280000     2.9484220000     6.9016430000
H       18.6922510000     2.7558520000     7.6754250000
H       20.5840390000     1.7980300000     5.4478400000
C       19.8234060000     1.6330100000     6.2209870000
H       18.9571360000     1.1573250000     5.7446630000
H       20.2404540000     0.9200090000     6.9405780000
H       21.4074060000     3.8754920000     6.7676150000
H       21.1161610000     3.0334640000     8.2953550000
H       20.3536290000     4.6012450000     7.9917750000
Si       16.4325060000     3.4077350000     4.3962220000
O       16.3148940000     4.9974300000     4.7394840000
O       17.9393640000     3.0735620000     3.8486780000
O       15.3769370000     2.9960700000     3.2133680000
O       16.1030250000     2.5730330000     5.7606000000
Si       16.5037570000     6.5966350000     4.4017980000
Si       13.9593780000     2.5607940000     2.4984440000
Si       18.8391290000     2.5361430000     2.5740860000
Si       15.7443760000     1.1302530000     6.4733110000
H       17.8913405600     6.8573308000     3.9070238400
H       15.5508605600     6.9622108000     3.2979838400
H       16.2712205600     7.4764908000     5.6136238400
H       12.8237502400     3.3071035200     3.0923555200
H       13.9544302400     2.8581435200     1.0324755200
H       18.4443303200     3.3198514400     1.3715668800
H       13.7106302400     1.1000235200     2.6995155200
H       18.5418503200     1.0943714400     2.3191668800
H       16.4331100800     0.9018602400     7.7959848800
H       14.2637500800     0.9809802400     6.6993448800
H       20.3340103200     2.6832114400     2.7708868800
H       16.1902300800     0.0665002400     5.5392248800
32
# Point 1 Energy = 0.0
C       20.6482942144     3.6568659419     7.5263524235
H       18.9753237450     3.6155424852     6.1704314362
C       19.4473895316     2.9488047336     6.9025372947
H       18.6937370982     2.7559542199     7.6770568939
H       20.5830988211     1.7988225337     5.4471321020
C       19.8232125925     1.6336819343     6.2208885255
H       18.9561345420     1.1592418657     5.7450514767
H       20.2405005737     0.9199448840     6.9396364114
H       21.4074629593     3.8772704073     6.7667484602
H       21.1175819898     3.0364414309     8.2953916357
H       20.3536326217     4.6033124738     7.9907742634
Si       16.4220196394     3.4182159060     4.4089912097
O       16.3234615537     5.0130875263     4.7370622783
O       17.9107027677     3.0622594107     3.8354680953
O       15.3990015969     2.9798344361     3.2039929594
O       16.1128220122     2.5523515912     5.7575074864
Si       16.5059338273     6.6173567781     4.3980817556
Si       13.9731255053     2.5638840917     2.4989724725
Si       18.8272618863     2.5334345030     2.5761543455
Si       15.7441755914     1.1140816913     6.4780521181
H       17.8896262799     6.8565058304     3.9088649019
H       15.5494037095     6.9615524461     3.2997278036
H       16.2696063530     7.4752911050     5.6153410095
H       12.8244704746     3.3111833654     3.0903012398
H       13.9575680781     2.8640993546     1.0314610773
H       18.4431103514     3.3177741899     1.3733580171
H       13.7082429626     1.1034048588     2.6949394521
H       18.5395452045     1.0927989942     2.3222141705
H       16.4342990551     0.9029285798     7.7975694220
H       14.2642660068     0.9799011683     6.7022196695
H       20.3322713521     2.6811573786     2.7733544707
H       16.1906977029     0.0663158844     5.5415304820
32
# Point 2 Energy = 0.0
C       20.6498241928     3.6610812816     7.5234570610
H       18.9742118692     3.6157205523     6.1704073306
C       19.4489118902     2.9503261568     6.9023985133
H       18.6969288445     2.7571933866     7.6784730887
H       20.5824282360     1.8005872499     5.4450662641
C       19.8241133809     1.6353121712     6.2202354715
H       18.9561016517     1.1612492147     5.7459858159
H       20.2427725855     0.9215643100     6.9382010102
H       21.4076307704     3.8814098444     6.7624949847
H       21.1210595149     3.0425424375     8.2928226232
H       20.3543688280     4.6077984643     7.9868875030
Si       16.4098325268     3.4262408735     4.4233183548
O       16.3294325782     5.0259150133     4.7359002600
O       17.8796666192     3.0488954060     3.8243663995
O       15.4216464902     2.9617620464     3.1959424127
O       16.1208300586     2.5301394171     5.7553505108
Si       16.5055619947     6.6353528967     4.3962859447
Si       13.9889078994     2.5723384782     2.4945545190
Si       18.8128813619     2.5266045191     2.5815421621
Si       15.7451929573     1.0965681762     6.4854092726
H       17.8852182926     6.8529986376     3.9131178098
H       15.5458149129     6.9584256494     3.3035180809
H       16.2653490025     7.4706282594     5.6190829899
H       12.8276447141     3.3221892535     3.0819901029
H       13.9688133535     2.8811140267     1.0266716928
H       18.4404361379     3.3104982920     1.3775287651
H       13.7026080517     1.1125572921     2.6790890332
H       18.5337216203     1.0870730495     2.3302069792
H       16.4384946773     0.9049588186     7.8009477899
H       14.2665548695     0.9754533468     6.7092869810
H       20.3280424686     2.6740993046     2.7796166725
H       16.1929782487     0.0647041741     5.5470089604
32
# Point 3 Energy = 0.0
C       20.6523015905     3.6677517413     7.5179609026
H       18.9728261689     3.6163110289     6.1694082947
C       19.4512999353     2.9530719703     6.9012651171
H       18.7018585590     2.7596957232     7.6797382135
H       20.5820002861     1.8033347357     5.4417193376
C       19.8261078501     1.6379511625     6.2191294954
H       18.9570331883     1.1633635879     5.7476182625
H       20.2472939845     0.9249625363     6.9363973743
H       21.4078841046     3.8879983700     6.7547895386
H       21.1266181359     3.0519450236     8.2876230365
H       20.3558371974     4.6148481706     7.9800358131
Si       16.3959065842     3.4317269563     4.4393224097
O       16.3328270731     5.0358542373     4.7361314664
O       17.8461703143     3.0333580607     3.8153540965
O       15.4446109503     2.9420836493     3.1895462069
O       16.1270725053     2.5063502411     5.7543309109
Si       16.5026904435     6.6505515033     4.3964921485
Si       14.0069824451     2.5862178007     2.4852221780
Si       18.7956939369     2.5155215231     2.5900877856
Si       15.7474651717     1.0775940645     6.4954689673
H       17.8781182819     6.8466639563     3.9197140926
H       15.5400572305     6.9527495275     3.3094930391
H       16.2586258169     7.4624529311     5.6248988704
H       12.8332534153     3.3400218787     3.0670833911
H       13.9889259544     2.9095135987     1.0182339212
H       18.4358405108     3.2978457879     1.3839740321
H       13.6943515745     1.1277836899     2.6514636588
H       18.5240217748     1.0770521513     2.3430586459
H       16.4457029030     0.9076804297     7.8060797772
H       14.2706042915     0.9675478419     6.7206726774
H       20.3210618776     2.6618641750     2.7892868590
H       16.1969365439     0.0616339454     5.5555648396
32
# Point 4 Energy = 0.0
C       20.6556744307     3.6769586571     7.5098393057
H       18.9711222417     3.6173367711     6.1674574811
C       19.4545156266     2.9571039234     6.8991663314
H       18.7085063829     2.7635634102     7.6808926179
H       20.5817545294     1.8070590466     5.4371614239
C       19.8291529353     1.6416326836     6.2176508263
H       18.9588901018     1.1656003915     5.7500644162
H       20.2540296726     0.9302079033     6.9343208961
H       21.4081542364     3.8970786088     6.7435947812
H       21.1342129167     3.0647704028     8.2797729759
H       20.3579848878     4.6245563492     7.9701614653
Si       16.3802136713     3.4346268390     4.4570945893
O       16.3336752318     5.0428802179     4.7378526891
O       17.8101243399     3.0155658480     3.8083912340
O       15.4676108502     2.9210378601     3.1850886015
O       16.1315737852     2.4809611530     5.7546130361
Si       16.4973776122     6.6629134058     4.3987427199
Si       14.0276845187     2.6055282584     2.4711446796
Si       18.7754054471     2.5000959296     2.6016005274
Si       15.7510314810     1.0570778819     6.5082688743
H       17.8683322108     6.8373889020     3.9285389493
H       15.5320952647     6.9444755788     3.3177622866
H       16.2496321525     7.4507524811     5.6328002585
H       12.8413730806     3.3644990938     3.0453960267
H       14.0187046185     2.9494310163     1.0065508986
H       18.4288577042     3.2796876191     1.3925634933
H       13.6843697400     1.1494334462     2.6117010730
H       18.5100805650     1.0626488636     2.3606346962
H       16.4559210958     0.9108574512     7.8128703208
H       14.2764195412     0.9561462155     6.7364645273
H       20.3110659186     2.6443111931     2.8019489507
H       16.2024338090     0.0571145983     5.5670544067
32
# Point 5 Energy = 0.0
C       20.6598388008     3.6887388502     7.4990740831
H       18.9690285907     3.6188087915     6.1645727427
C       19.4584784199     2.9624606468     6.8961172245
H       18.7168015728     2.7688744508     7.6819480864
H       20.5815968786     1.8117404957     5.4314490303
C       19.8331637509     1.6463756571     6.2158520984
H       18.9615989982     1.1679757452     5.7533979517
H       20.2628875818     0.9373434849     6.9320294178
H       21.4083288077     3.9086495609     6.7288945009
H       21.1437314162     3.0810835436     8.2692505935
H       20.3607071924     4.6369676159     7.9572229281
Si       16.3627325998     3.4349297799     4.4766980009
O       16.3320145043     5.0470020022     4.7411241297
O       17.7714341712     2.9954703380     3.8034214953
O       15.4903471105     2.8988659531     3.1828008246
O       16.1343534026     2.4539736007     5.7563216692
Si       16.4896911338     6.6724329482     4.4030417231
Si       14.0514238561     2.6302188798     2.4526305542
Si       18.7517259589     2.4802817751     2.6158700658
Si       15.7559283035     1.0349730687     6.5237929717
H       17.8558712677     6.8250935750     3.9394350653
H       15.5218975623     6.9335902935     3.3284058904
H       16.2385796446     7.4355523350     5.6427621371
H       12.8521809645     3.3953749279     3.0168835637
H       14.0589706281     3.0007867815     0.9923222834
H       18.4190312109     3.2559451089     1.4031488963
H       13.6738343727     1.1778931357     2.5596090951
H       18.4915338079     1.0438315474     2.3827628419
H       16.4691300729     0.9142864966     7.8211685342
H       14.2840184447     0.9412542815     6.7567016392
H       20.2977931143     2.6213330020     2.8171727409
H       16.2093264589     0.0511933267     5.5812825808
32
# Point 6 Energy = 0.0
C       20.6646417548     3.7030883962     7.4856481572
H       18.9664474154     3.6207283088     6.1607629179
C       19.4630678281     2.9691600390     6.8921146471
H       18.7266259967     2.7756839629     7.6828847349
H       20.5814020848     1.8173497410     5.4246196265
C       19.8380169890     1.6521871480     6.2137538822
H       18.9650553081     1.1705085164     5.7576472198
H       20.2737239064     0.9463904793     6.9295383338
H       21.4082537508     3.9226714496     6.7106872840
H       21.1549983447     3.1008972655     8.2560263997
H       20.3638499188     4.6520798892     7.9411898437
Si       16.3434470784     3.4326605292     4.4981669734
O       16.3278875779     5.0482612384     4.7459703340
O       17.7300010998     2.9730574808     3.8003761898
O       15.5125161296     2.8758065049     3.1828556599
O       16.1354208389     2.4254127610     5.7595401092
Si       16.4797085816     6.6791368876     4.4093575549
Si       14.0786748307     2.6601795689     2.4301256653
Si       18.7243755686     2.4560773322     2.6326753665
Si       15.7621833876     1.0112643949     6.5419665584
H       17.8407537800     6.8097301891     3.9522090130
H       15.5094406242     6.9201165412     3.3414747872
H       16.2256944588     7.4169148189     5.6547253944
H       12.8659566705     3.4323610322     2.9816246118
H       14.1105394463     3.0632750213     0.9765512619
H       18.4059223124     3.2265903672     1.4155713594
H       13.6641853385     1.2135720551     2.4951994897
H       18.4680277748     1.0206248491     2.4092426688
H       16.4852845374     0.9177928333     7.8307671642
H       14.2934250663     0.9229152380     6.7813631838
H       20.2809886307     2.5928564034     2.8345287939
H       16.2174635695     0.0439507575     5.5980001737
32
# Point 7 Energy = 0.0
C       20.6698862254     3.7199686607     7.4695410379
H       18.9632570591     3.6230895334     6.1560244679
C       19.4681279004     2.9772028988     6.8871342008
H       18.7378195325     2.7840267435     7.6836491970
H       20.5810184095     1.8238526601     5.4166877373
C       19.8435564809     1.6590661754     6.2113419918
H       18.9691285161     1.1732224195     5.7627937353
H       20.2863507589     0.9573528660     6.9268181837
H       21.4077372399     3.9390728212     6.6889807348
H       21.1677824828     3.1241791287     8.2400590513
H       20.3672135811     4.6698503704     7.9220382794
Si       16.3223447520     3.4278767382     4.5215061820
O       16.3213413983     5.0467291458     4.7523819473
O       17.6857246174     2.9483477310     3.7991773006
O       15.5338211406     2.8520906490     3.1853643969
O       16.1347716257     2.3953256462     5.7643085732
Si       16.4675192362     6.6830818418     4.4176271481
Si       14.1099616422     2.6952394616     2.4042071029
Si       18.6930907853     2.4275249110     2.6517926417
Si       15.7698094603     0.9859633616     6.5626517000
H       17.8230080049     6.7912813733     3.9666399278
H       15.4947144203     6.9041142207     3.3569922528
H       16.2112155483     7.3949361184     5.6686007722
H       12.8830820371     3.4751484380     2.9398004498
H       14.1741816374     3.1363545371     0.9605367648
H       18.3891189358     3.1916460440     1.4296682921
H       13.6571104413     1.2568821610     2.4187224005
H       18.4392292820     0.9931092054     2.4398543695
H       16.5043028987     0.9212251145     7.8414028887
H       14.3046625681     0.9012028533     6.8103575191
H       20.2604089524     2.5588426590     2.8536021454
H       16.2266830291     0.0354955114     5.6169019673
32
# Point 8 Energy = 0.0
C       20.6753375099     3.7393138412     7.4507254587
H       18.9593159146     3.6258828749     6.1503387381
C       19.4734732009     2.9865773668     6.8811284286
H       18.7501868629     2.7939207854     7.6841541858
H       20.5802739897     1.8312154794     5.4076427530
C       19.8496003454     1.6670079226     6.2085666442
H       18.9736688979     1.1761479941     5.7687725186
H       20.3005454496     0.9702227995     6.9237947237
H       21.4065553195     3.9577590220     6.6637866968
H       21.1818052082     3.1508602352     8.2212928808
H       20.3705590838     4.6902032896     7.8997466700
Si       16.2994174391     3.4206652422     4.5466896670
O       16.3124271685     5.0425023944     4.7603180600
O       17.6385063066     2.9213952359     3.7997394233
O       15.5539833789     2.8279381939     3.1903763084
O       16.1323849752     2.3637782812     5.7706231078
Si       16.4532264396     6.6843507476     4.4277611482
Si       14.1458395996     2.7351658072     2.3755731749
Si       18.6576312718     2.3947099886     2.6730018832
Si       15.7787980510     0.9591029871     6.5856437104
H       17.8026752870     6.7697582637     3.9824894731
H       15.4777287400     6.8856802620     3.3749558574
H       16.1953925840     7.3697420601     5.6842734310
H       12.9040411187     3.5234285332     2.8916745650
H       14.2505756810     3.2192455312     0.9458502784
H       18.3682445331     3.1511846033     1.4452794641
H       13.6545130053     1.3082129998     2.3306991706
H       18.4048358006     0.9614195091     2.4743660151
H       16.5260578290     0.9244492681     7.8527579336
H       14.3177459580     0.8762149921     6.8435128286
H       20.2358267004     2.5192874284     2.8740040626
H       16.2368069502     0.0259580603     5.6376260989
32
# Point 9 Energy = 0.0
C       20.6807308071     3.7610391033     7.4291654628
H       18.9544674828     3.6290982200     6.1436701028
C       19.4788957673     2.9972636587     6.8740263561
H       18.7635050635     2.8053713073     7.6842794523
H       20.5789842858     1.8394096235     5.3974485059
C       19.8559490353     1.6760078909     6.2053434150
H       18.9785150884     1.1793242935     5.7754741215
H       20.3160604796     0.9849861266     6.9203512826
H       21.4044587764     3.9786210541     6.6351178795
H       21.1967498954     3.1808448538     8.1996573310
H       20.3736145014     4.7130384628     7.8742928708
Si       16.2746625401     3.4111377225     4.5736598884
O       16.3012011996     5.0356985223     4.7697088717
O       17.5882550441     2.8922864364     3.8019705411
O       15.5727519991     2.8035547982     3.1978805397
O       16.1282232187     2.3308523968     5.7784351939
Si       16.4369500931     6.6830488529     4.4396493397
Si       14.1868739072     2.7796634928     2.3450299946
Si       18.6177866796     2.3577599176     2.6960916123
Si       15.7891141740     0.9307324251     6.6106692177
H       17.7798131142     6.7451990267     3.9995119179
H       15.4585196522     6.8649481644     3.3953393013
H       16.1784833898     7.3414835728     5.7016072972
H       12.9294216676     3.5769119745     2.8375750005
H       14.3402562224     3.3109324368     0.9342976451
H       18.3429666511     3.1053273786     1.4622518012
H       13.6584679746     1.3679024064     2.2319513909
H       18.3645850689     0.9257431852     2.5125389648
H       16.5503688537     0.9273421277     7.8644633802
H       14.3326754079     0.8480677133     6.8805702382
H       20.2070354977     2.4742205126     2.8953812664
H       16.2476370615     0.0154843419     5.6597551769
32
# Point 10 Energy = 0.0
C       20.6857792939     3.7850484482     7.4048161362
H       18.9485462165     3.6327280153     6.1359651981
C       19.4841725205     3.0092386098     6.8657344123
H       18.7775313904     2.8183748100     7.6838740619
H       20.5769600183     1.8484159515     5.3860444627
C       19.8623936279     1.6860656547     6.2015557409
H       18.9835018286     1.1828002253     5.7827479685
H       20.3326334286     1.0016274961     6.9163329587
H       21.4011808094     4.0015439542     6.6029862006
H       21.2122715222     3.2140197874     8.1750683259
H       20.3760825406     4.7382397088     7.8456527141
Si       16.2480854405     3.3994263601     4.6023269712
O       16.2877264026     5.0264515899     4.7804584544
O       17.5348932057     2.8611386393     3.8057716670
O       15.5899118979     2.7791303731     3.2078100344
O       16.1222331386     2.2966421542     5.7876521450
Si       16.4188288416     6.6792998513     4.4531657367
Si       14.2336173945     2.8283752785     2.3134752687
Si       18.5733832710     2.3168422497     2.7208617572
Si       15.8006925246     0.9009118473     6.6373861461
H       17.7544976539     6.7176684999     4.0174632887
H       15.4371553002     6.8420874308     3.4180937363
H       16.1607508197     7.3103327352     5.7204486486
H       12.9599187378     3.6353440785     2.7778821910
H       14.4435618722     3.4101731786     0.9278670816
H       18.3130050923     3.0542433232     1.4804425533
H       13.6711677755     1.4362039338     2.1236239503
H       18.3182634235     0.8863176996     2.5541315015
H       16.5769981205     0.9297853656     7.8761042884
H       14.3494307867     0.8168900250     6.9211800530
H       20.1738547734     2.4237050763     2.9174224062
H       16.2589509304     0.0042296489     5.6828193006
32
# Point 11 Energy = 0.0
C       20.6901824345     3.8112408433     7.3776255286
H       18.9413840510     3.6367691762     6.1271535198
C       19.4890726136     3.0224789915     6.8561392103
H       18.7920105272     2.8329225996     7.6827603877
H       20.5740148527     1.8582265812     5.3733494196
C       19.8687234031     1.6971869049     6.1970597658
H       18.9884668201     1.1866345348     5.7904077651
H       20.3499953462     1.0201337083     6.9115536535
H       21.3964454240     4.0264127426     6.5674034643
H       21.2280057744     3.2502619629     8.1474323088
H       20.3776487071     4.7656818684     7.8138003756
Si       16.2197030425     3.3856793127     4.6325680416
O       16.2720751055     5.0149080987     4.7924465651
O       17.4783639166     2.8280977546     3.8110355431
O       15.6052894094     2.7548377082     3.2200468264
O       16.1143490375     2.2612512839     5.7981384274
Si       16.3990230723     6.6732419113     4.4681713383
Si       14.2865873252     2.8808813139     2.2818807984
Si       18.5242910953     2.2721667153     2.7471233462
Si       15.8134346227     0.8697083636     6.6653861820
H       17.7268271004     6.6872580390     4.0361072415
H       15.4137420873     6.8173022994     3.4431464607
H       16.1424606776     7.2764799874     5.7406266640
H       12.9963399752     3.6985145568     2.7130264292
H       14.5605837077     3.5155124885     0.9286647503
H       18.2781377820     2.9981528049     1.4997211857
H       13.6948568287     1.5132496368     2.0072029487
H       18.2657171028     0.8434314762     2.5988966241
H       16.6056484390     0.9316608578     7.8872273160
H       14.3679667502     0.7828205198     6.9649013276
H       20.1361350468     2.3678438046     2.9398600316
H       16.2704985214     -0.0076468471     5.7063019131
32
# Point 12 Energy = 0.0
C       20.6936339443     3.8395159858     7.3475363710
H       18.9328161681     3.6412261494     6.1171486438
C       19.4933643875     3.0369651686     6.8451098085
H       18.8066818149     2.8490036347     7.6807376218
H       20.5699722447     1.8688490289     5.3592627717
C       19.8747329527     1.7093867876     6.1916868358
H       18.9932570493     1.1908976256     5.7982343498
H       20.3678790372     1.0404975430     6.9057996029
H       21.3899751090     4.0531190041     6.5283818333
H       21.2435781883     3.2894447911     8.1166489976
H       20.3779891525     4.7952367788     7.7787098670
Si       16.1895461031     3.3700594095     4.6642282135
O       16.2543296362     5.0012260016     4.8055329641
O       17.4186365937     2.7933404103     3.8176448714
O       15.6187528645     2.7308352029     3.2344292692
O       16.1044968741     2.2247918516     5.8097181983
Si       16.3777136517     6.6650270239     4.4845201569
Si       14.3462475978     2.9367009689     2.2512715017
Si       18.4704271200     2.2239787520     2.7746999315
Si       15.8272101283     0.8371926136     6.6941990361
H       17.6969205968     6.6540906273     4.0552226589
H       15.3884250795     6.7908340212     3.4704041894
H       16.1238764804     7.2401341216     5.7619584916
H       13.0396126941     3.7662608804     2.6434856844
H       14.6911314670     3.6253039583     0.9388448757
H       18.2382090401     2.9373197686     1.5199684279
H       13.7317702976     1.5990164447     1.8845170693
H       18.2068494034     0.7974163208     2.6465883568
H       16.6359693380     0.9328463538     7.8973484907
H       14.3882120417     0.7460026854     7.0112062597
H       20.0937605385     2.3067676969     2.9624740711
H       16.2820030051     -0.0199856109     5.7296459388
32
# Point 13 Energy = 0.0
C       20.6958298336     3.8697758975     7.3144920361
H       18.9226879225     3.6461107285     6.1058514948
C       19.4968217360     3.0526815346     6.8325035006
H       18.8212846384     2.8666059416     7.6775883680
H       20.5646716090     1.8803040125     5.3436715248
C       19.8802274073     1.7226887082     6.1852512476
H       18.9977328620     1.1956695134     5.8059832231
H       20.3860236322     1.0627171432     6.8988395978
H       21.3814998678     4.0815615167     6.4859389842
H       21.2586116468     3.3314404327     8.0826198105
H       20.3767795714     4.8267760448     7.7403594590
Si       16.1576638351     3.3527412909     4.6971204378
O       16.2345867915     4.9855729712     4.8195576950
O       17.3557151028     2.7570726109     3.8254697353
O       15.6302137089     2.7072665038     3.2507581234
O       16.0925998011     2.1873836097     5.8221779749
Si       16.3551056249     6.6548186698     4.5020580080
Si       14.4129862570     2.9952904812     2.2227067303
Si       18.4117628133     2.1725673245     2.8034226540
Si       15.8418568362     0.8034375223     6.7232988146
H       17.6649227967     6.6183226067     4.0746031862
H       15.3613934028     6.7629600570     3.4997478592
H       16.1052595825     7.2015233597     5.7842456661
H       13.0907880830     3.8384621263     2.5698043488
H       14.8346935886     3.7377309257     0.9605280332
H       18.1931327322     2.8720630613     1.5410754378
H       13.7840512429     1.6932822196     1.7577395992
H       18.1416345523     0.7486536003     2.6969515652
H       16.6675608756     0.9332145023     7.9059639484
H       14.4100667803     0.7065846142     7.0594854803
H       20.0466552486     2.2406519168     2.9850872459
H       16.2931602167     -0.0326294478     5.7522635700
32
# Point 14 Energy = 0.0
C       20.6964761058     3.9019267877     7.2784422702
H       18.9108607478     3.6514441069     6.0931542695
C       19.4992301913     3.0696179198     6.8181705997
H       18.8355640588     2.8857170512     7.6730841894
H       20.5579740172     1.8926277768     5.3264534397
C       19.8850277020     1.7371257054     6.1775541487
H       19.0017720918     1.2010409212     5.8133877447
H       20.4041799337     1.0867966986     6.8904296413
H       21.3707653742     4.1116490689     6.4401031264
H       21.2727342725     3.3761209873     8.0452545036
H       20.3737034925     4.8601729746     7.6987379364
Si       16.1241268106     3.3339131935     4.7310271763
O       16.2129592420     4.9681289673     4.8343449473
O       17.2896440814     2.7195352977     3.8343648817
O       15.6396233654     2.6842653235     3.2688032298
O       16.0785844771     2.1491556237     5.8352696759
Si       16.3314265829     6.6427942492     4.5206267983
Si       14.4870995372     3.0560436091     2.1972579502
Si       18.3483265525     2.1182604453     2.8331290747
Si       15.8571855446     0.7685177118     6.7521100603
H       17.6310033152     6.5801519615     4.0940607981
H       15.3328785371     6.7339981987     3.5310346016
H       16.0868652785     7.1608993381     5.8072783954
H       13.1510423936     3.9150238398     2.4926114357
H       14.9904203105     3.8508378675     0.9957183217
H       18.1428997315     2.8027499335     1.5629399111
H       13.8536751050     1.7955876022     1.6293685031
H       18.0701117021     0.6975683560     2.7497259134
H       16.6999854849     0.9326318111     7.9125584026
H       14.4334047981     0.6647163423     7.1090555330
H       19.9947857052     2.1697056854     3.0075643164
H       16.3036440571     -0.0454233555     5.7735435638
32
# Point 15 Energy = 0.0
C       20.6952973182     3.9358738576     7.2393491963
H       18.8972182482     3.6572530863     6.0789449343
C       19.5003917470     3.0877655107     6.8019613580
H       18.8492747809     2.9063225563     7.6669938796
H       20.5497635123     1.9058627137     5.3074848800
C       19.8889711270     1.7527337464     6.1683926577
H       19.0052680913     1.2071073996     5.8201687654
H       20.4221094244     1.1127395278     6.8803245202
H       21.3575424625     4.1432926240     6.3909176516
H       21.2855868723     3.4233530985     8.0044795294
H       20.3684639035     4.8952993375     7.6538488853
Si       16.0890291314     3.3137757281     4.7657032819
O       16.1895798331     4.9490864861     4.8497029589
O       17.2205135715     2.6810022407     3.8441689199
O       15.6469665498     2.6619538926     3.2883120420
O       16.0623853686     2.1102486390     5.8487175832
Si       16.3069309115     6.6291437551     4.5400597081
Si       14.5687739142     3.1182838461     2.1759895992
Si       18.2802114559     2.0614458186     2.8636548821
Si       15.8729806476     0.7325129695     6.7800219941
H       17.5953627481     6.5398178148     4.1134187464
H       15.3031576881     6.7043046606     3.5640907624
H       16.0689475117     7.1185410585     5.8308298661
H       13.2216704411     3.9958487921     2.4126478499
H       15.1571140068     3.9625532070     1.0462203915
H       18.0875753030     2.7298254804     1.5854653475
H       13.9423640916     1.9051896682     1.5022028866
H       17.9924088001     0.6446468318     2.8046241644
H       16.7327759601     0.9309639684     7.9166211130
H       14.4580714920     0.6205548491     7.1591751483
H       19.9381674997     2.0942124613     3.0298027906
H       16.3131061867     -0.0582136264     5.7928690660
