32
# Point -15 Energy = 0.0
C       20.6667926280     3.6907238748     7.4940085110
H       19.0370067598     3.6654037924     6.1271479944
C       19.4760098988     2.9713833399     6.8622305496
H       18.6976030679     2.7797589317     7.6107457648
H       20.6363064010     1.8685776155     5.3950656984
C       19.8700169603     1.6732984454     6.1546621324
H       19.0194892426     1.1808768498     5.6676768062
H       20.2968421997     0.9581580120     6.8652636595
H       21.4122941115     3.9258023720     6.7259540582
H       21.1536044463     3.0726627422     8.2529126090
H       20.3620302989     4.6301771326     7.9652491132
Si       16.7406155833     3.6698307805     4.5256486577
O       16.4301199478     4.9988723890     4.6543647105
O       17.8213489049     3.0839850745     3.7751351270
O       15.4977832404     2.9404911013     3.1705338082
O       16.1420556370     2.5818189648     5.6123154113
Si       16.4901257024     6.3353024567     4.5425797157
Si       13.7250333056     2.4837845581     2.3779255763
Si       18.7735119276     2.5074488724     2.8075954259
Si       15.6796783905     1.1574147466     6.4211746624
H       17.8205707735     6.9563197740     3.9875435495
H       15.4757388032     6.9060162360     3.4620217089
H       16.2358945425     7.3576827538     5.7523158097
H       12.8596466366     3.2730499210     3.1025069667
H       13.9808097007     2.8673091693     1.0762967498
H       18.5205690714     3.1447100240     1.4255967386
H       13.7390349867     1.1087264529     2.6772381742
H       18.4235061522     1.0154898885     2.5560097181
H       16.3010271304     0.9216392312     7.7258880579
H       14.1921102591     1.1502784531     6.5397947320
H       20.3010392082     2.5073716791     2.9481760784
H       16.0897646810     0.0889363648     5.4655870848
32
# Point -14 Energy = 0.0
C       20.6644159094     3.6858431713     7.4980486584
H       19.0315232135     3.6600472266     6.1320551730
C       19.4721105274     2.9680254528     6.8675329733
H       18.6951934498     2.7776189090     7.6179996886
H       20.6296432921     1.8598429070     5.4018830269
C       19.8636562930     1.6678608188     6.1626779923
H       19.0115279256     1.1769492134     5.6769300576
H       20.2892861527     0.9530043941     6.8743541829
H       21.4109414748     3.9186271892     6.7302464428
H       21.1495618107     3.0676496200     8.2579839166
H       20.3613857114     4.6264202582     7.9682122822
Si       16.7184034378     3.6528306598     4.5189272056
O       16.4156874887     5.0006339228     4.6563477318
O       17.8282915934     3.0782767785     3.7769096248
O       15.4889647876     2.9467431141     3.1722196030
O       16.1351914073     2.5802771384     5.6273604498
Si       16.4891574506     6.3553655549     4.5295750431
Si       13.7399805417     2.4897427940     2.3851575372
Si       18.7802965564     2.5127937343     2.7851100106
Si       15.6885342622     1.1527448889     6.4320511472
H       17.8293905312     6.9458518690     3.9786382085
H       15.4844011915     6.9152525698     3.4426704379
H       16.2387904129     7.3720450532     5.7370954701
H       12.8554147359     3.2780788409     3.1009737483
H       13.9778098500     2.8662574388     1.0699952089
H       18.5140807864     3.1682022575     1.4181927985
H       13.7356836107     1.1076460422     2.6799721042
H       18.4390920887     1.0244024030     2.5246938084
H       16.3190988261     0.9210198482     7.7363951562
H       14.2012268963     1.1296804333     6.5621720620
H       20.3063217953     2.5278983548     2.9273312412
H       16.1029165889     0.0856691432     5.4774523679
32
# Point -13 Energy = 0.0
C       20.6622242883     3.6813273240     7.5019024802
H       19.0262604646     3.6549574260     6.1367582707
C       19.4685267371     2.9649139195     6.8725463380
H       18.6931247165     2.7755345116     7.6249326746
H       20.6234737746     1.8516831094     5.4083290639
C       19.8578135480     1.6628088476     6.1702838570
H       19.0041707770     1.1733355214     5.6857069473
H       20.2823441418     0.9482321303     6.8829694213
H       21.4097505509     3.9120114102     6.7343964775
H       21.1457836314     3.0630056875     8.2628169306
H       20.3607687724     4.6229281021     7.9710774236
Si       16.6964046366     3.6356926904     4.5120603205
O       16.4021352171     5.0021831341     4.6589339657
O       17.8355074093     3.0732608929     3.7791896765
O       15.4802228339     2.9526337213     3.1742050451
O       16.1288797864     2.5788349514     5.6418146024
Si       16.4886948576     6.3749689241     4.5168980126
Si       13.7550226378     2.4955777436     2.3925802942
Si       18.7866560929     2.5179385684     2.7635286568
Si       15.6966545872     1.1484102272     6.4417361439
H       17.8377064939     6.9355879933     3.9701158298
H       15.4927788684     6.9234382272     3.4242697150
H       16.2418410855     7.3856233246     5.7223884861
H       12.8513876877     3.2826224430     3.0996151681
H       13.9749120568     2.8652354555     1.0643013047
H       18.5073083003     3.1900598554     1.4114822429
H       13.7324805486     1.1066412463     2.6825774820
H       18.4535361463     1.0331387060     2.4956065011
H       16.3357031745     0.9200937956     7.7458862810
H       14.2097809898     1.1103208398     6.5826979133
H       20.3110263789     2.5475511616     2.9075264571
H       16.1150994079     0.0827501087     5.4880313766
32
# Point -12 Energy = 0.0
C       20.6602093776     3.6771818507     7.5055495945
H       19.0212134228     3.6501454646     6.1412326916
C       19.4652492605     2.9620574950     6.8772460230
H       18.6913848869     2.7735144850     7.6315181837
H       20.6177915641     1.8441064387     5.4143773696
C       19.8524788027     1.6581503683     6.1774519992
H       18.9974071684     1.1700457650     5.6939768904
H       20.2760027692     0.9438454746     6.8910808489
H       21.4087161980     3.9059612263     6.7383855116
H       21.1422583940     3.0587324072     8.2673906532
H       20.3601716943     4.6197067077     7.9738262831
Si       16.6746245533     3.6184341070     4.5050155442
O       16.3894877684     5.0035139449     4.6621153201
O       17.8429666959     3.0689506811     3.7819629272
O       15.4715628413     2.9581641635     3.1764587152
O       16.1231322878     2.5774986301     5.6556395441
Si       16.4886900699     6.3941289101     4.5045946006
Si       13.7701579654     2.5012949462     2.4001747826
Si       18.7926028174     2.5228054985     2.7428734301
Si       15.7040518758     1.1444188245     6.4502571277
H       17.8454987711     6.9256166515     3.9620057021
H       15.5008065663     6.9306363539     3.4068936671
H       16.2450034284     7.3983837431     5.7082827935
H       12.8475906027     3.2867106736     3.0984264367
H       13.9721492000     2.8642641405     1.0591904709
H       18.5003648644     3.2102404911     1.4054184613
H       13.7294533523     1.1057172140     2.6850458784
H       18.4668441453     1.0415913814     2.4687661593
H       16.3508637726     0.9188948643     7.7544072487
H       14.2177429177     1.0922081240     6.6013955193
H       20.3151810801     2.5662329423     2.8888145547
H       16.1263214854     0.0801480311     5.4973904276
32
# Point -11 Energy = 0.0
C       20.6583629934     3.6734094113     7.5089702497
H       19.0163770145     3.6456208542     6.1454546384
C       19.4622684909     2.9594630723     6.8816081412
H       18.6899616854     2.7715662191     7.6377304741
H       20.6125888254     1.8371186045     5.4200020557
C       19.8476406593     1.6538912322     6.1841553179
H       18.9912246123     1.1670886560     5.7017100078
H       20.2702467457     0.9398464139     6.8986604669
H       21.4078334210     3.9004794330     6.7421954801
H       21.1389744375     3.0548280475     8.2716846071
H       20.3595876988     4.6167593462     7.9764413113
Si       16.6530685912     3.6010726486     4.4977610628
O       16.3777680749     5.0046186123     4.6658809879
O       17.8506384163     3.0653574713     3.7852169670
O       15.4629907848     2.9633359302     3.1789490766
O       16.1179618408     2.5762755734     5.6687985539
Si       16.4890917715     6.4128638844     4.4927106403
Si       13.7853853643     2.5068994652     2.4079220890
Si       18.7981522180     2.5273178183     2.7231666896
Si       15.7107439445     1.1407820335     6.4576430538
H       17.8527472212     6.9160256692     3.9543363308
H       15.5084208638     6.9369115602     3.3906119507
H       16.2482290673     7.4102941437     5.6948645260
H       12.8440420379     3.2903709347     3.0973989764
H       13.9695465245     2.8633604605     1.0546347856
H       18.4933663186     3.2287103889     1.3999585725
H       13.7266224858     1.1048769913     2.6873660800
H       18.4790241037     1.0496595928     2.4441862147
H       16.3646111325     0.9174621053     7.7620022181
H       14.2250913905     1.0753542999     6.6182956058
H       20.3188166177     2.5838456063     2.8712520370
H       16.1365952461     0.0778355199     5.5055961914
32
# Point -10 Energy = 0.0
C       20.6566773639     3.6700097832     7.5121452687
H       19.0117463188     3.6413912801     6.1494011463
C       19.4595746702     2.9571355416     6.8856096698
H       18.6888427705     2.7696957285     7.6435447988
H       20.6078562907     1.8307224331     5.4251780697
C       19.8432864118     1.6500350541     6.1903676882
H       18.9856089154     1.1644712885     5.7088776051
H       20.2650591045     0.9362345483     6.9056812568
H       21.4070975365     3.8955652749     6.7458087745
H       21.1359202093     3.0512878020     8.2756788653
H       20.3590112385     4.6140865688     7.9789054511
Si       16.6317421669     3.5836260510     4.4902658757
O       16.3669972828     5.0054873742     4.6702170719
O       17.8584902701     3.0624901742     3.7889392412
O       15.4545130988     2.9681502447     3.1816446839
O       16.1133824063     2.5751742257     5.6812565870
Si       16.4898455955     6.4311936558     4.4812912263
Si       13.8007040742     2.5123953687     2.4158036857
Si       18.8033228176     2.5314015748     2.7044305866
Si       15.7167526393     1.1375144835     6.4639243935
H       17.8594316580     6.9069011138     3.9471352938
H       15.5155609267     6.9423287902     3.3754889565
H       16.2514650530     7.4213236856     5.6822170226
H       12.8407553511     3.2936278478     3.0965211532
H       13.9671227298     2.8625370721     1.0506041717
H       18.4864298569     3.2454458469     1.3950637961
H       13.7240024199     1.1041216696     2.6895251204
H       18.4900865386     1.0572508831     2.4218738153
H       16.3769811473     0.9158397129     7.7687139423
H       14.2318122499     1.0597755613     6.6334359654
H       20.3219660200     2.6002926476     2.8548983302
H       16.1459354671     0.0757887132     5.5127158463
32
# Point -9 Energy = 0.0
C       20.6551453562     3.6669800447     7.5150560406
H       19.0073167405     3.6374625185     6.1530501443
C       19.4571581497     2.9550778156     6.8892285674
H       18.6880160368     2.7679076982     7.6489375669
H       20.6035835489     1.8249178236     5.4298814078
C       19.8394023835     1.6465831935     6.1960642166
H       18.9805445390     1.1621990052     5.7154525149
H       20.2604216233     0.9330071861     6.9121175017
H       21.4065043525     3.8912145977     6.7492081851
H       21.1330845716     3.0481040979     8.2793540946
H       20.3584381676     4.6116864156     7.9812020297
Si       16.6106507511     3.5661116565     4.4824999720
O       16.3571946873     5.0061082336     4.6751063700
O       17.8664888807     3.0603550382     3.7931168983
O       15.4461367270     2.9726076884     3.1845143471
O       16.1094085839     2.5742039180     5.6929802258
Si       16.4908945517     6.4491389665     4.4703804227
Si       13.8161138048     2.5177853144     2.4238015730
Si       18.8081357186     2.5349866321     2.6866866169
Si       15.7221025478     1.1346339460     6.4691329625
H       17.8655320259     6.8983264044     3.9404294517
H       15.5221692038     6.9469523734     3.3615833913
H       16.2546545463     7.4314424610     5.6704202190
H       12.8377399999     3.2965030761     3.0957789576
H       13.9648911583     2.8618021920     1.0470673614
H       18.4796727840     3.2604338486     1.3906996241
H       13.7216028738     1.1034504855     2.6915090894
H       18.5000439081     1.0642823919     2.4018290478
H       16.3880134357     0.9140767305     7.7745838918
H       14.2378971773     1.0454926711     6.6468606590
H       20.3246640538     2.6154806341     2.8398149849
H       16.1543577105     0.0739869410     5.5188170243
32
# Point -8 Energy = 0.0
C       20.6537607222     3.6643148454     7.5176845505
H       19.0030842155     3.6338384198     6.1563805387
C       19.4550096842     2.9532909249     6.8924439150
H       18.6874699448     2.7662055886     7.6538865211
H       20.5997594062     1.8197017941     5.4340893616
C       19.8359743273     1.6435348136     6.2012215223
H       18.9760150336     1.1602753290     5.7214094553
H       20.2563153137     0.9301595192     6.9179451321
H       21.4060503751     3.8874201021     6.7523768900
H       21.1304571271     3.0452669964     8.2826916410
H       20.3578659095     4.6095547095     7.9833146884
Si       16.5897999627     3.5485460412     4.4744345202
O       16.3483777446     5.0064668041     4.6805282332
O       17.8746000137     3.0589554193     3.7977366096
O       15.4378692392     2.9767078343     3.1875273013
O       16.1060551726     2.5733746654     5.7039375903
Si       16.4921795864     6.4667209756     4.4600210880
Si       13.8316148829     2.5230701264     2.4318984117
Si       18.8126139944     2.5380076662     2.6699550875
Si       15.7268196387     1.1321611326     6.4733017064
H       17.8710286760     6.8903814260     3.9342452787
H       15.5281922048     6.9508451334     3.3489480146
H       16.2577376779     7.4406210475     5.6595501682
H       12.8350027236     3.2990151497     3.0951566281
H       13.9628609696     2.8611594454     1.0439926872
H       18.4732110777     3.2736724600     1.3868358708
H       13.7194300234     1.1028607909     2.6933038734
H       18.5089099030     1.0706819126     2.3840441773
H       16.3977495057     0.9122266943     7.7796524212
H       14.2433422571     1.0325312225     6.6586190308
H       20.3269464648     2.6293206603     2.8260646696
H       16.1618768220     0.0724123497     5.5239677757
32
# Point -7 Energy = 0.0
C       20.6525183514     3.6620067512     7.5200134567
H       18.9990454398     3.6305209623     6.1593723265
C       19.4531207464     2.9517741804     6.8952360829
H       18.6871938608     2.7645917953     7.6583709313
H       20.5963722968     1.8150686165     5.4377807947
C       19.8329878672     1.6408870151     6.2058180352
H       18.9720035234     1.1587019653     5.7267253893
H       20.2527209477     0.9276848708     6.9231420888
H       21.4057330307     3.8841716866     6.7552985020
H       21.1280285481     3.0427646632     8.2856736612
H       20.3572936181     4.6076854193     7.9852273656
Si       16.5691957084     3.5309446897     4.4660420709
O       16.3405621513     5.0065462424     4.6864585056
O       17.8827888255     3.0582915769     3.8027843622
O       15.4297190123     2.9804489138     3.1906533791
O       16.1033366979     2.5726969245     5.7140982202
Si       16.4936402521     6.4839607594     4.4502548182
Si       13.8472084782     2.5282483897     2.4400776432
Si       18.8167819342     2.5404050468     2.6542545045
Si       15.7309298959     1.1301194271     6.4764644443
H       17.8759027202     6.8831416839     3.9286093038
H       15.5335813301     6.9540675852     3.3376295240
H       16.2606525447     7.4488300373     5.6496786901
H       12.8325486021     3.3011792885     3.0946371897
H       13.9610382766     2.8606076994     1.0413487124
H       18.4671577903     3.2851709679     1.3834465927
H       13.7174876539     1.1023479313     2.6948958092
H       18.5166985942     1.0763887311     2.3685029353
H       16.4062308137     0.9103472264     7.7839589679
H       14.2481464750     1.0209217433     6.6687645493
H       20.3288490397     2.6417296982     2.8137099657
H       16.1685055731     0.0710495113     5.5282365376
32
# Point -6 Energy = 0.0
C       20.6514145168     3.6600466430     7.5220262169
H       18.9951981085     3.6275103736     6.1620067387
C       19.4514838418     2.9505253956     6.8975869217
H       18.6871783892     2.7630678550     7.6623717995
H       20.5934107206     1.8110100352     5.4409364367
C       19.8304289542     1.6386350400     6.2098343008
H       18.9684932112     1.1574788782     5.7313798731
H       20.2496195928     0.9255750012     6.9276886849
H       21.4055508924     3.8814568609     6.7579571762
H       21.1257908913     3.0405838821     8.2882832999
H       20.3567223225     4.6060710690     7.9869243416
Si       16.5488443590     3.5133217406     4.4572967721
O       16.3337619691     5.0063272857     4.6928695455
O       17.8910201372     3.0583605015     3.8082452341
O       15.4216954642     2.9838275428     3.1938631823
O       16.1012669199     2.5721813192     5.7234329435
Si       16.4952154517     6.5008788530     4.4411220022
Si       13.8628968988     2.5333160858     2.4483235899
Si       18.8206641584     2.5421255615     2.6396009008
Si       15.7344580138     1.1285345566     6.4786555699
H       17.8801364319     6.8766775337     3.9235486463
H       15.5382937121     6.9566772465     3.3276685757
H       16.2633362942     7.4560395777     5.6408731412
H       12.8303819915     3.3030072297     3.0942028930
H       13.9594272317     2.8601408963     1.0391047148
H       18.4616213382     3.2949497278     1.3805098726
H       13.7157782526     1.1019050738     2.6962722429
H       18.5234234607     1.0813542005     2.3551798913
H       16.4134968084     0.9084995891     7.7875422683
H       14.2523102333     1.0106996169     6.6773534970
H       20.3304065136     2.6526317851     2.8028119921
H       16.1742535186     0.0698850424     5.5316920947
32
# Point -5 Energy = 0.0
C       20.6504470979     3.6584241458     7.5237072592
H       18.9915411470     3.6248053165     6.1642664105
C       19.4500928045     2.9495411539     6.8994799685
H       18.6874156749     2.7616346860     7.6658720714
H       20.5908636748     1.8075155566     5.4435391799
C       19.8282843060     1.6367725335     6.2132532759
H       18.9654678696     1.1566044368     5.7353553751
H       20.2469931196     0.9238204550     6.9315679471
H       21.4055038944     3.8792612027     6.7603377746
H       21.1237378796     3.0387105791     8.2905049019
H       20.3561550474     4.6047031700     7.9883903460
Si       16.5287529434     3.4956898248     4.4481745924
O       16.3279897702     5.0057884097     4.6997303272
O       17.8992587309     3.0591557851     3.8141031595
O       15.4138093243     2.9868385313     3.1971282486
O       16.0998583387     2.5718383437     5.7319137518
Si       16.4968442141     6.5174948572     4.4326619787
Si       13.8786839382     2.5382662968     2.4566215304
Si       18.8242846354     2.5431229476     2.6260071335
Si       15.7374262238     1.1274342110     6.4799097222
H       17.8837136549     6.8710535174     3.9190916219
H       15.5422930190     6.9587280831     3.3190999212
H       16.2657262420     7.4622189518     5.6331962884
H       12.8285073431     3.3045070764     3.0938355478
H       13.9580310538     2.8597479144     1.0372310414
H       18.4567037463     3.3030396961     1.3780074789
H       13.7143040352     1.1015230255     2.6974219875
H       18.5290963388     1.0855420153     2.3440399533
H       16.4195830595     0.9067482221     7.7904405779
H       14.2558339776     1.0019048022     6.6844435530
H       20.3316513618     2.6619589933     2.7934289109
H       16.1791261335     0.0689072595     5.5344035236
32
# Point -4 Energy = 0.0
C       20.6496153622     3.6571285897     7.5250417140
H       18.9880745158     3.6224036308     6.1661351040
C       19.4489427694     2.9488175502     6.9009000489
H       18.6878994194     2.7602929974     7.6688561922
H       20.5887209659     1.8045737368     5.4455734977
C       19.8265417499     1.6352924952     6.2160597099
H       18.9629123126     1.1560762128     5.7386365719
H       20.2448247300     0.9224114955     6.9347648781
H       21.4055930728     3.8775696554     6.7624256408
H       21.1218648447     3.0371307729     8.2923236454
H       20.3555963296     4.6035730306     7.9896104481
Si       16.5089289853     3.4780604097     4.4386530502
O       16.3232560590     5.0049063084     4.7070064384
O       17.9074692974     3.0606681759     3.8203400113
O       15.4060723894     2.9894751587     3.2004209263
O       16.0991216585     2.5716780929     5.7395132200
Si       16.4984661525     6.5338279973     4.4249149293
Si       13.8945748031     2.5430890214     2.4649574987
Si       18.8276664358     2.5433560140     2.6134830652
Si       15.7398537984     1.1268475213     6.4802610661
H       17.8866204108     6.8663282193     3.9152700422
H       15.5455503892     6.9602724086     3.3119541808
H       16.2677611672     7.4673361582     5.6267083922
H       12.8269292339     3.3056827913     3.0935167310
H       13.9568522566     2.8594126569     1.0356991574
H       18.4525020923     3.3094791631     1.3759237875
H       13.7130679075     1.1011899905     2.6983353338
H       18.5337255178     1.0889261861     2.3350399637
H       16.4245201857     0.9051604484     7.7926915017
H       14.2587174769     0.9945808538     6.6900921285
H       20.3326133337     2.6696483718     2.7856167036
H       16.1831249764     0.0681058852     5.5364397813
32
# Point -3 Energy = 0.0
C       20.6489212772     3.6561477868     7.5260170942
H       18.9848005512     3.6203010326     6.1675993340
C       19.4480311758     2.9483491234     6.9018353668
H       18.6886257296     2.7590430935     7.6713123027
H       20.5869737358     1.8021696143     5.4470283763
C       19.8251906308     1.6341855907     6.2182431344
H       18.9608126074     1.1558893942     5.7412135972
H       20.2430989900     0.9213367027     6.9372699388
H       21.4058220197     3.8763644355     6.7642081765
H       21.1201697018     3.0358296524     8.2937276529
H       20.3550539586     4.6026709861     7.9905710925
Si       16.4893817131     3.4604425717     4.4287129391
O       16.3195715179     5.0036556749     4.7146608006
O       17.9156178425     3.0628835218     3.8269375007
O       15.3984993281     2.9917280005     3.2037153809
O       16.0990654714     2.5717098302     5.7462059358
Si       16.5000233120     6.5498941748     4.4179170777
Si       13.9105777818     2.5477709292     2.4733190746
Si       18.8308282853     2.5427956691     2.6020321729
Si       15.7417548898     1.1268049404     6.4797441256
H       17.8888447194     6.8625523966     3.9121147867
H       15.5480446252     6.9613535875     3.3062533167
H       16.2693820227     7.4713578654     5.6214605710
H       12.8256549274     3.3065352632     3.0932279831
H       13.9558957018     2.8591133590     1.0344823948
H       18.4490970476     3.3143205453     1.3742472404
H       13.7120742385     1.1008916523     2.6990054336
H       18.5373174800     1.0914970054     2.3281224302
H       16.4283306810     0.9038056072     7.7943333623
H       14.2609575789     0.9887757142     6.6943555940
H       20.3333156709     2.6756544071     2.7794204780
H       16.1862453866     0.0674718721     5.5378706948
32
# Point -2 Energy = 0.0
C       20.6483684139     3.6554701311     7.5266219829
H       18.9817228820     3.6184930862     6.1686470752
C       19.4473571158     2.9481306149     6.9022757016
H       18.6895926165     2.7578855794     7.6732302995
H       20.5856145684     1.8002882539     5.4478946354
C       19.8242220277     1.6334426314     6.2197950871
H       18.9591565835     1.1560390342     5.7430789483
H       20.2418025268     0.9205851872     6.9390757438
H       21.4061956484     3.8756281923     6.7656736661
H       21.1186522790     3.0347934057     8.2947062227
H       20.3545372581     4.6019879771     7.9912594859
Si       16.4701211051     3.4428445211     4.4183369889
O       16.3169448179     5.0020104160     4.7226535807
O       17.9236709235     3.0657850188     3.8338748885
O       15.3911063425     2.9935863964     3.2069867727
O       16.0996957574     2.5719418265     5.7519669595
Si       16.5014594290     6.5657086925     4.4117063464
Si       13.9267032721     2.5522956861     2.4816944848
Si       18.8337860658     2.5414173129     2.5916539812
Si       15.7431395623     1.1273374633     6.4783921674
H       17.8903771292     6.8597704590     3.9096617407
H       15.5497627751     6.9620131852     3.3020160811
H       16.2705329091     7.4742490402     5.6175018266
H       12.8246928175     3.3070612710     3.0929507355
H       13.9551671816     2.8588236093     1.0335553205
H       18.4465618800     3.3176205223     1.3729676945
H       13.7113297514     1.1006110961     2.6994271192
H       18.5398728987     1.0932535289     2.3232223810
H       16.4310296811     0.9027550482     7.7954040663
H       14.2625489879     0.9845393367     6.6972870739
H       20.3337765609     2.6799361991     2.7748806677
H       16.1884788317     0.0669972770     5.5387656343
32
# Point -1 Energy = 0.0
C       20.6479623366     3.6550842602     7.5268467690
H       18.9788468751     3.6169748723     6.1692684269
C       19.4469216209     2.9481567041     6.9022132454
H       18.6908001930     2.7568214201     7.6746026865
H       20.5846376447     1.7989139303     5.4481660982
C       19.8236288319     1.6330540817     6.2207102747
H       18.9579338478     1.1565196104     5.7442287084
H       20.2409239358     0.9201461869     6.9401784105
H       21.4067206704     3.8753433529     6.7668119993
H       21.1173145493     3.0340089761     8.2952507320
H       20.3540576276     4.6015153813     7.9916640991
Si       16.4511583263     3.4252733211     4.4075105335
O       16.3153834124     4.9999439918     4.7309425887
O       17.9315963843     3.0693524305     3.8411296390
O       15.3839118425     2.9950381829     3.2102116378
O       16.1010155870     2.5723810638     5.7567724295
Si       16.5027209577     6.5812851567     4.4063208062
Si       13.9429644748     2.5566439529     2.4900728381
Si       18.8365511065     2.5392032617     2.5823425524
Si       15.7440131545     1.1284763781     6.4762374203
H       17.8912107774     6.8580197066     3.9079504979
H       15.5507003795     6.9622884537     3.2992565622
H       16.2711618890     7.4759728796     5.6148766122
H       12.8240534328     3.3072539368     3.0926662770
H       13.9546748137     2.8585121285     1.0328939312
H       18.4449575435     3.3194416341     1.3720766122
H       13.7108440642     1.1003288614     2.6995974553
H       18.5413872203     1.0942052294     2.3202652073
H       16.4326237535     0.9020818215     7.7959417171
H       14.2634835858     0.9819232994     6.6989355783
H       20.3340071372     2.6824622637     2.7720290835
H       16.1898126239     0.0666752696     5.5391939302
32
# Point 0 Energy = 0
C       20.6477110000     3.6549790000     7.5266840000
H       18.9761800000     3.6157410000     6.1694560000
C       19.4467280000     2.9484220000     6.9016430000
H       18.6922510000     2.7558520000     7.6754250000
H       20.5840390000     1.7980300000     5.4478400000
C       19.8234060000     1.6330100000     6.2209870000
H       18.9571360000     1.1573250000     5.7446630000
H       20.2404540000     0.9200090000     6.9405780000
H       21.4074060000     3.8754920000     6.7676150000
H       21.1161610000     3.0334640000     8.2953550000
H       20.3536290000     4.6012450000     7.9917750000
Si       16.4325060000     3.4077350000     4.3962220000
O       16.3148940000     4.9974300000     4.7394840000
O       17.9393640000     3.0735620000     3.8486780000
O       15.3769370000     2.9960700000     3.2133680000
O       16.1030250000     2.5730330000     5.7606000000
Si       16.5037570000     6.5966350000     4.4017980000
Si       13.9593780000     2.5607940000     2.4984440000
Si       18.8391290000     2.5361430000     2.5740860000
Si       15.7443760000     1.1302530000     6.4733110000
H       17.8913405600     6.8573308000     3.9070238400
H       15.5508605600     6.9622108000     3.2979838400
H       16.2712205600     7.4764908000     5.6136238400
H       12.8237502400     3.3071035200     3.0923555200
H       13.9544302400     2.8581435200     1.0324755200
H       18.4443303200     3.3198514400     1.3715668800
H       13.7106302400     1.1000235200     2.6995155200
H       18.5418503200     1.0943714400     2.3191668800
H       16.4331100800     0.9018602400     7.7959848800
H       14.2637500800     0.9809802400     6.6993448800
H       20.3340103200     2.6832114400     2.7708868800
H       16.1902300800     0.0665002400     5.5392248800
32
# Point 1 Energy = 0.0
C       20.6476157912     3.6551480686     7.5261210054
H       18.9737233965     3.6147867213     6.1691970643
C       19.4467742807     2.9489233464     6.9005553982
H       18.6939425666     2.7549805619     7.6756883065
H       20.5838113798     1.7976223657     5.4469105464
C       19.8235454515     1.6333026166     6.2206205847
H       18.9567524728     1.1584493204     5.7443794073
H       20.2403815912     0.9201666473     6.9402724400
H       21.4082536701     3.8760614852     6.7680691607
H       21.1151905044     3.0331527105     8.2950083943
H       20.3532571155     4.6011735108     7.9915758860
Si       16.4141706913     3.3902299413     4.3844544944
O       16.3154818009     4.9944365418     4.7482311797
O       17.9469428344     3.0783860448     3.8564965286
O       15.3701957517     2.9966657702     3.2164282475
O       16.1057224024     2.5739007589     5.7634255158
Si       16.5045290543     6.6117630186     4.3981845648
Si       13.9759526930     2.5647223855     2.5067924471
Si       18.8415292214     2.5322301602     2.5668771939
Si       15.7442335551     1.1326994433     6.4696471082
H       17.8907745811     6.8577150859     3.9069372456
H       15.5502649560     6.9618141941     3.2982135587
H       16.2706815528     7.4757514805     5.6137909536
H       12.8237894809     3.3065978024     3.0919954097
H       13.9544342357     2.8576810800     1.0322730744
H       18.4447314064     3.3189167936     1.3714380099
H       13.7106913414     1.0996723201     2.6991742005
H       18.5412598488     1.0937775525     2.3198449198
H       16.4324942517     0.9021745694     7.7955742200
H       14.2633457782     0.9817606222     6.6985659485
H       20.3337878853     2.6821725445     2.7714881608
H       16.1897190571     0.0664665353     5.5389341849
32
# Point 2 Energy = 0.0
C       20.6476798754     3.6555854656     7.5251475586
H       18.9714798232     3.6141070761     6.1684815334
C       19.4470601730     2.9496576939     6.8989438050
H       18.6958741595     2.7542109423     7.6753867665
H       20.5839488994     1.7976762191     5.4453754942
C       19.8240405857     1.6339239491     6.2196100049
H       18.9567741216     1.1598863465     5.7433794888
H       20.2406970773     0.9206123233     6.9392636505
H       21.4092674000     3.8770389408     6.7681632697
H       21.1144037333     3.0330700413     8.2942030124
H       20.3529496321     4.6012981083     7.9910523843
Si       16.3961601495     3.3727578250     4.3721942379
O       16.3171515568     4.9909322863     4.7571369094
O       17.9543038535     3.0837935323     3.8645620625
O       15.3637047370     2.9968089226     3.2193660428
O       16.1091038191     2.5749861108     5.7652262548
Si       16.5050022347     6.6266707028     4.3955264547
Si       13.9927007547     2.5684044257     2.5151029404
Si       18.8437541567     2.5274650976     2.5607036123
Si       15.7435882857     1.1358477384     6.4652783087
H       17.8895222677     6.8591764530     3.9077489002
H       15.5489418892     6.9611250033     3.2999564939
H       16.2695219128     7.4737011175     5.6154187917
H       12.8241807164     3.3057231659     3.0915623696
H       13.9546919327     2.8570857602     1.0322605243
H       18.4461953316     3.3167073320     1.3716912264
H       13.7110340987     1.0992516574     2.6985677942
H       18.5396075392     1.0924570997     2.3222091168
H       16.4307752252     0.9031107001     7.7947501873
H       14.2622671702     0.9843144558     6.6966437221
H       20.3333316127     2.6793449085     2.7738555291
H       16.1882658754     0.0665705990     5.5383969126
32
# Point 3 Energy = 0.0
C       20.6479138674     3.6562832225     7.5237615238
H       18.9694591520     3.6136982587     6.1673077247
C       19.4475919437     2.9506219731     6.8968092736
H       18.6980515335     2.7535471342     7.6745221606
H       20.5844506296     1.7981767902     5.4432391689
C       19.8248897561     1.6348662378     6.2179607440
H       18.9571961629     1.1616315061     5.7416710388
H       20.2413951206     0.9213383751     6.9375593533
H       21.4104584381     3.8784093263     6.7678942870
H       21.1138082599     3.0332077906     8.2929384083
H       20.3527228186     4.6016139019     7.9901990757
Si       16.3784884666     3.3553243880     4.3594363473
O       16.3199036304     4.9868944092     4.7661529009
O       17.9614213192     3.0897529408     3.8728458926
O       15.3574895126     2.9964853779     3.2221625302
O       16.1131600187     2.5762900332     5.7659826918
Si       16.5051375336     6.6413646408     4.3938677663
Si       14.0096457430     2.5718125263     2.5233660840
Si       18.8457928428     2.5218494856     2.5555391894
Si       15.7424333116     1.1397278694     6.4602299876
H       17.8875872528     6.8617224103     3.9095190481
H       15.5469203214     6.9601669436     3.3032138475
H       16.2677121261     7.4702944590     5.6185360954
H       12.8249422949     3.3044608100     3.0910358031
H       13.9552227056     2.8563118466     1.0324177312
H       18.4487330795     3.3132896930     1.3723205203
H       13.7116820832     1.0987345186     2.6977001329
H       18.5368650055     1.0904475987     2.3261572236
H       16.4279324059     0.9047492718     7.7935499703
H       14.2605022590     0.9886890955     6.6936036380
H       20.3326183125     2.6747265100     2.7779848891
H       16.1858526925     0.0668126548     5.5376803115
32
# Point 4 Energy = 0.0
C       20.6483297531     3.6572340492     7.5219629298
H       18.9676723586     3.6135567918     6.1656764550
C       19.4483771664     2.9518136155     6.8941554250
H       18.7004818837     2.7529938070     7.6730990122
H       20.5853166813     1.7991095060     5.4405086587
C       19.8260925418     1.6361221104     6.2156811824
H       18.9580150014     1.1636804920     5.7392650190
H       20.2424717719     0.9223377764     6.9351702823
H       21.4118392401     3.8801580770     6.7672611700
H       21.1134131880     3.0335587037     8.2912163861
H       20.3525943671     4.6021167697     7.9890124760
Si       16.3611701792     3.3379354182     4.3461791068
O       16.3237362487     4.9823026049     4.7752309015
O       17.9682722643     3.0962303032     3.8813188388
O       15.3515773978     2.9956815706     3.2248001533
O       16.1178783121     2.5778115422     5.7656778819
Si       16.5048994213     6.6558490035     4.3932531587
Si       14.0268139028     2.5749187871     2.5315725065
Si       18.8476277944     2.5153893482     2.5513528803
Si       15.7407596278     1.1443687668     6.4545260483
H       17.8849745284     6.8653532060     3.9123121198
H       15.5442356803     6.9589591143     3.3079831697
H       16.2652280491     7.4654848616     5.6231655567
H       12.8260946905     3.3027905354     3.0903939450
H       13.9560497462     2.8553120004     1.0327250090
H       18.4523413240     3.3087289760     1.3733201425
H       13.7126622812     1.0980933653     2.6965757373
H       18.5329991402     1.0877915693     2.3315819372
H       16.4239394211     0.9071722201     7.7920106545
H       14.2580392088     0.9949284137     6.6894642224
H       20.3316153375     2.6683234160     2.7838612265
H       16.1824620908     0.0671952786     5.5368511666
32
# Point 5 Energy = 0.0
C       20.6489400534     3.6584316699     7.5197534403
H       18.9661307571     3.6136799003     6.1635904337
C       19.4494239810     2.9532308599     6.8909877496
H       18.7031730910     2.7525564173     7.6711238248
H       20.5865476598     1.8004606340     5.4371929734
C       19.8276491759     1.6376850250     6.2127816999
H       18.9592277237     1.1660296872     5.7361745483
H       20.2439239361     0.9236044929     6.9321091921
H       21.4134226543     3.8822716425     6.7662644069
H       21.1132283429     3.0341167273     8.2890403956
H       20.3525824382     4.6028035968     7.9874906479
Si       16.3442196086     3.3205971101     4.3324232620
O       16.3286447259     4.9771395497     4.7843227106
O       17.9748363531     3.1031897913     3.8899510333
O       15.3459964740     2.9943849976     3.2272622577
O       16.1232426326     2.5795477832     5.7642973335
Si       16.5042559147     6.6701259203     4.3937292603
Si       14.0442331873     2.5776954226     2.5397125327
Si       18.8492360221     2.5080930990     2.5481098464
Si       15.7385576460     1.1497982282     6.4481887917
H       17.8816906750     6.8700617464     3.9161979549
H       15.5409297832     6.9575181969     3.3142598234
H       16.2620516969     7.4592241058     5.6293251968
H       12.8276594242     3.3006908222     3.0896137088
H       13.9571989776     2.8540378127     1.0331627656
H       18.4570054311     3.3030859332     1.3746841940
H       13.7140045368     1.0973003591     2.6951993503
H       18.5279728877     1.0845344002     2.3383732905
H       16.4187664505     0.9104634553     7.7901687014
H       14.2548681014     1.0030716028     6.6842373732
H       20.3302814608     2.6601472365     2.7914609575
H       16.1780787972     0.0677237737     5.5359757028
32
# Point 6 Energy = 0.0
C       20.6497573582     3.6598708616     7.5171360464
H       18.9648455358     3.6140655510     6.1610539560
C       19.4507406466     2.9548727725     6.8873132694
H       18.7061332772     2.7522411701     7.6686047400
H       20.5881442633     1.8022173958     5.4333026441
C       19.8295601441     1.6395493245     6.2092742737
H       18.9608317099     1.1686762077     5.7324144804
H       20.2457489922     0.9251335125     6.9283904244
H       21.4152214554     3.8847375857     6.7649057117
H       21.1132638244     3.0348770251     8.2864151979
H       20.3527051630     4.6036722905     7.9856329402
Si       16.3276503942     3.3033160815     4.3181717314
O       16.3346211612     4.9713911093     4.7933805774
O       17.9810959078     3.1105940433     3.8987123773
O       15.3407749665     2.9925845767     3.2295328628
O       16.1292337390     2.5814941080     5.7618292459
Si       16.5031785836     6.6841951737     4.3953448562
Si       14.0619325829     2.5801154230     2.5477759383
Si       18.8505896205     2.4999707967     2.5457723825
Si       15.7358183312     1.1560428687     6.4412390112
H       17.8777436548     6.8758333566     3.9212516878
H       15.5370501844     6.9558588606     3.3220374483
H       16.2581714814     7.4514623519     5.6370282805
H       12.8296584868     3.2981394202     3.0886705309
H       13.9586985015     2.8524407065     1.0337112181
H       18.4627007510     3.2964157085     1.3764067712
H       13.7157408740     1.0963279012     2.6935753797
H       18.5217463764     1.0807233005     2.3464202596
H       16.4123821567     0.9147091696     7.7880595411
H       14.2509822700     1.0131523753     6.6779288387
H       20.3285674788     2.6502144704     2.8007531872
H       16.1726907269     0.0684065006     5.5351195495
32
# Point 7 Energy = 0.0
C       20.6507938469     3.6615474975     7.5141147397
H       18.9638272867     3.6147124551     6.1580725693
C       19.4523350917     2.9567392485     6.8831401868
H       18.7093703591     2.7520549660     7.6655511818
H       20.5901068991     1.8043680519     5.4288493359
C       19.8318257987     1.6417102646     6.2051720871
H       18.9628242682     1.1716179015     5.7280009953
H       20.2479444337     0.9269208700     6.9240294995
H       21.4172478640     3.8875446843     6.7631877010
H       21.1135295503     3.0358360167     8.2833465249
H       20.3529801193     4.6047218046     7.9834396908
Si       16.3114750371     3.2860992897     4.3034292797
O       16.3416542073     4.9650463815     4.8023575783
O       17.9870358610     3.1184044837     3.9075730205
O       15.3359406016     2.9902709281     3.2315964416
O       16.1358294831     2.5836441882     5.7582646901
Si       16.5016425894     6.6980537844     4.3981510055
Si       14.0799413724     2.5821531744     2.5557517496
Si       18.8516564622     2.4910335118     2.5443008947
Si       15.7325342827     1.1631280953     6.4336960891
H       17.8731426691     6.8826454471     3.9275535013
H       15.5326495238     6.9539941132     3.3313084032
H       16.2535824558     7.4421480748     5.6462831642
H       12.8321137348     3.2951139379     3.0875383007
H       13.9605779289     2.8504728345     1.0343501615
H       18.4693940331     3.2887668658     1.3784822081
H       13.7179047040     1.0951491575     2.6917073647
H       18.5142781261     1.0764064360     2.3556122725
H       16.4047556619     0.9199981213     7.7857170810
H       14.2463795545     1.0251983009     6.6705388325
H       20.3264169498     2.6385459547     2.8117011192
H       16.1662898439     0.0692551585     5.5343476899
32
# Point 8 Energy = 0.0
C       20.6520608189     3.6634586026     7.5106941955
H       18.9630855542     3.6156200409     6.1546527380
C       19.4542144875     2.9588310029     6.8784775474
H       18.7128916206     2.7520053435     7.6619735126
H       20.5924353418     1.8069019642     5.4238455001
C       19.8344460123     1.6441640266     6.2004891761
H       18.9652023172     1.1748533138     5.7229512321
H       20.2505075513     0.9289636697     6.9190427612
H       21.4195130783     3.8906830385     6.7611135825
H       21.1140348113     3.0369914470     8.2798407620
H       20.3534238045     4.6059521789     7.9809119202
Si       16.2957044875     3.2689538569     4.2882021725
O       16.3497289335     4.9580975816     4.8112079707
O       17.9926436375     3.1265816285     3.9165038329
O       15.3315199794     2.9874365675     3.2334377275
O       16.1430051266     2.5859901545     5.7535977256
Si       16.4996267674     6.7116955003     4.4022010812
Si       14.0982883824     2.5837850122     2.5636281118
Si       18.8524009403     2.4812928248     2.5436548627
Si       15.7287007007     1.1710780896     6.4255780756
H       17.8678980930     6.8904671103     3.9351882513
H       15.5277848998     6.9519355943     3.3420641771
H       16.2482865574     7.4312280059     5.6570930707
H       12.8350462977     3.2915924047     3.0861893941
H       13.9628676431     2.8480879369     1.0350588092
H       18.4770448671     3.2801807229     1.3809053817
H       13.7205299702     1.0937385480     2.6895975040
H       18.5055262481     1.0716322632     2.3658405446
H       16.3958584580     0.9264218499     7.7831731397
H       14.2410633977     1.0392302820     6.6620627167
H       20.3237670084     2.6251664323     2.8242635003
H       16.1588728064     0.0702850046     5.5337243823
32
# Point 9 Energy = 0.0
C       20.6535682559     3.6656024216     7.5068794944
H       18.9626284285     3.6167884076     6.1508015338
C       19.4563848625     2.9611495567     6.8733349404
H       18.7167033255     2.7521004221     7.6578827236
H       20.5951284537     1.8098096433     5.4183040906
C       19.8374198895     1.6469077185     6.1952401364
H       18.9679621337     1.1783816297     5.7172829796
H       20.2534351737     0.9312601121     6.9134470936
H       21.4220268408     3.8941441880     6.7586868855
H       21.1147878566     3.0383424807     8.2759046817
H       20.3540511306     4.6073645946     7.9780510499
Si       16.2803477993     3.2518868247     4.2724978372
O       16.3588267942     4.9505397930     4.8198875181
O       17.9979089802     3.1350853676     3.9254768431
O       15.3275379996     2.9840760122     3.2350415683
O       16.1507336928     2.5885227516     5.7478254471
Si       16.4971137547     6.7251102118     4.4075507243
Si       14.1170012613     2.5849896867     2.5713922373
Si       18.8527847067     2.4707604605     2.5437937283
Si       15.7243161935     1.1799157833     6.4169017331
H       17.8620214913     6.8992586829     3.9442449690
H       15.5225172783     6.9496938120     3.3542957597
H       16.2422928368     7.4186471210     5.6694557850
H       12.8384760354     3.2875537880     3.0845948201
H       13.9655980411     2.8452421267     1.0358157238
H       18.4856070627     3.2706909870     1.3836720457
H       13.7236502859     1.0920721814     2.6872462773
H       18.4954495687     1.0664490548     2.3769991862
H       16.3856661590     0.9340747850     7.7804568165
H       14.2350437222     1.0552621561     6.6524916897
H       20.3205492049     2.6101042387     2.8383959961
H       16.1504413803     0.0715150001     5.5333130444
32
# Point 10 Energy = 0.0
C       20.6553244340     3.6679784947     7.5026759032
H       18.9624621993     3.6182182658     6.1465263713
C       19.4588507753     2.9636972206     6.8677222559
H       18.7208103827     2.7523488487     7.6532901780
H       20.5981839777     1.8130827841     5.4122383589
C       19.8407455451     1.6499393708     6.1894399028
H       18.9710991726     1.1822026018     5.7110144388
H       20.2567234724     0.9338095230     6.9072597223
H       21.4247970583     3.8979212320     6.7559112542
H       21.1157955263     3.0398898158     8.2715452463
H       20.3548749614     4.6089614406     7.9748586660
Si       16.2654118734     3.2349048616     4.2563245501
O       16.3689257039     4.9423706119     4.8283537844
O       18.0028237311     3.1438752186     3.9344656221
O       15.3240173708     2.9801858039     3.2363928402
O       16.1589863387     2.5912314981     5.7409479658
Si       16.4940901586     6.7382833248     4.4142577032
Si       14.1361058231     2.5857487257     2.5790304443
Si       18.8527673634     2.4594480527     2.5446776637
Si       15.7193833985     1.1896628126     6.4076825381
H       17.8555257091     6.9089713160     3.9548162475
H       15.5169109400     6.9472783367     3.3679939641
H       16.2356176484     7.4043487174     5.6833632730
H       12.8424210739     3.2829784454     3.0827244785
H       13.9687987944     2.8418945747     1.0365988448
H       18.4950298985     3.2603236721     1.3867791594
H       13.7272981139     1.0901282212     2.6846521867
H       18.4840086232     1.0609045974     2.3889860489
H       16.3741600254     0.9430542188     7.7775938111
H       14.2283375504     1.0733004110     6.6418134299
H       20.3166903283     2.5933910976     2.8540524103
H       16.1410026277     0.0729678840     5.5331760962
32
# Point 11 Energy = 0.0
C       20.6573355993     3.6705877339     7.4980887285
H       18.9625910835     3.6199108727     6.1418348040
C       19.4616150554     2.9664770783     6.8616495103
H       18.7252160750     2.7527597503     7.6482074188
H       20.6015984047     1.8167142915     5.4056617310
C       19.8444199531     1.6532579267     6.1831036081
H       18.9746079595     1.1863164720     5.7041640597
H       20.2603678313     0.9366123825     6.9004981022
H       21.4278294902     3.9020089452     6.7527903189
H       21.1170629409     3.0416358005     8.2667694901
H       20.3559057124     4.6107463820     7.9713363487
Si       16.2509012976     3.2180139497     4.2396911643
O       16.3800002122     4.9335897223     4.8365663950
O       18.0073815867     3.1529105513     3.9434455985
O       15.3209782218     2.9757644580     3.2374764285
O       16.1677327343     2.5941048445     5.7329683322
Si       16.4905467511     6.7511951269     4.4223816784
Si       14.1556254891     2.5860466883     2.5865282856
Si       18.8523070758     2.4473670265     2.5462681877
Si       15.7139094058     1.2003394454     6.3979346352
H       17.8484250250     6.9195466010     3.9669975237
H       15.5110329614     6.9446979718     3.3831497007
H       16.2282847782     7.3882746265     5.6988012340
H       12.8468974399     3.2778485003     3.0805475199
H       13.9724981689     2.8380080722     1.0373856152
H       18.5052591950     3.2490972626     1.3902251844
H       13.7315040272     1.0878871741     2.6818116305
H       18.4711664844     1.0550460355     2.4017033043
H       16.3613282157     0.9534601279     7.7746057130
H       14.2209693534     1.0933439930     6.6300126613
H       20.3121131823     2.5750620083     2.8711856873
H       16.1305688890     0.0746701783     5.5333747597
32
# Point 12 Energy = 0.0
C       20.6596057159     3.6734324907     7.4931232469
H       18.9630170321     3.6218679649     6.1367343887
C       19.4646786149     2.9694929667     6.8551267441
H       18.7299218554     2.7533426897     7.6426460456
H       20.6053669127     1.8206982949     5.3985877678
C       19.8484388623     1.6568632284     6.1762465192
H       18.9784820503     1.1907238936     5.6967504524
H       20.2643627755     0.9396703471     6.8931798859
H       21.4311275121     3.9064038793     6.7493276476
H       21.1185932564     3.0435845395     8.2615844832
H       20.3571510264     4.6127244221     7.9674855748
Si       16.2368182846     3.2012190754     4.2226068920
O       16.3920217659     4.9241984350     4.8444872638
O       18.0115778407     3.1621507798     3.9523942979
O       15.3184378276     2.9708123521     3.2382772769
O       16.1769414389     2.5971303243     5.7238924134
Si       16.4864786745     6.7638201790     4.4319838724
Si       14.1755808443     2.5858713073     2.5938707581
Si       18.8513610922     2.4345285783     2.5485286171
Si       15.7079059901     1.2119644777     6.3876707515
H       17.8407353476     6.9309162955     3.9808862706
H       15.5049527178     6.9419609249     3.3997542064
H       16.2203254793     7.3703655987     5.7157486080
H       12.8519188022     3.2721481331     3.0780327901
H       13.9767224288     2.8335494581     1.0381531962
H       18.5162381855     3.2370230783     1.3940103264
H       13.7362960838     1.0853320946     2.6787189158
H       18.4568894140     1.0489198270     2.4150577638
H       16.3471667461     0.9653948371     7.7715092781
H       14.2129711318     1.1153841915     6.6170716233
H       20.3067373013     2.5551552002     2.8897486622
H       16.1191575886     0.0766521352     5.5339688199
32
# Point 13 Energy = 0.0
C       20.6621362898     3.6765166042     7.4877847104
H       18.9637396173     3.6240916921     6.1312326176
C       19.4680403326     2.9727494516     6.8481639889
H       18.7349272119     2.7541076245     7.6366176590
H       20.6094833684     1.8250301475     5.3910301954
C       19.8527967708     1.6607559955     6.1688840429
H       18.9827140463     1.1954258548     5.6887923643
H       20.2687019504     0.9429862600     6.8853229623
H       21.4346919595     3.9111044386     6.7455267754
H       21.1203874873     3.0457419765     8.2559973690
H       20.3586155332     4.6149019471     7.9633076945
Si       16.2231627028     3.1845239454     4.2050811431
O       16.4049590409     4.9141992245     4.8520807836
O       18.0154091318     3.1715555243     3.9612915055
O       15.3164104510     2.9653315671     3.2387804984
O       16.1865802670     2.6002946937     5.7137287367
Si       16.4818856399     6.7761267637     4.4431266483
Si       14.1959893204     2.5852135249     2.6010425828
Si       18.8498861619     2.4209437291     2.5514243514
Si       15.7013896653     1.2245551012     6.3769020761
H       17.8324744352     6.9430021852     3.9965811145
H       15.4987413922     6.9390750021     3.4177992367
H       16.2117783926     7.3505618929     5.7341770682
H       12.8574963237     3.2658637836     3.0751493341
H       13.9814953448     2.8284899016     1.0388787569
H       18.5279081822     3.2241057933     1.3981367085
H       13.7416993319     1.0824487051     2.6753664008
H       18.4411473371     1.0425717774     2.4289609710
H       16.3316801598     0.9789625376     7.7683157140
H       14.2043822516     1.1394045823     6.6029704426
H       20.3004795989     2.5337121325     2.9096945519
H       16.1067909018     0.0789476400     5.5350163551
32
# Point 14 Energy = 0.0
C       20.6649262688     3.6798454236     7.4820784142
H       18.9647559954     3.6265845510     6.1253369130
C       19.4716970036     2.9762517956     6.8407712964
H       18.7402295955     2.7550648677     7.6301338658
H       20.6139403788     1.8297064088     5.3830029962
C       19.8574869496     1.6649377932     6.1610317896
H       18.9872956510     1.2004236067     5.6803087126
H       20.2733781385     0.9465641445     6.8769455515
H       21.4385210480     3.9161109218     6.7413912979
H       21.1224443959     3.0481159412     8.2500154648
H       20.3603006989     4.6172867467     7.9588039735
Si       16.2099321869     3.1679307428     4.1871234229
O       16.4187783242     4.9035952897     4.8593139811
O       18.0188732068     3.1810847420     3.9701193563
O       15.3149072929     2.9593256933     3.2389715391
O       16.1966166352     2.6035840599     5.7024883122
Si       16.4767721041     6.7880764141     4.4558730066
Si       14.2168650029     2.5840674304     2.6080285342
Si       18.8478388590     2.4066234282     2.5549230037
Si       15.6943815858     1.2381267486     6.3656381207
H       17.8236621199     6.9557161119     4.0141808985
H       15.4924714766     6.9360478443     3.4372772360
H       16.2026893319     7.3288040843     5.7540505371
H       12.8636386152     3.2589842664     3.0718669339
H       13.9868378138     2.8228050414     1.0395398192
H       18.5402090486     3.2103440596     1.4026084704
H       13.7477354543     1.0792254347     2.6717447549
H       18.4239141568     1.0360471191     2.4433291038
H       16.3148819213     0.9942686722     7.7650299928
H       14.1952490647     1.1653810190     6.5876874176
H       20.2932549557     2.5107775135     2.9309771967
H       16.0934953191     0.0815940837     5.5365734468
32
# Point 15 Energy = 0.0
C       20.6679720146     3.6834257983     7.4760098157
H       18.9660609381     3.6293493208     6.1190546742
C       19.4756433500     2.9800059168     6.8329588157
H       18.7458244082     2.7562250459     7.6232063338
H       20.6187293810     1.8347248044     5.3745205420
C       19.8625015026     1.6694109893     6.1527056807
H       18.9922177563     1.2057185952     5.6713186609
H       20.2783833050     0.9504091739     6.8680663399
H       21.4426103685     3.9214255222     6.7369250153
H       21.1247604464     3.0507161533     8.2436464074
H       20.3622047635     4.6198880047     7.9539756899
Si       16.1971223158     3.1514399330     4.1687432830
O       16.4334439297     4.8923901588     4.8661566340
O       18.0219687109     3.1906988300     3.9788623602
O       15.3139365405     2.9527996147     3.2388363800
O       16.2070178891     2.6069839974     5.6901844459
Si       16.4711474118     6.7996235416     4.4702860067
Si       14.2382185565     2.5824301126     2.6148138008
Si       18.8451758214     2.3915786846     2.5589943958
Si       15.6869073220     1.2526929241     6.3538865715
H       17.8143205197     6.9689601812     4.0337837111
H       15.4862162481     6.9328872177     3.4581814994
H       16.1931109216     7.3050340949     5.7753247706
H       12.8703517802     3.2515008050     3.0681566527
H       13.9927675941     2.8164749864     1.0401146353
H       18.5530795013     3.1957311882     1.4074317890
H       13.7544225494     1.0756533812     2.6678433156
H       18.4051679310     1.0293906073     2.4580827322
H       16.2967945662     1.0114192150     7.7616502072
H       14.1856243548     1.1932816626     6.5711992313
H       20.2849767559     2.4863993208     2.9535510827
H       16.0793011461     0.0846322182     5.5386938791
