32
# Point -15 Energy = 0.0
C       20.3547561871     3.5894257841     7.4448592607
H       19.2987947008     4.2595809248     6.7574267146
C       19.5987649545     3.2551500472     7.1063676807
H       19.0980647748     3.4140811557     8.0696769140
H       20.5921828485     1.5689207873     5.2258011565
C       19.8298199970     1.4259330312     6.0128930959
H       18.9919724740     0.9129045214     5.5260303141
H       20.3035983792     0.6437081361     6.6312988671
H       21.0538437488     3.9079665723     6.6744908727
H       20.8063055349     2.9807455756     8.2214437033
H       19.8970248162     4.4769717183     7.8929642907
Si       16.4387033300     3.3971554676     4.3398331299
O       16.3493026357     4.9964360504     4.7407764010
O       17.9537776606     3.0388875599     3.8447762869
O       15.4778200715     3.0132061017     3.2818888000
O       16.0951634582     2.4476179833     5.8564496459
Si       16.5446413247     6.5657468635     4.4080937433
Si       13.9470337345     2.5553419380     2.4902964664
Si       18.8470346634     2.4996458637     2.5669241161
Si       15.7650523559     1.1420863569     6.4610852177
H       17.9328277743     6.8258905782     3.9077989941
H       15.5908083529     6.9451977854     3.3074825064
H       16.3226920555     7.4528797499     5.6209421057
H       12.8414578875     3.3150698138     3.1008099033
H       13.9638096556     2.8601521397     1.0380409059
H       18.4550751369     3.2879160162     1.3686821209
H       13.7115145552     1.1024872416     2.7038919815
H       18.5398827811     1.0601338421     2.3120813728
H       16.4508160785     0.8768078595     7.7988285749
H       14.2785118949     0.9735866513     6.7105726416
H       20.3439870639     2.6359236451     2.7619566977
H       16.1929397135     0.0457442380     5.5427008778
32
# Point -14 Energy = 0.0
C       20.3779405178     3.5891652997     7.4500651232
H       19.2792104061     4.2264006929     6.7148822635
C       19.5886119332     3.2361112687     7.0930770059
H       19.0664527928     3.3744217994     8.0481791416
H       20.5928571362     1.5812528405     5.2428526680
C       19.8295798145     1.4390549677     6.0284518772
H       18.9885296014     0.9310826585     5.5417162960
H       20.2969713234     0.6596098965     6.6541753171
H       21.0822408310     3.8991444288     6.6801637936
H       20.8282689098     2.9781518672     8.2263433644
H       19.9337865252     4.4828320681     7.8996777182
Si       16.4376660650     3.3984489527     4.3431870715
O       16.3454011639     4.9971687553     4.7400394191
O       17.9525110744     3.0425888750     3.8448144806
O       15.4707474822     3.0118326090     3.2769508293
O       16.0951738998     2.4566882210     5.8497726164
Si       16.5396240850     6.5685220411     4.4068477861
Si       13.9477871995     2.5544703428     2.4904970079
Si       18.8465988918     2.5037133366     2.5673528127
Si       15.7637737476     1.1417514316     6.4614762421
H       17.9277241599     6.8292980590     3.9071015406
H       15.5858394736     6.9464508615     3.3058244056
H       16.3163562872     7.4552250327     5.6194788902
H       12.8397263653     3.3127938124     3.0997279882
H       13.9630522152     2.8586178280     1.0372796571
H       18.4541346196     3.2912582769     1.3686510331
H       13.7121614053     1.1009792372     2.7034230555
H       18.5408906476     1.0638408308     2.3127347178
H       16.4496917994     0.8795005776     7.7983787801
H       14.2776700587     0.9736937893     6.7091899340
H       20.3433258019     2.6415400927     2.7626092324
H       16.1936743658     0.0476912488     5.5422432909
32
# Point -13 Energy = 0.0
C       20.4007210253     3.5893821331     7.4552879084
H       19.2591454997     4.1917462819     6.6722128697
C       19.5783861445     3.2169370474     7.0797384166
H       19.0350127469     3.3342809330     8.0258100056
H       20.5938239050     1.5939308581     5.2599409972
C       19.8297058485     1.4522076348     6.0440580802
H       18.9857658823     0.9487974420     5.5574913981
H       20.2911068181     0.6759509327     6.6771508066
H       21.1100369142     3.8908864866     6.6858363458
H       20.8501035706     2.9762791639     8.2312846364
H       19.9699301351     4.4888874455     7.9062697201
Si       16.4366371274     3.3997109159     4.3465832649
O       16.3416322667     4.9978543192     4.7393788287
O       17.9512128339     3.0461576907     3.8448788050
O       15.4636590197     3.0105266383     3.2720422838
O       16.0951707678     2.4657038044     5.8431160919
Si       16.5348229531     6.5712442764     4.4057047861
Si       13.9484934014     2.5538044941     2.4907129178
Si       18.8460890925     2.5076231399     2.5677893257
Si       15.7624106874     1.1413939566     6.4619058789
H       17.9228439829     6.8325810118     3.9064913146
H       15.5810942079     6.9477277813     3.3042912546
H       16.3103074498     7.4575058395     5.6181385988
H       12.8380060356     3.3107827964     3.0986789727
H       13.9622645724     2.8573120456     1.0365407729
H       18.4531668891     3.2944991933     1.3686501957
H       13.7126635043     1.0996893789     2.7029434625
H       18.5417283042     1.0674182822     2.3133605702
H       16.4484799885     0.8820952394     7.7979481808
H       14.2767370937     0.9738838469     6.7078653984
H       20.3425991302     2.6468946436     2.7632651197
H       16.1942228010     0.0496063467     5.5417981514
32
# Point -12 Energy = 0.0
C       20.4230676539     3.5901336419     7.4605010986
H       19.2385879393     4.1555348232     6.6294948006
C       19.5680916646     3.1975999620     7.0663522164
H       19.0038295274     3.2936127450     8.0025899579
H       20.5950507522     1.6069608874     5.2770505177
C       19.8301774052     1.4653851715     6.0597062388
H       18.9836602885     0.9660114593     5.5733636937
H       20.2860055587     0.6927367431     6.7002215879
H       21.1371940759     3.8832819624     6.6914800895
H       20.8718122319     2.9752106719     8.2362455383
H       20.0053758424     4.4951931824     7.9127030698
Si       16.4356245735     3.4009343414     4.3500237874
O       16.3380113843     4.9984857275     4.7388021821
O       17.9498895137     3.0495817723     3.8449695256
O       15.4565595716     3.0092912397     3.2671644621
O       16.0951595758     2.4746549419     5.8364798039
Si       16.5302608832     6.5739069479     4.4046774768
Si       13.9491548268     2.5533551757     2.4909447325
Si       18.8455086289     2.5113628542     2.5682316308
Si       15.7609608664     1.1410037672     6.4623692533
H       17.9182112712     6.8357279360     3.9059811811
H       15.5765963914     6.9490299767     3.3028974419
H       16.3045732111     7.4597128913     5.6169370003
H       12.8363029721     3.3090513885     3.0976663956
H       13.9614497423     2.8562506292     1.0358257498
H       18.4521781693     3.2976322878     1.3686803686
H       13.7130164556     1.0986289539     2.7024490890
H       18.5423921163     1.0708557631     2.3139522772
H       16.4471783556     0.8845741520     7.7975309113
H       14.2757100610     0.9741528857     6.7065943294
H       20.3418114791     2.6519672093     2.7639220374
H       16.1945776109     0.0514799085     5.5413569148
32
# Point -11 Energy = 0.0
C       20.4449486032     3.5914802097     7.4656829255
H       19.2175416880     4.1176975538     6.5868280269
C       19.5577366646     3.1780725914     7.0529190058
H       18.9730010868     3.2523692995     7.9785492012
H       20.5964788640     1.6203538786     5.2941446000
C       19.8309506802     1.4785887053     6.0753731992
H       18.9821607737     0.9827082736     5.5893243494
H       20.2816393020     0.7099696951     6.7233570836
H       21.1636764523     3.8764294257     6.6970758581
H       20.8933936102     2.9750273118     8.2412056666
H       20.0400400411     4.5018065366     7.9189505432
Si       16.4346404665     3.4021097996     4.3535116673
O       16.3345577381     4.9990538120     4.7383171292
O       17.9485516769     3.0528465116     3.8450878124
O       15.4494578723     3.0081265227     3.2623199851
O       16.0951503700     2.4835302799     5.8298650829
Si       16.5259643262     6.5765011383     4.4037778321
Si       13.9497778123     2.5531293589     2.4911948195
Si       18.8448647277     2.5149171368     2.5686787492
Si       15.7594266949     1.1405693685     6.4628637601
H       17.9138534156     6.8387249939     3.9055828676
H       15.5723730946     6.9503558313     3.3016565455
H       16.2991847847     7.4618352364     5.6158886585
H       12.8346270622     3.3076105867     3.0966954006
H       13.9606142816     2.8554448523     1.0351377460
H       18.4511782143     3.3006474448     1.3687429955
H       13.7132199806     1.0978055507     2.7019384749
H       18.5428825102     1.0741397281     2.3145050602
H       16.4457896361     0.8869191393     7.7971234250
H       14.2745908463     0.9744955321     6.7053746529
H       20.3409711548     2.6567351333     2.7645783875
H       16.1947361681     0.0533005618     5.5409138483
32
# Point -10 Energy = 0.0
C       20.4663308082     3.5934829674     7.4708187169
H       19.1960296833     4.0781883035     6.5443385123
C       19.5473339952     3.1583288017     7.0394395209
H       18.9426386294     3.2105029741     7.9537282877
H       20.5980205042     1.6341256059     5.3111623382
C       19.8319562799     1.4918269538     6.0910149819
H       18.9811803420     0.9988968887     5.6053440612
H       20.2779468147     0.7276468128     6.7464949841
H       21.1894513762     3.8704349559     6.7026167488
H       20.9148414361     2.9758029644     8.2461471420
H       20.0738373848     4.5087838425     7.9249997087
Si       16.4337011781     3.4032254262     4.3570508700
O       16.3312943211     4.9995472856     4.7379310072
O       17.9472141965     3.0559350917     3.8452356755
O       15.4423667948     3.0070291170     3.2575129854
O       16.0951583370     2.4923171594     5.8232750852
Si       16.5219628511     6.5790156169     4.4030162301
Si       13.9503728761     2.5531291703     2.4914678067
Si       18.8441688033     2.5182677575     2.5691307408
Si       15.7578162701     1.1400783055     6.4633896925
H       17.9098006884     6.8415561640     3.9053059369
H       15.5684540743     6.9517001755     3.3005804902
H       16.2941764667     7.4638604883     5.6150058914
H       12.8329922336     3.3064666386     3.0957730773
H       13.9597684301     2.8549000178     1.0344819368
H       18.4501803633     3.3035305511     1.3688400340
H       13.7132785799     1.0972220331     2.7014136403
H       18.5432045851     1.0772534326     2.3150164035
H       16.4443227218     0.8891123978     7.7967251182
H       14.2733871876     0.9749050871     6.7042077275
H       20.3400906440     2.6611735963     2.7652331165
H       16.1947017429     0.0550554171     5.5404668916
32
# Point -9 Energy = 0.0
C       20.4871807877     3.5962005849     7.4759036356
H       19.1740965806     4.0369935666     6.5021791868
C       19.5369016489     3.1383454766     7.0259143893
H       18.9128657529     3.1679698283     7.9281780880
H       20.5995577069     1.6482962759     5.3280160739
C       19.8330975686     1.5051165725     6.1065640852
H       18.9805940476     1.0146160086     5.6213695506
H       20.2748305179     0.7457571572     6.7695370341
H       21.2144909046     3.8654089849     6.7081114146
H       20.9361434493     2.9775983293     8.2510558228
H       20.1066839256     4.5161767433     7.9308583676
Si       16.4328274904     3.4042670662     4.3606461991
O       16.3282475839     4.9999529408     4.7376502845
O       17.9458963889     3.0588288937     3.8454158042
O       15.4353034509     3.0059916641     3.2527492488
O       16.0952042803     2.5010020586     5.8167149635
Si       16.5182883462     6.5814369847     4.4024004013
Si       13.9509548787     2.5533507762     2.4917710003
Si       18.8434366113     2.5213938851     2.5695886076
Si       15.7561443325     1.1395177309     6.4639508919
H       17.9060853155     6.8442036322     3.9051565124
H       15.5648707628     6.9530538334     3.2996784909
H       16.2895847125     7.4657752582     5.6142974828
H       12.8314164685     3.3056197762     3.0949087794
H       13.9589260385     2.8546139059     1.0338658468
H       18.4492013539     3.3062633112     1.3689736707
H       13.7132021275     1.0968754212     2.7008809612
H       18.5433686486     1.0801770686     2.3154864164
H       16.4427938128     0.8911376497     7.7963389691
H       14.2721137033     0.9753737400     6.7030991933
H       20.3391867390     2.6652563839     2.7658854158
H       16.1944846635     0.0567304913     5.5400185718
32
# Point -8 Energy = 0.0
C       20.5074659733     3.5996850419     7.4809457078
H       19.1518109049     3.9941436449     6.4605288416
C       19.5264629924     3.1181047095     7.0123437892
H       18.8838161633     3.1247339253     7.9019588011
H       20.6009428079     1.6628898076     5.3445903731
C       19.8342503611     1.5184821677     6.1219277528
H       18.9802376541     1.0299376055     5.6373205801
H       20.2721544520     0.7642789983     6.7923463022
H       21.2387737853     3.8614615156     6.7135874600
H       20.9572805182     2.9804534354     8.2559228122
H       20.1385015348     4.5240275073     7.9365603402
Si       16.4320443943     3.4052186370     4.3643030819
O       16.3254467084     5.0002560616     4.7374798484
O       17.9446218582     3.0615082073     3.8456312808
O       15.4282890018     3.0050024022     3.2480362676
O       16.0953148536     2.5095712521     5.8101919361
Si       16.5149736895     6.5837500357     4.4019341731
Si       13.9515429165     2.5537832574     2.4921147312
Si       18.8426881352     2.5242727094     2.5700540783
Si       15.7544331010     1.1388751939     6.4645553524
H       17.9027399946     6.8466484850     3.9051357780
H       15.5616546899     6.9544032908     3.2989557911
H       16.2854466330     7.4675658196     5.6137671712
H       12.8299215056     3.3050628727     3.0941143657
H       13.9581041930     2.8545751689     1.0332996050
H       18.4482607995     3.3088233373     1.3691459000
H       13.7130063022     1.0967557471     2.7003520208
H       18.5433905840     1.0828882068     2.3159181186
H       16.4412274761     0.8929815989     7.7959721294
H       14.2707928108     0.9758929023     6.7020597928
H       20.3382803882     2.6689570990     2.7665342838
H       16.1941034174     0.0583113560     5.5395768936
32
# Point -7 Energy = 0.0
C       20.5271566126     3.6039764257     7.4859689168
H       19.1292661615     3.9497238471     6.4195881522
C       19.5160466437     3.0975963919     6.9987270109
H       18.8556296460     3.0807724791     7.8751376778
H       20.6020014591     1.6779328137     5.3607432058
C       19.8352645204     1.5319559077     6.1369878556
H       18.9799087905     1.0449691775     5.6530881502
H       20.2697442961     0.7831771328     6.8147469037
H       21.2622878559     3.8586955169     6.7190945942
H       20.9782260952     2.9843791218     8.2607462340
H       20.1692236864     4.5323635840     7.9421710399
Si       16.4313804748     3.4060627582     4.3680272086
O       16.3229223714     5.0004410856     4.7374221500
O       17.9434179425     3.0639532912     3.8458851480
O       15.4213480772     3.0040449253     3.2433831542
O       16.0955224142     2.5180116979     5.8037151953
Si       16.5120508077     6.5859383804     4.4016160657
Si       13.9521598501     2.5544075932     2.4925125554
Si       18.8419471082     2.5268804678     2.5705292437
Si       15.7527128378     1.1381396437     6.4652156864
H       17.8997957859     6.8488717490     3.9052383294
H       15.5588352708     6.9557305670     3.2984122564
H       16.2817978304     7.4692190201     5.6134119906
H       12.8285321315     3.3047801355     3.0934042978
H       13.9573224533     2.8547618340     1.0327960532
H       18.4473802541     3.3111846205     1.3693579534
H       13.7127127425     1.0968450018     2.6998443144
H       18.5432919409     1.0853626256     2.3163175755
H       16.4396574451     0.8946356412     7.7956363705
H       14.2694553797     0.9764536649     6.7011060487
H       20.3373961729     2.6722508704     2.7671779372
H       16.1935855417     0.0597840281     5.5391560844
32
# Point -6 Energy = 0.0
C       20.5462282760     3.6090970174     7.4910159895
H       19.1065804199     3.9038841701     6.3795721949
C       19.5056858651     3.0768210188     6.9850619392
H       18.8284461537     3.0360814870     7.8477852410
H       20.6025386309     1.6934533612     5.3763100467
C       19.8359679624     1.5455766882     6.1516030810
H       18.9793714148     1.0598539867     5.6685346954
H       20.2673901798     0.8024008573     6.8365271908
H       21.2850327781     3.8571985448     6.7247070389
H       20.9989462776     2.9893482071     8.2655331724
H       20.1988024462     4.5411917915     7.9477919878
Si       16.4308667979     3.4067816668     4.3718240095
O       16.3207049488     5.0004925243     4.7374762539
O       17.9423146765     3.0661457847     3.8461798207
O       15.4145077207     3.0030982104     3.2388003669
O       16.0958643609     2.5263121192     5.7972955975
Si       16.5095481224     6.5879853508     4.4014378611
Si       13.9528313799     2.5551959251     2.4929812126
Si       18.8412400864     2.5291939079     2.5710160287
Si       15.7510219615     1.1373025958     6.4659493235
H       17.8972793901     6.8508557807     3.9054505321
H       15.5564369848     6.9570133826     3.2980409396
H       16.2786695731     7.4707234155     5.6132206210
H       12.8272749868     3.3047460090     3.0927955121
H       13.9566016509     2.8551401399     1.0323706281
H       18.4465818170     3.3133184766     1.3696095922
H       13.7123487974     1.0971163348     2.6993816503
H       18.5430996277     1.0875755741     2.3166938059
H       16.4381269513     0.8960977025     7.7953482630
H       14.2681409287     0.9770473554     6.7002606423
H       20.3365613270     2.6751165391     2.7678130896
H       16.1929681056     0.0611360744     5.5387770317
32
# Point -5 Energy = 0.0
C       20.5646648780     3.6150452183     7.4961503538
H       19.0838939483     3.8568454105     6.3406992508
C       19.4954173771     3.0557923854     6.9713445023
H       18.8023981879     2.9906812561     7.8199700214
H       20.6023477761     1.7094796240     5.3911113767
C       19.8361733591     1.5593888466     6.1656140086
H       18.9783641620     1.0747685932     5.6834971319
H       20.2648528746     0.8218832062     6.8574472411
H       21.3070228717     3.8570330391     6.7305245538
H       21.0194007510     2.9952875332     8.2703015548
H       20.2272161457     4.5504927875     7.9535631741
Si       16.4305352641     3.4073583942     4.3756979792
O       16.3188221998     5.0003961045     4.7376368931
O       17.9413432306     3.0680703993     3.8465163667
O       15.4077958331     3.0021370037     3.2342992081
O       16.0963818492     2.5344641944     5.7909450862
Si       16.5074875069     6.5898751573     4.4013833375
Si       13.9535846354     2.5561113022     2.4935402508
Si       18.8405950372     2.5311921436     2.5715155116
Si       15.7494065221     1.1363593479     6.4667783097
H       17.8952099610     6.8525859378     3.9057491232
H       15.5544761096     6.9582257084     3.2978268155
H       16.2760854567     7.4720705395     5.6131719846
H       12.8261768753     3.3049245129     3.0923069931
H       13.9559622549     2.8556640004     1.0320409397
H       18.4458863072     3.3151950137     1.3698983093
H       13.7119467586     1.0975337136     2.6989940633
H       18.5428451062     1.0895034569     2.3170583803
H       16.4366883618     0.8973739799     7.7951289522
H       14.2668971662     0.9776661439     6.6995523163
H       20.3358042696     2.6775391959     2.7684341466
H       16.1922975630     0.0623578498     5.5384672235
32
# Point -4 Energy = 0.0
C       20.5824619380     3.6217901749     7.5014566482
H       19.0613646531     3.8088994969     6.3031763962
C       19.4852795712     3.0345397079     6.9575681619
H       18.7776020766     2.9446210061     7.7917521950
H       20.6012228031     1.7260385497     5.4049635701
C       19.8356874543     1.5734404517     6.1788513174
H       18.9766126675     1.0899171801     5.6977934209
H       20.2618735802     0.8415420382     6.8772509641
H       21.3282896499     3.8582262631     6.7366714032
H       21.0395448151     3.0020724719     8.2750816384
H       20.2544767720     4.5602167248     7.9596620866
Si       16.4304164939     3.4077781139     4.3796518944
O       16.3172966015     5.0001400283     4.7378936735
O       17.9405338831     3.0697167305     3.8468937158
O       15.4012391757     3.0011326323     3.2298910896
O       16.0971178581     2.5424637057     5.7846758388
Si       16.5058810483     6.5915942091     4.4014274277
Si       13.9544463203     2.5571081262     2.4942112512
Si       18.8400394869     2.5328587618     2.5720271380
Si       15.7479188868     1.1353100722     6.4677285838
H       17.8935957781     6.8540523715     3.9061003635
H       15.5529573563     6.9593387424     3.2977459413
H       16.2740578760     7.4732561573     5.6132343976
H       12.8252626599     3.3052692762     3.0919590025
H       13.9554224070     2.8562754041     1.0318260001
H       18.4453111341     3.3167850862     1.3702185323
H       13.7115425119     1.0980522598     2.6987170745
H       18.5425630331     1.0911258341     2.3174246582
H       16.4354019267     0.8984802776     7.7950034129
H       14.2657787071     0.9783036174     6.6990151363
H       20.3351527013     2.6795128041     2.7690324112
H       16.1916287730     0.0634437242     5.5382600148
32
# Point -3 Energy = 0.0
C       20.5996296032     3.6292681704     7.5070391991
H       19.0391613914     3.7604022250     6.2671832690
C       19.4753102174     3.0131086266     6.9437235409
H       18.7541491927     2.8979816192     7.7631769224
H       20.5989718570     1.7431546249     5.4176924380
C       19.8343223926     1.5877812311     6.1911468090
H       18.9738452321     1.1055225549     5.7112328172
H       20.2581869543     0.8612833405     6.8956823195
H       21.3488835092     3.8607613569     6.7432927175
H       21.0593324914     3.0095256379     8.2799166672
H       20.2806357051     4.5702810916     7.9662984369
Si       16.4305374317     3.4080295056     4.3836860163
O       16.3161426521     4.9997161923     4.7382306107
O       17.9399136937     3.0710809381     3.8473079011
O       15.3948611109     3.0000542564     3.2255866083
O       16.0981146997     2.5503114506     5.7784991767
Si       16.5047280775     6.5931324372     4.4015360789
Si       13.9554405677     2.5581334646     2.4950166484
Si       18.8395983802     2.5341839240     2.5725479194
Si       15.7466155896     1.1341605707     6.4688286736
H       17.8924312740     6.8552516914     3.9064600643
H       15.5518709218     6.9603223056     3.2977653268
H       16.2725848248     7.4742812945     5.6133656024
H       12.8245529486     3.3057245043     3.0917719796
H       13.9549958324     2.8569060072     1.0317451159
H       18.4448681094     3.3180625829     1.3705609536
H       13.7111736269     1.0986194458     2.6985901993
H       18.5422893808     1.0924275210     2.3178066646
H       16.4343335418     0.8994425905     7.7949991261
H       14.2648448998     0.9789552261     6.6986870187
H       20.3346314241     2.6810425126     2.7695954265
H       16.1910230658     0.0643930997     5.5381931121
32
# Point -2 Energy = 0.0
C       20.6161947913     3.6373818451     7.5130180985
H       19.0174556156     3.7117576624     6.2328562157
C       19.4655438976     2.9915606034     6.9297982887
H       18.7320984641     2.8508757030     7.7342685208
H       20.5954312996     1.7608487689     5.4291479169
C       19.8319079247     1.6024602337     6.2023462245
H       18.9698103676     1.1218142759     5.7236292130
H       20.2535363310     0.8810067134     6.9125041246
H       21.3688739697     3.8645712678     6.7505480503
H       21.0787204245     3.0174212390     8.2848622741
H       20.3057862654     4.5805716044     7.9737042116
Si       16.4309189766     3.4081059312     4.3877974076
O       16.3153645781     4.9991211651     4.7386261737
O       17.9395041703     3.0721669910     3.8477514641
O       15.3886793681     2.9988704982     3.2213945349
O       16.0994112157     2.5580137123     5.7724243527
Si       16.5040130361     6.5944844163     4.4016670464
Si       13.9565867639     2.5591292933     2.4959782323
Si       18.8392919072     2.5351661241     2.5730717407
Si       15.7455544471     1.1329224920     6.4701078622
H       17.8916950129     6.8561881975     3.9067747340
H       15.5511905680     6.9611465605     3.2978437468
H       16.2716476522     7.4751528189     5.6135139336
H       12.8240618888     3.3062270123     3.0917652112
H       13.9546899255     2.8574800278     1.0318165381
H       18.4445615293     3.3190067790     1.3709121362
H       13.7108770289     1.0991772277     2.6986547435
H       18.5420591823     1.0934004825     2.3182176816
H       16.4335516034     0.9002966363     7.7951442275
H       14.2641568572     0.9796185143     6.6986075584
H       20.3342601528     2.6821461918     2.7701065976
H       16.1905453843     0.0652110111     5.5383062981
32
# Point -1 Energy = 0.0
C       20.6322017900     3.6460029700     7.5195229369
H       18.9964122079     3.6633951499     6.2002754551
C       19.4560095178     2.9699704528     6.9157772561
H       18.7114715480     2.8034444935     7.7050266784
H       20.5904779191     1.7791373276     5.4392177829
C       19.8283029307     1.6175233645     6.2123221849
H       18.9642940587     1.1390150013     5.7348161002
H       20.2476894208     0.9006124725     6.9275170051
H       21.3883479679     3.8695371840     6.7586024720
H       21.0976719743     3.0254956166     8.2899843509
H       20.3300617957     4.5909465739     7.9821196227
Si       16.4315740224     3.4080062126     4.3919795045
O       16.3149549079     4.9983567341     4.7390539477
O       17.9393192932     3.0729871933     3.8482131585
O       15.3827041929     2.9975512967     3.2173208708
O       16.1010400328     2.5655821402     5.7664573883
Si       16.5037047236     6.5956500783     4.4017717060
Si       13.9578976757     2.5600355493     2.4971155161
Si       18.8391336275     2.5358132517     2.5735889116
Si       15.7447912303     1.1316128797     6.4715940044
H       17.8913491658     6.8568743958     3.9069839170
H       15.5508732768     6.9617838712     3.2979335867
H       16.2712103673     7.4758833992     5.6136206897
H       12.8237954394     3.3067092812     3.0919554501
H       13.9545043433     2.8579182996     1.0320560493
H       18.4443868868     3.3196043980     1.3712545196
H       13.7106865136     1.0996650208     2.6989510967
H       18.5419041540     1.0940451838     2.3186687196
H       16.4331232467     0.9010862033     7.7954653098
H       14.2637739786     0.9802930872     6.6988153607
H       20.3340516542     2.6828547737     2.7705452087
H       16.1902607364     0.0659081440     5.5386385991
32
# Point 0 Energy = 0
C       20.6477110000     3.6549790000     7.5266840000
H       18.9761800000     3.6157410000     6.1694560000
C       19.4467280000     2.9484220000     6.9016430000
H       18.6922510000     2.7558520000     7.6754250000
H       20.5840390000     1.7980300000     5.4478400000
C       19.8234060000     1.6330100000     6.2209870000
H       18.9571360000     1.1573250000     5.7446630000
H       20.2404540000     0.9200090000     6.9405780000
H       21.4074060000     3.8754920000     6.7676150000
H       21.1161610000     3.0334640000     8.2953550000
H       20.3536290000     4.6012450000     7.9917750000
Si       16.4325060000     3.4077350000     4.3962220000
O       16.3148940000     4.9974300000     4.7394840000
O       17.9393640000     3.0735620000     3.8486780000
O       15.3769370000     2.9960700000     3.2133680000
O       16.1030250000     2.5730330000     5.7606000000
Si       16.5037570000     6.5966350000     4.4017980000
Si       13.9593780000     2.5607940000     2.4984440000
Si       18.8391290000     2.5361430000     2.5740860000
Si       15.7443760000     1.1302530000     6.4733110000
H       17.8913405600     6.8573308000     3.9070238400
H       15.5508605600     6.9622108000     3.2979838400
H       16.2712205600     7.4764908000     5.6136238400
H       12.8237502400     3.3071035200     3.0923555200
H       13.9544302400     2.8581435200     1.0324755200
H       18.4443303200     3.3198514400     1.3715668800
H       13.7106302400     1.1000235200     2.6995155200
H       18.5418503200     1.0943714400     2.3191668800
H       16.4331100800     0.9018602400     7.7959848800
H       14.2637500800     0.9809802400     6.6993448800
H       20.3340103200     2.6832114400     2.7708868800
H       16.1902300800     0.0665002400     5.5392248800
32
# Point 1 Energy = 0.0
C       20.6627741823     3.6641755946     7.5346000118
H       18.9568355714     3.5691170057     6.1403364307
C       19.4377091810     2.9269830950     6.8873776611
H       18.6743906970     2.7082440107     7.6454214808
H       20.5761135375     1.8175190224     5.4550183869
C       19.8171890431     1.6489324932     6.2283187487
H       18.9482776983     1.1768577973     5.7531199624
H       20.2317423282     0.9391266520     6.9516397914
H       21.4261212426     3.8822738601     6.7776938483
H       21.1341800549     3.0411022174     8.3010312900
H       20.3766287257     4.6113288063     8.0028363798
Si       16.4337095204     3.4073018146     4.4005129121
O       16.3151581214     4.9963517113     4.7398909514
O       17.9396335269     3.0739139445     3.8491289337
O       15.3713696736     2.9944120733     3.2095346025
O       16.1053769854     2.5803826904     5.7548483429
Si       16.5041247511     6.5974491186     4.4017047474
Si       13.9610219955     2.5613664696     2.4999726018
Si       18.8392728763     2.5361773501     2.5745459614
Si       15.7443415798     1.1288628121     6.4752717470
H       17.8916181853     6.8575798466     3.9068435203
H       15.5510968228     6.9624156275     3.2979552706
H       16.2716288985     7.4769930938     5.6134755505
H       12.8239144802     3.3073630947     3.0929739484
H       13.9544501661     2.8581041158     1.0330814878
H       18.4443705533     3.3197541713     1.3718272453
H       13.7107212187     1.1002133585     2.7003718389
H       18.5419087318     1.0943953036     2.3197097875
H       16.4335547808     0.9026589596     7.7967138486
H       14.2641210040     0.9816837270     6.7002179471
H       20.3341302561     2.6832581686     2.7711051141
H       16.1904942099     0.0670039939     5.5400850090
32
# Point 2 Energy = 0.0
C       20.6774507151     3.6734539387     7.5433569781
H       18.9384358170     3.5238017364     6.1128097091
C       19.4289557865     2.9057210340     6.8729630893
H       18.6578218390     2.6607724312     7.6149599853
H       20.5667374661     1.8375894507     5.4607995118
C       19.8096566622     1.6652961112     6.2343344175
H       18.9377074748     1.1976967175     5.7601810118
H       20.2215056958     0.9579112315     6.9607099106
H       21.4445699111     3.8896982335     6.7889273489
H       21.1517324659     3.0481983442     8.3070670834
H       20.3992113525     4.6210599600     8.0154372789
Si       16.4351725427     3.4067197534     4.4048381406
O       16.3157164103     4.9951355044     4.7402494318
O       17.9401166725     3.0740699257     3.8495471147
O       15.3659880618     2.9925673677     3.2058163015
O       16.1080990775     2.5876489638     5.7491948139
Si       16.5047555278     6.5981057222     4.4014529809
Si       13.9628183163     2.5617204849     2.5017056510
Si       18.8395544197     2.5359445155     2.5749497296
Si       15.7447134985     1.1274627862     6.4774835838
H       17.8921239159     6.8576481970     3.9063952859
H       15.5515196795     6.9623913376     3.2978109082
H       16.2723779663     7.4774100112     5.6131312647
H       12.8242703231     3.3074459752     3.0938151201
H       13.9545417894     2.8577560915     1.0338763748
H       18.4444811163     3.3193266483     1.3720125017
H       13.7109670099     1.1002004704     2.7015372203
H       18.5420851251     1.0941393694     2.3202909450
H       16.4344919571     0.9035213707     7.7976574985
H       14.2649151041     0.9824072589     6.7014497779
H       20.3343997364     2.6830431180     2.7711723621
H       16.1910871636     0.0674379391     5.5412320282
32
# Point 3 Energy = 0.0
C       20.6918239867     3.6826433282     7.5530509488
H       18.9210662007     3.4800899210     6.0867451883
C       19.4204663532     2.8847186081     6.8583803244
H       18.6424510292     2.6136192371     7.5839686895
H       20.5559612282     1.8582364518     5.4652533408
C       19.8008144865     1.6821221975     6.2390631741
H       18.9254202479     1.2199489958     5.7658427793
H       20.2096790859     0.9763241939     6.9678128817
H       21.4628614977     3.8975238074     6.8014189546
H       21.1688239455     3.0544986563     8.3135289924
H       20.4215732464     4.6302715986     8.0297161181
Si       16.4368771359     3.4060047887     4.4091805361
O       16.3165267789     4.9937978557     4.7405285130
O       17.9407974188     3.0740635672     3.8499115439
O       15.3607736240     2.9905226363     3.2022063108
O       16.1111902503     2.5948532921     5.7436297001
Si       16.5055803616     6.5986209876     4.4009956364
Si       13.9647528035     2.5618153103     2.5036452410
Si       18.8399600373     2.5354803214     2.5752771876
Si       15.7455184421     1.1260772276     6.4799542610
H       17.8927823724     6.8575691208     3.9056232949
H       15.5520493236     6.9621289449     3.2975049520
H       16.2733906913     7.4777653231     5.6125368658
H       12.8247945573     3.3072989964     3.0948797828
H       13.9546793193     2.8570447104     1.0348599805
H       18.4446305036     3.3185873155     1.3720971740
H       13.7113771151     1.0999419462     2.7030289132
H       18.5423872591     1.0936324830     2.3209050451
H       16.4359576651     0.9044946502     7.7988219261
H       14.2661622082     0.9831539047     6.7030558286
H       20.3348037297     2.6826272202     2.7710601280
H       16.1920476949     0.0678244024     5.5426811471
32
# Point 4 Energy = 0.0
C       20.7059762456     3.6915838003     7.5637539596
H       18.9047838200     3.4382010223     6.0619740398
C       19.4122314986     2.8640493689     6.8436115455
H       18.6281683876     2.5669582448     7.5523692356
H       20.5438755022     1.8794467697     5.4684931207
C       19.7907068092     1.6994213307     6.2425762712
H       18.9114690613     1.2436755323     5.7701526947
H       20.1962494113     0.9943492985     6.9730345538
H       21.4810971080     3.9055058118     6.8152392042
H       21.1854699710     3.0597892509     8.3204733857
H       20.4438984162     4.6388114576     8.0457599539
Si       16.4387994820     3.4051753897     4.4135218941
O       16.3175432225     4.9923568785     4.7407000504
O       17.9416537569     3.0739299576     3.8502007022
O       15.3557023793     2.9882709676     3.1986949827
O       16.1146405827     2.6020165644     5.7381395905
Si       16.5065288531     6.5990132393     4.4002925088
Si       13.9668058322     2.5616209561     2.5057881168
Si       18.8404705230     2.5348238655     2.5755072212
Si       15.7467721137     1.1247287672     6.4826842010
H       17.8935175694     6.8573771926     3.9044804718
H       15.5526060930     6.9616257139     3.2969985765
H       16.2745887672     7.4780822990     5.6116470303
H       12.8254590641     3.3068798240     3.0961641724
H       13.9548332755     2.8559294662     1.0360275691
H       18.4447838228     3.3175613999     1.3720564083
H       13.7119533018     1.0994054123     2.7048550200
H       18.5428154340     1.0929078444     2.3215419721
H       16.4379753055     0.9056200327     7.8002058349
H       14.2678806339     0.9839266777     6.7050424647
H       20.3353216021     2.6820719867     2.7707406089
H       16.1934027544     0.0681856769     5.5444379981
32
# Point 5 Energy = 0.0
C       20.7199826472     3.7001341576     7.5755121809
H       18.8896189469     3.3982751040     6.0383046531
C       19.4042358978     2.8437742244     6.8286408318
H       18.6148572902     2.5209478704     7.5200845779
H       20.5306000399     1.9011994686     5.4706630638
C       19.7794084222     1.7171939065     6.2449776734
H       18.8959543717     1.2688932916     5.7732008806
H       20.1812485646     1.0119913385     6.9765093202
H       21.4993634558     3.9134105836     6.8304250448
H       21.2016923261     3.0639052295     8.3279438328
H       20.4663464266     4.6465483726     8.0636042619
Si       16.4409124169     3.4042510568     4.4178441041
O       16.3187194105     4.9908309531     4.7407400244
O       17.9426600318     3.0737033157     3.8503936802
O       15.3507472041     2.9858113595     3.1952708691
O       16.1184333491     2.6091578173     5.7327085295
Si       16.5075338468     6.5993014889     4.3993118303
Si       13.9689543454     2.5611186231     2.5081267299
Si       18.8410630623     2.5340147435     2.5756187871
Si       15.7484802362     1.1234371744     6.4856673239
H       17.8942577574     6.8571059669     3.9029301244
H       15.5531154034     6.9608844635     3.2962615477
H       16.2758978871     7.4783822501     5.6104269083
H       12.8262333394     3.3061581092     3.0976611466
H       13.9549727358     2.8543847386     1.0373709559
H       18.4449053347     3.3162785448     1.3718671424
H       13.7126906684     1.0985696519     2.7070153506
H       18.5433635495     1.0920004705     2.3221876819
H       16.4405564761     0.9069310191     7.8018013643
H       14.2700781191     0.9847283196     6.7074077847
H       20.3359292091     2.6814357203     2.7701877910
H       16.1951678279     0.0685426661     5.5464993625
32
# Point 6 Energy = 0.0
C       20.7339068581     3.7081771865     7.5883459997
H       18.8755780223     3.3603761702     6.0155362972
C       19.3964602452     2.8239396991     6.8134546914
H       18.6024024514     2.4757266732     7.4870451463
H       20.5162729759     1.9234660715     5.4719265593
C       19.7670161984     1.7354305206     6.2463944672
H       18.8790121779     1.2955795584     5.7751107348
H       20.1647449790     1.0292725875     6.9784068440
H       21.5177288409     3.9210265994     6.8469812088
H       21.2175156750     3.0667345159     8.3359697677
H       20.4890445974     4.6533763607     8.0832362066
Si       16.4431876790     3.4032511502     4.4221300914
O       16.3200115350     4.9892376775     4.7406293752
O       17.9437890704     3.0734152928     3.8504710812
O       15.3458799109     2.9831480418     3.1919216947
O       16.1225471597     2.6162933937     5.7273191260
Si       16.5085348730     6.5995042907     4.3980310235
Si       13.9711737575     2.5603003356     2.5106503597
Si       18.8417131088     2.5330909397     2.5755918066
Si       15.7506400507     1.1222186372     6.4888921392
H       17.8949389264     6.8567862945     3.9009466115
H       15.5535112792     6.9599126922     3.2952729896
H       16.2772515462     7.4786835506     5.6088528252
H       12.8270866940     3.3051156033     3.0993612989
H       13.9550672906     2.8523993587     1.0388795994
H       18.4449605717     3.3147707612     1.3715089682
H       13.7135790246     1.0974243765     2.7095026344
H       18.5440204505     1.0909451813     2.3228251995
H       16.4437024674     0.9084525074     7.8035951921
H       14.2727533131     0.9855611456     6.7101428165
H       20.3366008278     2.6807708768     2.7693782680
H       16.1973480418     0.0689139497     5.5488543363
32
# Point 7 Energy = 0.0
C       20.7477983110     3.7156220243     7.6022521856
H       18.8626477912     3.3245010551     5.9934706706
C       19.3888831691     2.8045777220     6.7980423295
H       18.5906962298     2.4314112740     7.4531933584
H       20.5010407777     1.9462111534     5.4724549254
C       19.7536405457     1.7541129218     6.2469670191
H       18.8608015351     1.3236783059     5.7760281564
H       20.1468339887     1.0462282641     6.9789183574
H       21.5362412022     3.9281717490     6.8648839154
H       21.2329644149     3.0682165595     8.3445666698
H       20.5120843413     4.6592161263     8.1046013094
Si       16.4455978404     3.4021939771     4.4263645301
O       16.3213804412     4.9875931086     4.7403543052
O       17.9450140449     3.0730938201     3.8504156709
O       15.3410730372     2.9802895303     3.1886352499
O       16.1269580851     2.6234365160     5.7219536105
Si       16.5094804277     6.5996388760     4.3964365875
Si       13.9734396421     2.5591677940     2.5133463155
Si       18.8423960595     2.5320872510     2.5754078568
Si       15.7532422277     1.1210855098     6.4923431130
H       17.8955070506     6.8564451918     3.8985150116
H       15.5537385556     6.9587215140     3.2940212651
H       16.2785935272     7.4790011143     5.6069119621
H       12.8279900791     3.3037453081     3.1012540767
H       13.9550886100     2.8499751053     1.0405417113
H       18.4449179709     3.3130705753     1.3709646561
H       13.7146044526     1.0959691860     2.7123041194
H       18.5447714335     1.0897749882     2.3234357154
H       16.4474063126     0.9102008303     7.8055699174
H       14.2758977300     0.9864270028     6.7132331000
H       20.3373108625     2.6801223969     2.7682917397
H       16.1999399027     0.0693152486     5.5514859488
32
# Point 8 Energy = 0.0
C       20.7616910948     3.7224041242     7.6172074136
H       18.8507998662     3.2905914200     5.9719205219
C       19.3814828815     2.7857065740     6.7823956839
H       18.5796428712     2.3880962278     7.4184863295
H       20.4850497940     1.9693932901     5.4724178672
C       19.7393977034     1.7732153346     6.2468400758
H       18.8414929888     1.3531074749     5.7761109799
H       20.1276283426     1.0629018157     6.9782442142
H       21.5549280598     3.9346969307     6.8840859652
H       21.2480601903     3.0683373272     8.3537374324
H       20.5355211409     4.6640145262     8.1276119280
Si       16.4481177668     3.4010961679     4.4305342968
O       16.3227929625     4.9859113018     4.7399061418
O       17.9463099119     3.0727624901     3.8502127532
O       15.3363012003     2.9772475831     3.1854001150
O       16.1316415161     2.6305972088     5.7165947240
Si       16.5103291113     6.5997205911     4.3945233459
Si       13.9757290499     2.5577307680     2.5162010524
Si       18.8430885735     2.5310342875     2.5750506201
Si       15.7562728571     1.1200464276     6.4960020745
H       17.8959191206     6.8561052512     3.8956300758
H       15.5537538204     6.9573245707     3.2925032056
H       16.2798791050     7.4793462675     5.6046013045
H       12.8289174033     3.3020499924     3.1033287654
H       13.9550115233     2.8471245692     1.0423452461
H       18.4447499412     3.3112095324     1.3702203568
H       13.7157508110     1.0942120306     2.7154032684
H       18.5455996893     1.0885199629     2.3239996196
H       16.4516550123     0.9121844531     7.8077054840
H       14.2794978175     0.9873273055     6.7166603736
H       20.3380351716     2.6795269538     2.7669112019
H       16.2029333016     0.0697592396     5.5543729229
32
# Point 9 Energy = 0.0
C       20.7756041946     3.7284835149     7.6331724143
H       18.8399951523     3.2585466488     5.9507152278
C       19.3742384573     2.7673325508     6.7665092753
H       18.5691608050     2.3458552532     7.3828969621
H       20.4684398380     1.9929662203     5.4719761969
C       19.7244034519     1.7927059459     6.2461555083
H       18.8212588912     1.3837661731     5.7755197127
H       20.1072498149     1.0793406176     6.9765836887
H       21.5737979020     3.9404866084     6.9045223466
H       21.2628202130     3.0671221772     8.3634744875
H       20.5593772036     4.6677426789     8.1521561355
Si       16.4507255740     3.3999723203     4.4346286841
O       16.3242225393     4.9842041062     4.7392808975
O       17.9476543835     3.0724403801     3.8498503013
O       15.3315419807     2.9740361967     3.1822061783
O       16.1365736281     2.6377824690     5.7112263830
Si       16.5110498207     6.5997626083     4.3922933175
Si       13.9780214025     2.5560053336     2.5192011027
Si       18.8437694791     2.5299579885     2.5745060983
Si       15.7597152751     1.1191066578     6.4998494896
H       17.8961431922     6.8557844980     3.8922947797
H       15.5535253428     6.9557370446     3.2907229585
H       16.2810752020     7.4797269116     5.6019261837
H       12.8298463324     3.3000404147     3.1055752743
H       13.9548146143     2.8438687994     1.0442786940
H       18.4444333949     3.3092171161     1.3692655375
H       13.7170010171     1.0921674833     2.7187813350
H       18.5464875266     1.0872065660     2.3244973627
H       16.4564316417     0.9144050524     7.8099804689
H       14.2835368776     0.9882631082     6.7204041427
H       20.3387519694     2.6790129296     2.7652228801
H       16.2063134822     0.0702556262     5.5574913352
32
# Point 10 Energy = 0.0
C       20.7895426693     3.7338420717     7.6500961604
H       18.8301877669     3.2282360258     5.9297036947
C       19.3671307261     2.7494519311     6.7503799286
H       18.5591833530     2.3047432256     7.3464137645
H       20.4513398249     2.0168800791     5.4712768690
C       19.7087684348     1.8125483826     6.2450469429
H       18.8002659984     1.4155411344     5.7744101434
H       20.0858224073     1.0955924296     6.9741273668
H       21.5928424870     3.9454572046     6.9261156784
H       21.2772563412     3.0646280108     8.3737622701
H       20.5836457189     4.6703933560     8.1781059836
Si       16.4534031346     3.3988348570     4.4386394182
O       16.3256492769     4.9824811515     4.7384786649
O       17.9490284686     3.0721421905     3.8493188924
O       15.3267763792     2.9706707342     3.1790449563
O       16.1417324240     2.6449965802     5.7058341168
Si       16.5116212729     6.5997758499     4.3897544461
Si       13.9802989897     2.5540121867     2.5223337836
Si       18.8444202921     2.5288795365     2.5737626272
Si       15.7635515883     1.1182685661     6.5038655037
H       17.8961577515     6.8554965628     3.8885187458
H       15.5530323110     6.9539748409     3.2886906962
H       16.2821598152     7.4801478618     5.5988986919
H       12.8307586383     3.2977335317     3.1079847073
H       13.9544804021     2.8402350467     1.0463316570
H       18.4439498400     3.3071200623     1.3680927311
H       13.7183380286     1.0898550589     2.7224186943
H       18.5474173031     1.0858573568     2.3249100911
H       16.4617171637     0.9168587290     7.8123731342
H       14.2879966871     0.9892351890     6.7244430038
H       20.3394423295     2.6786008856     2.7632159727
H       16.2100627756     0.0708113704     5.5608160230
32
# Point 11 Energy = 0.0
C       20.8034993574     3.7384803898     7.6679196937
H       18.8213282763     3.1995092424     5.9087551792
C       19.3601428224     2.7320529466     6.7340064172
H       18.5496582929     2.2647984562     7.3090397963
H       20.4338652121     2.0410825838     5.4704500566
C       19.6925950164     1.8327030628     6.2436361877
H       18.7786703200     1.4483121022     5.7729279513
H       20.0634672639     1.1117027305     6.9710520123
H       21.6120395724     3.9495541866     6.9487810633
H       21.2913747630     3.0609357099     8.3845796943
H       20.6082957819     4.6719781488     8.2053245710
Si       16.4561362328     3.3976940364     4.4425605416
O       16.3270596265     4.9807499601     4.7375029578
O       17.9504166695     3.0718785739     3.8486115083
O       15.3219889363     2.9671672256     3.1759097497
O       16.1470983932     2.6522414855     5.7004053039
Si       16.5120311303     6.5997690589     4.3869193584
Si       13.9825471394     2.5517751737     2.5255876902
Si       18.8450254122     2.5278155409     2.5728107410
Si       15.7677638497     1.1175321065     6.5080307214
H       17.8959506887     6.8552510448     3.8843167265
H       15.5522636797     6.9520539645     3.2864213624
H       16.2831210194     7.4806112663     5.5955361699
H       12.8316402038     3.2951508742     3.1105497462
H       13.9539952082     2.8362547992     1.0484952290
H       18.4432851541     3.3049420027     1.3666971703
H       13.7197455142     1.0872977319     2.7262958790
H       18.5483720557     1.0844909806     2.3252200533
H       16.4674918755     0.9195371802     7.8148622082
H       14.2928587619     0.9902441231     6.7287556749
H       20.3400903648     2.6783043114     2.7608822696
H       16.2141620054     0.0714310001     5.5643216756
32
# Point 12 Energy = 0.0
C       20.8174567733     3.7424146786     7.6865793862
H       18.8133662153     3.1722048427     5.8877586642
C       19.3532604672     2.7151175647     6.7173890737
H       18.5405466994     2.2260449288     7.2707910938
H       20.4161168690     2.0655200983     5.4696078445
C       19.6759754488     1.8531283582     6.2420311743
H       18.7566139343     1.4819560529     5.7712051507
H       20.0402991739     1.1277128958     6.9675175252
H       21.6313556955     3.9527485426     6.9724301520
H       21.3051760947     3.0561434539     8.3959024250
H       20.6332772956     4.6725247353     8.2336717036
Si       16.4589144716     3.3965580596     4.4463882108
O       16.3284458494     4.9790161291     4.7363600766
O       17.9518069299     3.0716565569     3.8477232535
O       15.3171676101     2.9635418498     3.1727956759
O       16.1526548658     2.6595171597     5.6949292507
Si       16.5122749492     6.5997489586     4.3838042555
Si       13.9847541465     2.5493201053     2.5289530066
Si       18.8455720799     2.5267783793     2.5716429331
Si       15.7723349015     1.1168952750     6.5123267372
H       17.8955181097     6.8550539650     3.8797072631
H       15.5512168666     6.9499900843     3.2839335616
H       16.2839557967     7.4811170359     5.5918598823
H       12.8324807935     3.2923171879     3.1132648837
H       13.9533488132     2.8319621967     1.0507622158
H       18.4424291550     3.3027033572     1.3650763669
H       13.7212082465     1.0845207248     2.7303943330
H       18.5493358599     1.0831223380     2.3254107996
H       16.4737364945     0.9224287289     7.8174274095
H       14.2981052776     0.9912903410     6.7333217382
H       20.3406831687     2.6781304821     2.7582157038
H       16.2185915472     0.0721169335     5.5679836095
32
# Point 13 Energy = 0.0
C       20.8313889574     3.7456739255     7.7060095711
H       18.8062519490     3.1461566118     5.8666213454
C       19.3464720541     2.6986229929     6.7005293952
H       18.5318214060     2.1884943082     7.2316948506
H       20.3981809876     2.0901385363     5.4688440914
C       19.6589910599     1.8737815468     6.2403250694
H       18.7342233709     1.5163503386     5.7693580588
H       20.0164244073     1.1436590957     6.9636655186
H       21.6507487567     3.9550331422     6.9969743780
H       21.3186557210     3.0503611759     8.4077048292
H       20.6585254271     4.6720744215     8.2630081779
Si       16.4617310303     3.3954332291     4.4501204542
O       16.3298053900     4.9772835406     4.7350585408
O       17.9531904243     3.0714799836     3.8466510350
O       15.3123035015     2.9598105804     3.1696996207
O       16.1583881410     2.6668219483     5.6893971588
Si       16.5123551064     6.5997204562     4.3804279846
Si       13.9869110427     2.5466738575     2.5324216784
Si       18.8460501727     2.5257766114     2.5702533587
Si       15.7772489388     1.1163544987     6.5167364563
H       17.8948631470     6.8549082377     3.8747115658
H       15.5498964618     6.9477982581     3.2812486412
H       16.2846688598     7.4816632445     5.5878939300
H       12.8332736870     3.2892593660     3.1161265515
H       13.9525339917     2.8273928317     1.0531272405
H       18.4413750655     3.3004213991     1.3632296816
H       13.7227122713     1.0815505779     2.7346969210
H       18.5502939748     1.0817628566     2.3254672204
H       16.4804329272     0.9255191664     7.8200497533
H       14.3037196953     0.9923741675     6.7381221374
H       20.3412105988     2.6780813094     2.7552118774
H       16.2233320751     0.0728697841     5.5717782666
32
# Point 14 Energy = 0.0
C       20.8452631374     3.7482974419     7.7261445688
H       18.7999379742     3.1211981312     5.8452666632
C       19.3397686105     2.6825428863     6.6834296639
H       18.5234653373     2.1521476414     7.1917875437
H       20.3801296899     2.1148840956     5.4682350657
C       19.6417121821     1.8946195645     6.2385962196
H       18.7116091570     1.5513749073     5.7674864335
H       19.9919395907     1.1595717636     6.9596190523
H       21.6701702671     3.9564192860     7.0223274275
H       21.3318042372     3.0437061835     8.4199615675
H       20.6839644046     4.6706800263     8.2931988578
Si       16.4645823429     3.3943241297     4.4537569203
O       16.3311402412     4.9755545758     4.7336086090
O       17.9545612589     3.0713499388     3.8453932346
O       15.3073904994     2.9559889686     3.1666201439
O       16.1642874670     2.6741528569     5.6838020204
Si       16.5122797992     6.5996868604     4.3768112989
Si       13.9890112761     2.5438637314     2.5359874876
Si       18.8464519082     2.5248154070     2.5686375105
Si       15.7824918529     1.1159049502     6.5212442532
H       17.8939948625     6.8548141191     3.8693526193
H       15.5483130449     6.9454927859     3.2783899719
H       16.2852715744     7.4822464786     5.5836644005
H       12.8340152481     3.2860056586     3.1191331811
H       13.9515459920     2.8225828979     1.0555867716
H       18.4401189388     3.2981104268     1.3611579106
H       13.7242449118     1.0784144775     2.7391882486
H       18.5512328270     1.0804208083     2.3253754632
H       16.4875647873     0.9287924053     7.8227116883
H       14.3096871571     0.9934958452     6.7431394797
H       20.3416649715     2.6781541229     2.7518675923
H       16.2283650509     0.0736886275     5.5756834909
32
# Point 15 Energy = 0.0
C       20.8590411310     3.7503328209     7.7469201834
H       18.7943797779     3.0971658246     5.8236321849
C       19.3331436831     2.6668482779     6.6660925954
H       18.5154698768     2.1169967417     7.1511131240
H       20.3620220562     2.1397038328     5.4678405400
C       19.6241985807     1.9155995791     6.2369086449
H       18.6888661665     1.5869137846     5.7656734489
H       19.9669313465     1.1754754828     6.9554831338
H       21.6895672082     3.9569336044     7.0484070502
H       21.3446079001     3.0362998364     8.4326488344
H       20.7095105985     4.6684041090     8.3241147660
Si       16.4674677527     3.3932338107     4.4572986353
O       16.3324563529     4.9738303158     4.7320218883
O       17.9559161372     3.0712651289     3.8439493926
O       15.3024248934     2.9520920332     3.1635573633
O       16.1703449312     2.6815057888     5.6781384732
Si       16.5120621650     6.5996500929     4.3729762916
Si       13.9910503495     2.5409170288     2.5396460657
Si       18.8467715022     2.5238969545     2.5667918924
Si       15.7880514185     1.1155407905     6.5258360124
H       17.8929272906     6.8547696096     3.8636544940
H       15.5464821545     6.9430871588     3.2753824098
H       16.2857810252     7.4828621306     5.5791987324
H       12.8347044805     3.2825851182     3.1222852257
H       13.9503820096     2.8175686286     1.0581391070
H       18.4386590926     3.2957819965     1.3588629072
H       13.7257946637     1.0751398009     2.7438548420
H       18.5521398876     1.0791016353     2.3251227709
H       16.4951177250     0.9322309612     7.8253971115
H       14.3159947121     0.9946555459     6.7483581937
H       20.3420407143     2.6783423510     2.7481804042
H       16.2336730163     0.0745712249     5.5796786407
