32
# Point -15 Energy = 0.0
C       20.6229885202     3.7045272762     7.4959790515
H       18.9652470472     3.6544015137     6.1326455329
C       19.4381444200     2.9853642514     6.8589136598
H       18.6818304846     2.7640268689     7.6231018539
H       20.6046328804     1.9060331129     5.3852897306
C       19.8484902619     1.6970198247     6.1506075726
H       18.9872985627     1.2260137862     5.6612605608
H       20.2730798261     0.9721314756     6.8545608453
H       21.3719445907     3.9548907145     6.7354498748
H       21.1110004658     3.0798605495     8.2502500192
H       20.3115742790     4.6360814014     7.9797958174
Si       16.4561610772     3.4462239568     4.3769318096
O       16.1823212494     5.0447029340     4.8506895914
O       18.0736709945     3.2054071193     3.8883192668
O       15.3461446093     3.0126678120     3.1049001825
O       16.1372499722     2.5330231967     5.7549225646
Si       16.7391928878     6.5338583081     4.2292392333
Si       13.8000593870     2.5719939910     2.4325531433
Si       18.5426564363     2.1714411628     2.5960858002
Si       15.6051199919     1.1558802524     6.5497645178
H       17.8881502970     6.7607178940     4.0120443805
H       15.6578808783     7.0668087911     3.4598042384
H       16.2704160202     7.2913545028     5.7873482488
H       12.8096077228     3.2829276668     3.0598767093
H       13.9525730995     2.9081322259     1.0052123114
H       18.6461412938     3.1149365779     1.4579825973
H       13.7416311188     1.1158223621     2.6225433491
H       18.4056610623     1.1059408156     2.5309823453
H       16.5099557157     0.8777176559     7.6994771703
H       14.3442165057     0.9306853050     6.6778319296
H       20.2588736890     2.6654623868     3.0436276320
H       16.2840652526     0.0972463081     5.4591738196
32
# Point -14 Energy = 0.0
C       20.6256507216     3.6988917325     7.5014070741
H       18.9672521941     3.6498907068     6.1381341869
C       19.4393979489     2.9810171173     6.8652305423
H       18.6828730600     2.7624550193     7.6300116607
H       20.6036248949     1.8954438300     5.3936512070
C       19.8468367321     1.6902167247     6.1594600060
H       18.9851181745     1.2192106406     5.6709986829
H       20.2702794574     0.9661739400     6.8649168213
H       21.3756754665     3.9464165802     6.7410051291
H       21.1117817448     3.0744548494     8.2570504495
H       20.3158822281     4.6318826170     7.9834647275
Si       16.4561373690     3.4425144082     4.3807755973
O       16.1939109379     5.0415944329     4.8449759274
O       18.0664565730     3.1940695291     3.8883069751
O       15.3497108470     3.0104883464     3.1146912635
O       16.1356057294     2.5354631798     5.7583378940
Si       16.7219508565     6.5414983785     4.2356046952
Si       13.8121054630     2.5705586253     2.4390390353
Si       18.5638134961     2.1974732467     2.5835849185
Si       15.6118013605     1.1538840359     6.5470460317
H       17.8873701769     6.7753253973     4.0017110222
H       15.6427036852     7.0552274392     3.4415052362
H       16.2694914764     7.3145887012     5.7693517828
H       12.8121054025     3.2847816511     3.0638235553
H       13.9543750772     2.9029866789     1.0082920757
H       18.6214724321     3.1449776482     1.4449851632
H       13.7401778175     1.1134612728     2.6305573414
H       18.4233561642     1.1053811229     2.5021688831
H       16.5016253140     0.8787011009     7.7107793581
H       14.3355443597     0.9339871640     6.6790492205
H       20.2689687803     2.6677482393     3.0095391563
H       16.2749246589     0.0925376435     5.4677097398
32
# Point -13 Energy = 0.0
C       20.6282097995     3.6935156697     7.5063246655
H       18.9691137868     3.6455979163     6.1431650334
C       19.4405719644     2.9768880872     6.8710464876
H       18.6838804058     2.7610272563     7.6364328593
H       20.6025367186     1.8852091546     5.4014429991
C       19.8451508611     1.6836953661     6.1677513320
H       18.9829153250     1.2126599296     5.6801887150
H       20.2675164777     0.9604997588     6.8746656143
H       21.3792567571     3.9382746346     6.7460395792
H       21.1125226703     3.0693152320     8.2632985043
H       20.3200508196     4.6278997433     7.9866683420
Si       16.4559217196     3.4389421847     4.3842388830
O       16.2051983866     5.0384522897     4.8389580828
O       18.0590063172     3.1830043330     3.8879114060
O       15.3530735134     3.0084365000     3.1241165329
O       16.1338798533     2.5379620244     5.7613259362
Si       16.7049108228     6.5486121503     4.2426437330
Si       13.8239478066     2.5692151296     2.4452446349
Si       18.5848929543     2.2235110823     2.5727328658
Si       15.6188349417     1.1519467900     6.5440287678
H       17.8867255692     6.7886574022     3.9917578056
H       15.6287361055     7.0439899343     3.4242512423
H       16.2685432357     7.3362604816     5.7520036419
H       12.8144137376     3.2866553370     3.0675118448
H       13.9559334846     2.8980519664     1.0112045813
H       18.5981323584     3.1726814545     1.4335550527
H       13.7385753778     1.1113047276     2.6382208129
H       18.4400837815     1.1050945543     2.4754034210
H       16.4937001816     0.8798113066     7.7213945773
H       14.3273027388     0.9374095466     6.6803071609
H       20.2783623626     2.6705007122     2.9775233234
H       16.2660797651     0.0882193439     5.4758069220
32
# Point -12 Energy = 0.0
C       20.6306541892     3.6884197903     7.5107324611
H       18.9708197117     3.6415396961     6.1477394959
C       19.4416607103     2.9729919707     6.8763575316
H       18.6848486685     2.7597456415     7.6423605999
H       20.6013727216     1.8753649660     5.4086514104
C       19.8434385986     1.6774787709     6.1754672510
H       18.9806999326     1.2063806852     5.6888132303
H       20.2648036118     0.9551297659     6.8837872595
H       21.3826748268     3.9304983124     6.7505548808
H       21.1132177221     3.0644602611     8.2689898784
H       20.3240600920     4.6241475372     7.9894147716
Si       16.4555025142     3.4355152224     4.3873232467
O       16.2161561674     5.0352824940     4.8326500470
O       18.0513118934     3.1722373522     3.8871310935
O       15.3562244445     3.0065201156     3.1331746526
O       16.1320683038     2.5405138497     5.7638824204
Si       16.6880714387     6.5552131450     4.2503772801
Si       13.8355810480     2.5679647921     2.4511652594
Si       18.6058717296     2.2494958520     2.5635206458
Si       15.6262258349     1.1500615319     6.5407007409
H       17.8862178594     6.8007351734     3.9822164324
H       15.6159562096     7.0331911935     3.4080575837
H       16.2676196007     7.3563698650     5.7353826706
H       12.8165199217     3.2885351470     3.0709440041
H       13.9572419618     2.8933418763     1.0139470781
H       18.5762285867     3.1980264950     1.4235363428
H       13.7368346962     1.1093495769     2.6455183634
H       18.4557780397     1.1049973738     2.4507335786
H       16.4861961869     0.8810365533     7.7313168080
H       14.3195025727     0.9409237830     6.6816031947
H       20.2870632634     2.6735436262     2.9476580121
H       16.2575575419     0.0842895846     5.4834571345
32
# Point -11 Energy = 0.0
C       20.6329729506     3.6836235861     7.5146331383
H       18.9723588632     3.6377315411     6.1518605718
C       19.4426589658     2.9693425370     6.8811616218
H       18.6857741441     2.7586116717     7.6477918359
H       20.6001380469     1.8659451357     5.4152651743
C       19.8417062493     1.6715884211     6.1825958127
H       18.9784822647     1.2003905209     5.6968570140
H       20.2621534306     0.9500832539     6.8922645016
H       21.3859170639     3.9231193718     6.7545548255
H       21.1138615355     3.0599072558     8.2741226440
H       20.3278908585     4.6206398839     7.9917138389
Si       16.4548696171     3.4322407363     4.3900311398
O       16.2267588093     5.0320911867     4.8260661023
O       18.0433667373     3.1617928154     3.8859658250
O       15.3591571505     3.0047462841     3.1418649792
O       16.1301675776     2.5431125685     5.7660042677
Si       16.6714331165     6.5613128125     4.2588243128
Si       13.8470015339     2.5668088685     2.4567965799
Si       18.6267246362     2.2753687912     2.5559368417
Si       15.6339789295     1.1482220893     6.5370510073
H       17.8858478383     6.8115822347     3.9731157609
H       15.6043438256     7.0229197594     3.3929358877
H       16.2667652704     7.3749179651     5.7195623825
H       12.8184127228     3.2904076703     3.0741222625
H       13.9582964609     2.8888691893     1.0165169533
H       18.5558555974     3.2210016594     1.4147807360
H       13.7349677458     1.1075921459     2.6524352478
H       18.4703756144     1.1050092332     2.4281941308
H       16.4791279631     0.8823658554     7.7405417068
H       14.3121543559     0.9445017667     6.6829352236
H       20.2950757251     2.6767090881     2.9200092557
H       16.2493849993     0.0807461009     5.4906537778
32
# Point -10 Energy = 0.0
C       20.6351557780     3.6791453238     7.5180313741
H       18.9737211710     3.6341878924     6.1555327667
C       19.4435620520     2.9659525259     6.8854585585
H       18.6866532844     2.7576263130     7.6527252483
H       20.5988385829     1.8569815258     5.4212754303
C       19.8399604478     1.6660442801     6.1891273719
H       18.9762729108     1.1947056697     5.7043070094
H       20.2595783042     0.9453780048     6.9000827544
H       21.3889718893     3.9161678566     6.7580453182
H       21.1144488886     3.0556722849     8.2786972126
H       20.3315247389     4.6173897768     7.9935770263
Si       16.4540144258     3.4291252585     4.3923657846
O       16.2369829072     5.0288846498     4.8192207192
O       18.0351660856     3.1516933683     3.8844165692
O       15.3618668687     3.0031213981     3.1501874574
O       16.1281747508     2.5457519517     5.7676894722
Si       16.6549981279     6.5669205500     4.2680016762
Si       13.8582073883     2.5657486357     2.4621345098
Si       18.6474245939     2.3010712865     2.5499675508
Si       15.6420989116     1.1464231736     6.5330695707
H       17.8856159977     6.8212238785     3.9644816315
H       15.5938810818     7.0132572520     3.3788943501
H       16.2660213596     7.3919066496     5.7046107835
H       12.8200825820     3.2922597548     3.0770485081
H       13.9590953225     2.8846457352     1.0189116269
H       18.5370937300     3.2416043887     1.4071490795
H       13.7329876020     1.1060283343     2.6589572666
H       18.4838154709     1.1050539475     2.4078072541
H       16.4725089068     0.8837891149     7.7490664561
H       14.3052681569     0.9481160953     6.6843014415
H       20.3023991282     2.6798388244     2.8946318273
H       16.2415891538     0.0775862991     5.4973917540
32
# Point -9 Energy = 0.0
C       20.6371930063     3.6750020401     7.5209337889
H       18.9748976240     3.6309221501     6.1587620181
C       19.4443658395     2.9628336678     6.8892499215
H       18.6874827067     2.7567900371     7.6571611546
H       20.5974809375     1.8485040035     5.4266756800
C       19.8382081374     1.6608648249     6.1950545252
H       18.9740827585     1.1893410334     5.7111522444
H       20.2570903630     0.9410303323     6.9072300393
H       21.3918287599     3.9096720740     6.7610343386
H       21.1149746919     3.0517701709     8.2827162812
H       20.3349441859     4.6144093033     7.9950174114
Si       16.4529299180     3.4261746788     4.3943310647
O       16.2468072170     5.0256692962     4.8121284497
O       18.0267070019     3.1419600965     3.8824853914
O       15.3643506083     3.0016512098     3.1581425036
O       16.1260875215     2.5484256932     5.7689369718
Si       16.6387706768     6.5720437377     4.2779239192
Si       13.8691985659     2.5647854463     2.4671750864
Si       18.6679428477     2.3265449921     2.5455963094
Si       15.6505902769     1.1446604462     6.5287472773
H       17.8855228269     6.8296866831     3.9563367018
H       15.5845528655     7.0042778467     3.3659380733
H       16.2654254349     7.4073382421     5.6905902189
H       12.8215217038     3.2940785926     3.0797241398
H       13.9596393406     2.8806824546     1.0211284395
H       18.5200082519     3.2598389497     1.4005129470
H       13.7309084680     1.1046537190     2.6650706430
H       18.4960384274     1.1050601258     2.3895829305
H       16.4663511885     0.8852972611     7.7568896031
H       14.2988536349     0.9517401971     6.6857001574
H       20.3090278077     2.6827853236     2.8715698111
H       16.2341970052     0.0748073705     5.5036673179
32
# Point -8 Energy = 0.0
C       20.6390756195     3.6712095409     7.5233488744
H       18.9758802919     3.6279466891     6.1615556060
C       19.4450667553     2.9599967059     6.8925389841
H       18.6882592061     2.7561028590     7.6611014068
H       20.5960724093     1.8405404633     5.4314617283
C       19.8364565489     1.6560670852     6.2003720343
H       18.9719229716     1.1843102360     5.7173837468
H       20.2547014633     0.9370551303     6.9136969099
H       21.3944781703     3.9036585776     6.7635318871
H       21.1154339821     3.0482144988     8.2861847604
H       20.3381325133     4.6117096348     7.9960495878
Si       16.4516106916     3.4233942872     4.3959314082
O       16.2562127418     5.0224516577     4.8048038148
O       18.0179883936     3.1326125524     3.8801753592
O       15.3666071868     3.0003408876     3.1657308870
O       16.1239042527     2.5511274726     5.7697465128
Si       16.6227569526     6.5766877864     4.2886031313
Si       13.8799768950     2.5639207804     2.4719143537
Si       18.6882491935     2.3517319501     2.5428040104
Si       15.6594573441     1.1429305796     6.5240757105
H       17.8855691013     6.8369980570     3.9487002896
H       15.5763471950     6.9960477834     3.3540694534
H       16.2650115603     7.4212152618     5.6775572367
H       12.8227241361     3.2958518011     3.0821499201
H       13.9599318101     2.8769894610     1.0231645384
H       18.5046486130     3.2757148786     1.3947562459
H       13.7287456920     1.1034636544     2.6707619002
H       18.5069866118     1.1049616541     2.3735194593
H       16.4606657697     0.8868823827     7.7640108962
H       14.2929200588     0.9553484527     6.6871296207
H       20.3149509540     2.6854128361     2.8508571617
H       16.2272355147     0.0724064022     5.5094779241
32
# Point -7 Energy = 0.0
C       20.6407952594     3.6677823994     7.5252869063
H       18.9766623423     3.6252728715     6.1639220543
C       19.4456617894     2.9574514171     6.8953306171
H       18.6889797697     2.7555643757     7.6645492831
H       20.5946209540     1.8331168438     5.4356316143
C       19.8347131774     1.6516666778     6.2050767415
H       18.9698049620     1.1796256741     5.7229944552
H       20.2524231523     0.9334659194     6.9194763685
H       21.3969116538     3.8981521467     6.7655499110
H       21.1158219195     3.0450176253     8.2891096893
H       20.3410739253     4.6093010141     7.9966895700
Si       16.4500529966     3.4207888100     4.3971716705
O       16.2651828086     5.0192383673     4.7972611893
O       18.0090110183     3.1236687764     3.8774904409
O       15.3686372524     2.9991950667     3.1729536127
O       16.1216240095     2.5538510161     5.7701185168
Si       16.6069651680     6.5808561920     4.3000487781
Si       13.8905461046     2.5631562887     2.4763482535
Si       18.7083121992     2.3765747012     2.5415688219
Si       15.6687042653     1.1412313163     6.5190470956
H       17.8857561572     6.8431858262     3.9415882236
H       15.5692555087     6.9886249168     3.3432885904
H       16.2648103438     7.4335402000     5.6655624585
H       12.8236858354     3.2975674978     3.0843258374
H       13.9599785543     2.8735760933     1.0250167707
H       18.4910478865     3.2892456336     1.3897767895
H       13.7265157701     1.1024533677     2.6760177477
H       18.5166029038     1.1046980373     2.3596040243
H       16.4554624218     0.8885378510     7.7704311327
H       14.2874763227     0.9589163128     6.6885878595
H       20.3201525916     2.6875982789     2.8325182549
H       16.2207315764     0.0703804851     5.5148220808
32
# Point -6 Energy = 0.0
C       20.6423442374     3.6647339479     7.5267598442
H       18.9772380558     3.6229110514     6.1658710247
C       19.4461484999     2.9552066266     6.8976311875
H       18.6896415921     2.7551738023     7.6675093771
H       20.5931351413     1.8262571316     5.4391855368
C       19.8329857523     1.6476778334     6.2091674842
H       18.9677403539     1.1752985589     5.7279791353
H       20.2502666281     0.9302748860     6.9245637838
H       21.3991217821     3.8931757556     6.7671022153
H       21.1161337896     3.0421906834     8.2915001364
H       20.3437535524     4.6071927407     7.9969546811
Si       16.4482547545     3.4183624386     4.3980570194
O       16.2737031360     5.0160361352     4.7895146829
O       17.9997774762     3.1151453057     3.8744354028
O       15.3704432903     2.9982178883     3.1798118145
O       16.1192465902     2.5565901552     5.7700539555
Si       16.5914055846     6.5845505926     4.3122675359
Si       13.9009118304     2.5624938262     2.4804725336
Si       18.7280994156     2.4010163737     2.5418661112
Si       15.6783350257     1.1395615252     6.5136542237
H       17.8860861467     6.8482778761     3.9350127029
H       15.5632728714     6.9820583145     3.3335937008
H       16.2648489817     7.4443153301     5.6546504579
H       12.8244047158     3.2992143703     3.0862509856
H       13.9597879246     2.8704509542     1.0266815904
H       18.4792223858     3.3004474807     1.3854877537
H       13.7242363263     1.1016180468     2.6808249922
H       18.5248304545     1.1042146083     2.3478132646
H       16.4507497402     0.8902584394     7.7761520269
H       14.2825309524     0.9624204188     6.6900725451
H       20.3246116378     2.6892320867     2.8165684289
H       16.2147119741     0.0687268156     5.5196992252
32
# Point -5 Energy = 0.0
C       20.6437155463     3.6620762594     7.5277812210
H       18.9776028350     3.6208705692     6.1674132083
C       19.4465250145     2.9532702143     6.8994484562
H       18.6902420894     2.7549300071     7.6699874913
H       20.5916240992     1.8199833458     5.4421257808
C       19.8312821971     1.6441134095     6.2126450139
H       18.9657409330     1.1713389446     5.7323343059
H       20.2482426917     0.9274929110     6.9289568159
H       21.4011021641     3.8887505264     6.7682043569
H       21.1163650084     3.0397435790     8.2933670928
H       20.3461574928     4.6053931485     7.9968634268
Si       16.4462155648     3.4161188477     4.3985928294
O       16.2817618929     5.0128517153     4.7815780237
O       17.9902921850     3.1070571665     3.8710157102
O       15.3720296077     2.9974130266     3.1863066632
O       16.1167725471     2.5593388809     5.7695542409
Si       16.5760905283     6.5877708257     4.3252631265
Si       13.9110815956     2.5619354734     2.4842826813
Si       18.7475775696     2.4250007445     2.5436683784
Si       15.6883534315     1.1379212563     6.5078904052
H       17.8865622674     6.8523018595     3.9289821687
H       15.5583980990     6.9763879179     3.3249815120
H       16.2651513003     7.4535425559     5.6448596438
H       12.8248806754     3.3007817394     3.0879234674
H       13.9593707689     2.8676219302     1.0281549869
H       18.4691714463     3.3093386281     1.3818189246
H       13.7219260646     1.1009529177     2.6851704797
H       18.5316123673     1.1034626131     2.3381138052
H       16.4465351504     0.8920404367     7.7811761077
H       14.2780920970     0.9658387283     6.6915808919
H       20.3283020526     2.6902190309     2.8030145140
H       16.2092033166     0.0674427908     5.5241096295
32
# Point -4 Energy = 0.0
C       20.6449028731     3.6598201186     7.5283660252
H       18.9777532069     3.6191597340     6.1685602178
C       19.4467900259     2.9516491107     6.9007914787
H       18.6907789109     2.7548315410     7.6719905379
H       20.5900974434     1.8143154999     5.4444566477
C       19.8296105780     1.6409848882     6.2155119243
H       18.9638185807     1.1677557433     5.7360581822
H       20.2463616883     0.9251295839     6.9326553516
H       21.4028474419     3.8848956650     6.7688735283
H       21.1165111291     3.0376849797     8.2947233600
H       20.3482728577     4.6039095766     7.9964353575
Si       16.4439366932     3.4140612011     4.3987845911
O       16.2893497436     5.0096918612     4.7734644484
O       17.9805613350     3.0994178469     3.8672374386
O       15.3734022961     2.9967837000     3.1924392975
O       16.1142031940     2.5620913943     5.7686211379
Si       16.5610343912     6.5905149857     4.3390361589
Si       13.9210647623     2.5614835428     2.4877738881
Si       18.7667127360     2.4484722684     2.5469452052
Si       15.6987630808     1.1363117920     6.5017494576
H       17.8871889595     6.8552849752     3.9235011925
H       15.5546338006     6.9716442738     3.3174476255
H       16.2657377959     7.4612232979     5.6362221560
H       12.8251155991     3.3022596172     3.0893403312
H       13.9587403647     2.8650961927     1.0294324433
H       18.4608773671     3.3159386137     1.3787176441
H       13.7196046889     1.1004533114     2.6890410791
H       18.5368916026     1.1023991875     2.3304627163
H       16.4428249030     0.8938817551     7.7855066527
H       14.2741675046     0.9691506441     6.6931096005
H       20.3311930977     2.6904790039     2.7918553393
H       16.2042319483     0.0665260941     5.5280543450
32
# Point -3 Energy = 0.0
C       20.6459006089     3.6579749832     7.5285305814
H       18.9776868152     3.6177857947     6.1693244865
C       19.4469427811     2.9503492828     6.9016705137
H       18.6912499464     2.7548766640     7.6735264528
H       20.5885651901     1.8092715469     5.4461843940
C       19.8279790387     1.6383023601     6.2177725923
H       18.9619851920     1.1645567259     5.7391506380
H       20.2446334388     0.9231932051     6.9356614555
H       21.4043532814     3.8816283815     6.7691284329
H       21.1165678489     3.0360222942     8.2955834363
H       20.3500878184     4.6027483329     7.9956909266
Si       16.4414210414     3.4121921466     4.3986378409
O       16.2964598760     5.0065632722     4.7651866061
O       17.9705928204     3.0922392529     3.8631071982
O       15.3745691663     2.9963326704     3.1982107822
O       16.1115405997     2.5648421506     5.7672567024
Si       16.5462536177     6.5927794832     4.3535839848
Si       13.9308724507     2.5611405717     2.4909410514
Si       18.7854704835     2.4713760816     2.5516632209
Si       15.7095673181     1.1347356915     6.4952257315
H       17.8879720664     6.8572538190     3.9185703873
H       15.5519863359     6.9678483533     3.3109868391
H       16.2666256771     7.4673584241     5.6287637787
H       12.8251133323     3.3036387568     3.0904975462
H       13.9579123126     2.8628801792     1.0305089290
H       18.4543055171     3.3202679446     1.3761493597
H       13.7172927906     1.1001147197     2.6924237096
H       18.5406111357     1.1009872343     2.3248078820
H       16.4396240554     0.8957820279     7.7891476625
H       14.2707644806     0.9723371450     6.6946548485
H       20.3332497294     2.6899477324     2.7830822019
H       16.1998238334     0.0659747714     5.5315351872
32
# Point -2 Energy = 0.0
C       20.6467038531     3.6565489382     7.5282924342
H       18.9774024006     3.6167549036     6.1697191791
C       19.4469830606     2.9493757137     6.9020969424
H       18.6916533283     2.7550633661     7.6746041255
H       20.5870376551     1.8048673100     5.4473171782
C       19.8263957250     1.6360744987     6.2194331322
H       18.9602525783     1.1617485123     5.7416131879
H       20.2430671627     0.9216907799     6.9379793335
H       21.4056163545     3.8789638024     6.7689891588
H       21.1165310155     3.0347616470     8.2959634060
H       20.3515916496     4.6019146532     7.9946513480
Si       16.4386730933     3.4105138008     4.3981581165
O       16.3030880066     5.0034725301     4.7567564825
O       17.9603961464     3.0855316540     3.8586320786
O       15.3755396565     2.9960622288     3.2036220981
O       16.1087875646     2.5675858966     5.7654632501
Si       16.5317666649     6.5945591068     4.3689005812
Si       13.9405174270     2.5609093015     2.4937788160
Si       18.8038159929     2.4936579864     2.5577860891
Si       15.7207691728     1.1331968243     6.4883141753
H       17.8889189476     6.8582343067     3.9141863486
H       15.5504656813     6.9650114673     3.3055934258
H       16.2678289151     7.4719482285     5.6225038834
H       12.8248796256     3.3049106917     3.0913900201
H       13.9569043915     2.8609795610     1.0313789305
H       18.4494046267     3.3223479845     1.3740977029
H       13.7150117039     1.0999328378     2.6953054147
H       18.5427143617     1.0991952181     2.3210882774
H       16.4369364433     0.8977426931     7.7921038735
H       14.2678898291     0.9753809113     6.6962123290
H       20.3344331479     2.6885773502     2.7766792797
H       16.1960044182     0.0657872957     5.5345547612
32
# Point -1 Energy = 0.0
C       20.6473084091     3.6555486507     7.5276702383
H       18.9768997648     3.6160720770     6.1697581175
C       19.4469111483     2.9487323788     6.9020832036
H       18.6919874258     2.7553893840     7.6752333479
H       20.5855253384     1.8011164144     5.4478650184
C       19.8248686983     1.6343085319     6.2205013641
H       18.9586323603     1.1593365574     5.7434489879
H       20.2416713977     0.9206280086     6.9396153100
H       21.4066343090     3.8769148846     6.7684770564
H       21.1163966287     3.0339078537     8.2958808348
H       20.3527747633     4.6014126616     7.9933384639
Si       16.4356988369     3.4090277274     4.3973509397
O       16.3092323553     5.0004260276     4.7481853526
O       17.9499823104     3.0793036248     3.8538196158
O       15.3763247119     2.9959741733     3.2086741647
O       16.1059475816     2.5703176977     5.7632433557
Si       16.5175939317     6.5958470929     4.3849764717
Si       13.9500139587     2.5607926420     2.4962816550
Si       18.8217141488     2.5152644353     2.5652745156
Si       15.7323712864     1.1317003877     6.4810104346
H       17.8900385389     6.8582516617     3.9103416351
H       15.5500852011     6.9631352949     3.3012613738
H       16.2693583086     7.4749924627     5.6174554140
H       12.8244220468     3.3060677618     3.0920116636
H       13.9557363738     2.8593991986     1.0320365224
H       18.4461073018     3.3222010783     1.3725640351
H       13.7127833366     1.0999035933     2.6976734779
H       18.5431457040     1.0969968963     2.3192341643
H       16.4347646442     0.8997670538     7.7943808081
H       14.2655497830     0.9782664364     6.6977773331
H       20.3347015202     2.6863367322     2.7726239625
H       16.1927984754     0.0659626186     5.5371165219
32
# Point 0 Energy = 0
C       20.6477110000     3.6549790000     7.5266840000
H       18.9761800000     3.6157410000     6.1694560000
C       19.4467280000     2.9484220000     6.9016430000
H       18.6922510000     2.7558520000     7.6754250000
H       20.5840390000     1.7980300000     5.4478400000
C       19.8234060000     1.6330100000     6.2209870000
H       18.9571360000     1.1573250000     5.7446630000
H       20.2404540000     0.9200090000     6.9405780000
H       21.4074060000     3.8754920000     6.7676150000
H       21.1161610000     3.0334640000     8.2953550000
H       20.3536290000     4.6012450000     7.9917750000
Si       16.4325060000     3.4077350000     4.3962220000
O       16.3148940000     4.9974300000     4.7394840000
O       17.9393640000     3.0735620000     3.8486780000
O       15.3769370000     2.9960700000     3.2133680000
O       16.1030250000     2.5730330000     5.7606000000
Si       16.5037570000     6.5966350000     4.4017980000
Si       13.9593780000     2.5607940000     2.4984440000
Si       18.8391290000     2.5361430000     2.5740860000
Si       15.7443760000     1.1302530000     6.4733110000
H       17.8913405600     6.8573308000     3.9070238400
H       15.5508605600     6.9622108000     3.2979838400
H       16.2712205600     7.4764908000     5.6136238400
H       12.8237502400     3.3071035200     3.0923555200
H       13.9544302400     2.8581435200     1.0324755200
H       18.4443303200     3.3198514400     1.3715668800
H       13.7106302400     1.1000235200     2.6995155200
H       18.5418503200     1.0943714400     2.3191668800
H       16.4331100800     0.9018602400     7.7959848800
H       14.2637500800     0.9809802400     6.6993448800
H       20.3340103200     2.6832114400     2.7708868800
H       16.1902300800     0.0665002400     5.5392248800
32
# Point 1 Energy = 0.0
C       20.6479076361     3.6548454061     7.5253559758
H       18.9752440295     3.6157656751     6.1688290954
C       19.4464344514     2.9484475953     6.9007914818
H       18.6924425591     2.7564481105     7.6751909924
H       20.5825902362     1.7956207691     5.4472556171
C       19.8220163549     1.6321853192     6.2209007608
H       18.9557760658     1.1557186828     5.7452606263
H       20.2394235697     0.9198386932     6.9408768663
H       21.4079296734     3.8747067340     6.7664285578
H       21.1158197312     3.0334336509     8.2944073080
H       20.3541449194     4.6014144270     7.9899862281
Si       16.4291029901     3.4066365698     4.3947774112
O       16.3200741032     4.9944903490     4.7306643434
O       17.9285549172     3.0683144080     3.8432161518
O       15.3773903902     2.9963511128     3.2177045475
O       16.1000248079     2.5757264779     5.7575360710
Si       16.4902774334     6.5969140996     4.4193533350
Si       13.9686272288     2.5609164438     2.5002596270
Si       18.8560268826     2.5562458726     2.5841760179
Si       15.7567864214     1.1288603353     6.4652115483
H       17.8928363130     6.8554873229     3.9042220417
H       15.5528149499     6.9622250442     3.2957548964
H       16.2734240696     7.4764489098     5.6110106671
H       12.8228753608     3.3080103979     3.0924138364
H       13.9530092786     2.8572171223     1.0326890895
H       18.4439746321     3.3153137174     1.3711310448
H       13.7085764312     1.1002887262     2.7008175395
H       18.5387640392     1.0913077461     2.3208129159
H       16.4319717707     0.9040254800     7.7969225839
H       14.2624968474     0.9835091671     6.7009070402
H       20.3323197274     2.6791900075     2.7714175380
H       16.1883227787     0.0673976266     5.5408836038
32
# Point 2 Energy = 0.0
C       20.6478953395     3.6551513771     7.5237099769
H       18.9740941216     3.6161487940     6.1678947899
C       19.4460321230     2.9488108666     6.8995451888
H       18.6925611626     2.7571739425     7.6745444301
H       20.5811910045     1.7938991810     5.4461273679
C       19.8207086143     1.6318393059     6.2202551807
H       18.9545651263     1.1545212688     5.7452489455
H       20.2385882320     0.9201204404     6.9405234616
H       21.4082048266     3.8745681134     6.7649450497
H       21.1153688855     3.0338184261     8.2930609688
H       20.3543145772     4.6019219896     7.9879986537
Si       16.4254999741     3.4057330959     4.3930237267
O       16.3247766410     4.9916129252     4.7217383367
O       17.9175704597     3.0635670892     3.8374438316
O       15.3777004691     2.9968189642     3.2216850956
O       16.0969529677     2.5783931649     5.7540550056
Si       16.4771764770     6.5966739998     4.4376262365
Si       13.9777810009     2.5611639570     2.5017225029
Si       18.8723726912     2.5755274611     2.5954968602
Si       15.7696056028     1.1275293672     6.4567086130
H       17.8945363954     6.8527371645     3.9019202948
H       15.5559725748     6.9631546615     3.2945678703
H       16.2759727221     7.4748728221     5.6096093136
H       12.8218106689     3.3087823310     3.0921783704
H       13.9514989307     2.8566248661     1.0326704474
H       18.4449283161     3.3086034632     1.3712948541
H       13.7066466762     1.1006963647     2.7015659064
H       18.5338232256     1.0878007112     2.3240916864
H       16.4313477065     0.9062672701     7.7972011640
H       14.2617959415     0.9858419847     6.7024555228
H       20.3295877350     2.6742737544     2.7741585238
H       16.1870994106     0.0686528765     5.5420971836
32
# Point 3 Energy = 0.0
C       20.6476721407     3.6558982861     7.5217680484
H       18.9727333165     3.6168909588     6.1666689724
C       19.4455226359     2.9495120554     6.8979201644
H       18.6926058102     2.7580265359     7.6734982822
H       20.5798513417     1.7928704945     5.4444720106
C       19.8194896843     1.6319738540     6.2190643726
H       18.9535131152     1.1537339374     5.7446374760
H       20.2379533208     0.9208553515     6.9395319989
H       21.4082320516     3.8750807666     6.7631896378
H       21.1148048193     3.0346184860     8.2913383329
H       20.3541324326     4.6027676403     7.9858355155
Si       16.4217074364     3.4050237157     4.3909666051
O       16.3290083271     4.9888026563     4.7127145600
O       17.9064257668     3.0593218483     3.8313701706
O       15.3778823024     2.9974729984     3.2253109407
O       16.0938149661     2.5810293268     5.7501606970
Si       16.4644808520     6.5959027984     4.4565947487
Si       13.9868575163     2.5615393048     2.5028276766
Si       18.8881313058     2.5939376026     2.6079980505
Si       15.7828339753     1.1262701534     6.4478017354
H       17.8964556258     6.8491032409     3.9000974758
H       15.5603578205     6.9649675692     3.2944187303
H       16.2788671795     7.4717604196     5.6094091781
H       12.8205692821     3.3094142200     3.0916403799
H       13.9499243107     2.8563677376     1.0324132338
H       18.4470708854     3.2997484882     1.3721149146
H       13.7048633969     1.1012429779     2.7017502924
H       18.5269836821     1.0838433828     2.3289023507
H       16.4312349308     0.9085959779     7.7968298505
H       14.2616506655     0.9879706011     6.7039849821
H       20.3257691730     2.6684914965     2.7790609750
H       16.1865805309     0.0702671172     5.5428730004
32
# Point 4 Energy = 0.0
C       20.6472368308     3.6570857587     7.5195533494
H       18.9711656162     3.6179914537     6.1651683723
C       19.4449080849     2.9505501889     6.8959336305
H       18.6925758331     2.7590024960     7.6720665927
H       20.5785811410     1.7925376191     5.4423082136
C       19.8183661962     1.6325892869     6.2173442466
H       18.9526295078     1.1533566675     5.7434375660
H       20.2375233714     0.9220430954     6.9379188361
H       21.4080128489     3.8762467947     6.7611887005
H       21.1141241767     3.0358323430     8.2892631672
H       20.3535942489     4.6039498397     7.9835207088
Si       16.4177370547     3.4045070460     4.3886121514
O       16.3327781582     4.9860640527     4.7036014108
O       17.8951369953     3.0555788184     3.8250050888
O       15.3779519910     2.9983123246     3.2285838990
O       16.0906168886     2.5836315653     5.7458577203
Si       16.4522175325     6.5945873690     4.4762331916
Si       13.9958758946     2.5620455633     2.5035707991
Si       18.9032669242     2.6114275564     2.6216264163
Si       15.7964714559     1.1250938901     6.4384918326
H       17.8986089359     6.8446087097     3.8987279674
H       15.5659950922     6.9676224052     3.2953031536
H       16.2821045450     7.4671103100     5.6103929373
H       12.8191657510     3.3099020437     3.0907909701
H       13.9483117355     2.8564462390     1.0319114722
H       18.4502714999     3.2887814618     1.3736567608
H       13.7032489939     1.1019257117     2.7013613692
H       18.5182041716     1.0794331146     2.3351359859
H       16.4316293069     0.9110235332     7.7958191034
H       14.2620636175     0.9898889116     6.7054903554
H       20.3208206643     2.6618837714     2.7860697071
H       16.1867855354     0.0722420588     5.5432196840
32
# Point 5 Energy = 0.0
C       20.6465886451     3.6587120769     7.5170898769
H       18.9693955965     3.6194484314     6.1634103740
C       19.4441907561     2.9519233459     6.8936038152
H       18.6924706767     2.7600982296     7.6702643586
H       20.5773898859     1.7929014222     5.4396563952
C       19.8173443078     1.6336846350     6.2151123937
H       18.9519231384     1.1533884138     5.7416623531
H       20.2373020337     0.9236822542     6.9357023757
H       21.4075492408     3.8780662043     6.7589695080
H       21.1133236748     3.0374573545     8.2868603868
H       20.3526967133     4.6054659503     7.9810784707
Si       16.4136012320     3.4041810522     4.3859668790
O       16.3360968215     4.9834010188     4.6944070010
O       17.8837208378     3.0523364677     3.8183591886
O       15.3779261726     2.9993354261     3.2315063546
O       16.0873651330     2.5861967226     5.7411513480
Si       16.4404140978     6.5927136852     4.4965131120
Si       14.0048556797     2.5626856063     2.5039482979
Si       18.9177437725     2.6279498864     2.6363263544
Si       15.8105172456     1.1240127084     6.4287813764
H       17.9010118796     6.8392767522     3.8977828283
H       15.5729089001     6.9710703854     3.2972173606
H       16.2856796582     7.4609217214     5.6125378781
H       12.8176155435     3.3102423119     3.0896212622
H       13.9466881157     2.8568598521     1.0311597083
H       18.4543913608     3.2757407332     1.3759913802
H       13.7018255036     1.1027418497     2.7003910582
H       18.5074473916     1.0745712679     2.3426758991
H       16.4325253629     0.9135633829     7.7941807634
H       14.2630365019     0.9915925927     6.7069670642
H       20.3147022779     2.6545003405     2.7951226817
H       16.1877324425     0.0745799184     5.5431472563
32
# Point 6 Energy = 0.0
C       20.6457272295     3.6607742205     7.5144025689
H       18.9674283522     3.6212589563     6.1614131466
C       19.4433731136     2.9536286847     6.8909500493
H       18.6922899106     2.7613099120     7.6681076290
H       20.5762866524     1.7939608681     5.4365387634
C       19.8164297309     1.6352577138     6.2123881285
H       18.9514022367     1.1538271763     5.7393268059
H       20.2372921436     0.9257703866     6.9329030725
H       21.4068437144     3.8805370102     6.7565603220
H       21.1124001120     3.0394897512     8.2841561250
H       20.3514373737     4.6073122455     7.9785335216
Si       16.4093130179     3.4040430801     4.3830378768
O       16.3389765477     4.9808168311     4.6851393944
O       17.8721944385     3.0495917190     3.8114438898
O       15.3778219396     3.0005402083     3.2340814289
O       16.0840663976     2.5887218357     5.7360476827
Si       16.4290981801     6.5902669793     4.5174035133
Si       14.0138167598     2.5634621105     2.5039575600
Si       18.9315262024     2.6434588690     2.6520400120
Si       15.8249698651     1.1230395293     6.4186745148
H       17.9036800321     6.8331308782     3.8972299052
H       15.5811228289     6.9752557862     3.3001580688
H       16.2895851304     7.4531949533     5.6158160256
H       12.8159349575     3.3104320224     3.0881226194
H       13.9450808345     2.8576071360     1.0301532059
H       18.4592859789     3.2606714081     1.3791920211
H       13.7006145854     1.1036888299     2.6988326590
H       18.4946794639     1.0692634575     2.3513979672
H       16.4339163455     0.9162302633     7.7919281411
H       14.2645701597     0.9930789701     6.7084111384
H       20.3073784791     2.6463968246     2.8061504309
H       16.1894378862     0.0772833830     5.5426671720
32
# Point 7 Energy = 0.0
C       20.6446516472     3.6632693941     7.5115166208
H       18.9652684100     3.6234198795     6.1591950908
C       19.4424570622     2.9556634804     6.8879921514
H       18.6920326341     2.7626341608     7.6656129442
H       20.5752797572     1.7957146156     5.4329785719
C       19.8156275150     1.6373063567     6.2091917943
H       18.9510743754     1.1546708813     5.7364470843
H       20.2374958793     0.9283054028     6.9295426758
H       21.4058980713     3.8836571249     6.7539896628
H       21.1113497065     3.0419263324     8.2811769880
H       20.3498132659     4.6094852881     7.9759104424
Si       16.4048849617     3.4040897235     4.3798324531
O       16.3414292926     4.9783138686     4.6758063417
O       17.8605743382     3.0473405217     3.8042709399
O       15.3776557785     3.0019234621     3.2363126935
O       16.0807270285     2.5912037849     5.7305532820
Si       16.4182993319     6.5872321890     4.5388734281
Si       14.0227784368     2.5643763660     2.5035967622
Si       18.9445791904     2.6579096009     2.6687081080
Si       15.8398270734     1.1221873550     6.4081767275
H       17.9066315359     6.8261929278     3.8970370056
H       15.5906615712     6.9801210164     3.3041250764
H       16.2938159258     7.4439305996     5.6201981189
H       12.8141399224     3.3104670091     3.0862865801
H       13.9435165741     2.8586846669     1.0288877738
H       18.4648089370     3.2436243260     1.3833298156
H       13.6996372476     1.1047629989     2.6966806270
H       18.4798696200     1.0635183878     2.3611728952
H       16.4357943057     0.9190397616     7.7890755961
H       14.2666645450     0.9943458318     6.7098189217
H       20.2988193015     2.6376293903     2.8190763546
H       16.1919173578     0.0803552954     5.5417918322
32
# Point 8 Energy = 0.0
C       20.6433625492     3.6661917443     7.5084596823
H       18.9629221348     3.6259260283     6.1567767142
C       19.4414456669     2.9580228823     6.8847523379
H       18.6916988980     2.7640663547     7.6627990797
H       20.5743778175     1.7981579622     5.4290021588
C       19.8149428226     1.6398259211     6.2055466449
H       18.9509469618     1.1559156417     5.7330422107
H       20.2379148098     0.9312826792     6.9256461355
H       21.4047159206     3.8874205139     6.7512886700
H       21.1101696132     3.0447607343     8.2779522925
H       20.3478237733     4.6119788456     7.9732358863
Si       16.4003317086     3.4043172328     4.3763595060
O       16.3434705478     4.9758941998     4.6664167248
O       17.8488789154     3.0455770179     3.7968540636
O       15.3774460619     3.0034822516     3.2382052992
O       16.0773546340     2.5936398819     5.7246764118
Si       16.4080429558     6.5835932387     4.5608867153
Si       14.0317616911     2.5654310170     2.5028656521
Si       18.9568672544     2.6712619848     2.6862684326
Si       15.8550864059     1.1214703767     6.3972958719
H       17.9098792601     6.8184881790     3.8971648061
H       15.6015431714     6.9855965601     3.3091148467
H       16.2983593816     7.4331327905     5.6256446778
H       12.8122487682     3.3103454810     3.0841055136
H       13.9420240955     2.8600898252     1.0273606154
H       18.4708096411     3.2246614644     1.3884739761
H       13.6989148896     1.1059624624     2.6939312276
H       18.4629870097     1.0573527103     2.3718624641
H       16.4381502357     0.9220084144     7.7856396912
H       14.2693190943     0.9953935272     6.7111879773
H       20.2889989618     2.6282548997     2.8338133492
H       16.1951849481     0.0837991772     5.5405357252
32
# Point 9 Energy = 0.0
C       20.6418600172     3.6695356925     7.5052600242
H       18.9603953577     3.6287720864     6.1541790958
C       19.4403415155     2.9607021825     6.8812535971
H       18.6912883721     2.7656022033     7.6596855579
H       20.5735888874     1.8012861667     5.4246371042
C       19.8143803569     1.6428119108     6.2014771309
H       18.9510269940     1.1575576121     5.7291325152
H       20.2385501018     0.9346980264     6.9212398022
H       21.4033001894     3.8918212271     6.7484891367
H       21.1088564645     3.0479871672     8.2745121381
H       20.3454676938     4.6147869541     7.9705368139
Si       16.3956674772     3.4047211752     4.3726284452
O       16.3451154537     4.9735589950     4.6569795653
O       17.8371260498     3.0442946238     3.7892075932
O       15.3772106788     3.0052126429     3.2397650895
O       16.0739566035     2.5960271737     5.7184259962
Si       16.3983551716     6.5793340412     4.5834076710
Si       14.0407870783     2.5666273865     2.5017649644
Si       18.9683560197     2.6834779163     2.7046577282
Si       15.8707448474     1.1209025870     6.3860412677
H       17.9134372140     6.8100407645     3.8975740394
H       15.6137847992     6.9916118321     3.3151263909
H       16.3032052816     7.4208068800     5.6321148936
H       12.8102795681     3.3100644232     3.0815722095
H       13.9406316126     2.8618182658     1.0255697011
H       18.4771387905     3.2038517376     1.3946861921
H       13.6984685502     1.1072842883     2.6905819321
H       18.4440015816     1.0507879607     2.3833245526
H       16.4409740899     0.9251530739     7.7816381392
H       14.2725325301     0.9962225803     6.7125162785
H       20.2778975144     2.6183238127     2.8502655082
H       16.1992537375     0.0876186101     5.5389142861
32
# Point 10 Energy = 0.0
C       20.6401441513     3.6732950973     7.5019472890
H       18.9576940580     3.6319521561     6.1514245140
C       19.4391472327     2.9636962398     6.8775203022
H       18.6908007706     2.7672372442     7.6562931922
H       20.5729208840     1.8050937856     5.4199128404
C       19.8139447011     1.6462593846     6.1970094442
H       18.9513213579     1.1595925883     5.7247400813
H       20.2394026832     0.9385469695     6.9163519492
H       21.4016538040     3.8968524885     6.7456243304
H       21.1074067967     3.0515994330     8.2708881460
H       20.3427439572     4.6179030966     7.9678412907
Si       16.3909068419     3.4052965803     4.3686496230
O       16.3463798204     4.9713087040     4.6475045595
O       17.8253338941     3.0434859364     3.7813469866
O       15.3769678325     3.0071101354     3.2409989247
O       16.0705406339     2.5983625418     5.7118119666
Si       16.3892608769     6.5744383418     4.6063997466
Si       14.0498754988     2.5679662530     2.5002966000
Si       18.9790119883     2.6945227655     2.7238114176
Si       15.8867991263     1.1204979590     6.3744239257
H       17.9173180547     6.8008749675     3.8982235699
H       15.6274002208     6.9980927479     3.3221592380
H       16.3083434518     7.4069606037     5.6395641582
H       12.8082510019     3.3096205041     3.0786800400
H       13.9393677195     2.8638647949     1.0235139826
H       18.4836480256     3.1812722743     1.4020195079
H       13.6983194179     1.1087252880     2.6866314820
H       18.4228820386     1.0438527459     2.3954129281
H       16.4442549365     0.9284906803     7.7770900544
H       14.2763030882     0.9968340848     6.7138023779
H       20.2654998643     2.6078782870     2.8683267830
H       16.2041358707     0.0918173207     5.5369441081
32
# Point 11 Energy = 0.0
C       20.6382150301     3.6774633712     7.4985525815
H       18.9548243458     3.6354598389     6.1485365133
C       19.4378654976     2.9669995511     6.8735782537
H       18.6902358712     2.7689668273     7.6526441101
H       20.5723817057     1.8095748904     5.4148606584
C       19.8136404366     1.6501630853     6.1921715058
H       18.9518369846     1.1620161064     5.7198887020
H       20.2404733981     0.9428248637     6.9110127335
H       21.3997796453     3.9025068994     6.7427291042
H       21.1058170410     3.0555910296     8.2671135265
H       20.3396515132     4.6213202780     7.9651786165
Si       16.3860647558     3.4060379532     4.3644343573
O       16.3472800346     4.9691430457     4.6380021797
O       17.8135209307     3.0431428695     3.7732888508
O       15.3767361069     3.0091696696     3.2419146729
O       16.0671147890     2.6006426197     5.7048452409
Si       16.3807835234     6.5688898245     4.6298258558
Si       14.0590483015     2.5694478058     2.4984635868
Si       18.9888027931     2.7043657554     2.7436638397
Si       15.9032458485     1.1202702823     6.3624564874
H       17.9215327980     6.7910150305     3.8990706083
H       15.6423994494     7.0049623689     3.3302131687
H       16.3137643672     7.3916043345     5.6479442361
H       12.8061824100     3.3090099324     3.0754229340
H       13.9382614965     2.8662234110     1.0211933635
H       18.4901901872     3.1570079754     1.4105168136
H       13.6984890367     1.1102819479     2.6820797734
H       18.3995948280     1.0365837509     2.4079784307
H       16.4479810574     0.9320379706     7.7720158792
H       14.2806286268     0.9972294926     6.7150453317
H       20.2517951175     2.5969501149     2.8878806066
H       16.2098426725     0.0963991036     5.5346428374
32
# Point 12 Energy = 0.0
C       20.6360726943     3.6820335502     7.4951085077
H       18.9517924644     3.6392882832     6.1455399240
C       19.4364990715     2.9706062907     6.8694546837
H       18.6895935436     2.7707860877     7.6487617442
H       20.5719793387     1.8147232146     5.4095136860
C       19.8134722475     1.6545175205     6.1869929307
H       18.9525809858     1.1648235029     5.7146038204
H       20.2417631403     0.9475269649     6.9052541415
H       21.3976805307     3.9087765742     6.7398399509
H       21.1040835302     3.0599552115     8.2632231025
H       20.3361892605     4.6250310649     7.9625793923
Si       16.3811565879     3.4069392760     4.3599949186
O       16.3478330094     4.9670609953     4.6284837203
O       17.8017060348     3.0432567462     3.7650509296
O       15.3765345349     3.0113856281     3.2425211764
O       16.0636875630     2.6028637225     5.6975376796
Si       16.3729449687     6.5626721995     4.6536486106
Si       14.0683273810     2.5710716077     2.4962700225
Si       18.9976974403     2.7129802518     2.7641484634
Si       15.9200816129     1.1202330276     6.3501531587
H       17.9260905977     6.7804848982     3.9000708752
H       15.6587885613     7.0121414287     3.3392878392
H       16.3194597501     7.3747512731     5.6572033725
H       12.8040938561     3.3082283488     3.0717953275
H       13.9373426111     2.8688873373     1.0186086477
H       18.4966189856     3.1311507841     1.4202099119
H       13.6989994796     1.1119503748     2.6769277437
H       18.3741035514     1.0290266899     2.4208702348
H       16.4521400297     0.9358112199     7.7664373057
H       14.2855067131     0.9974104558     6.7162446272
H       20.2367758023     2.5855597166     2.9087998306
H       16.2163847215     0.1013677530     5.5320290806
32
# Point 13 Energy = 0.0
C       20.6337169800     3.6869985356     7.4916490979
H       18.9486046335     3.6434303049     6.1424607804
C       19.4350507034     2.9745104549     6.8651781632
H       18.6888736700     2.7726900033     7.6446707343
H       20.5717218816     1.8205324377     5.4039067793
C       19.8134449581     1.6593171565     6.1815049132
H       18.9535607403     1.1680100407     5.7089124062
H       20.2432729558     0.9526486425     6.8991098630
H       21.3953590278     3.9156534709     6.7369949325
H       21.1022023894     3.0646852531     8.2592532214
H       20.3323557852     4.6290277903     7.9600754593
Si       16.3761979971     3.4079939374     4.3553444384
O       16.3480559016     4.9650607030     4.6189612407
O       17.7899083873     3.0438183767     3.7566520052
O       15.3763825148     3.0137516989     3.2428281509
O       16.0602678287     2.6050217091     5.6899019761
Si       16.3657659202     6.5557692078     4.6778307252
Si       14.0777351371     2.5728363503     2.4937209697
Si       19.0056664030     2.7203439875     2.7851980435
Si       15.9373030848     1.1203991465     6.3375296023
H       17.9309992119     6.7693072334     3.9011789679
H       15.6765703422     7.0195493046     3.3493826343
H       16.3254240957     7.3564173640     5.6672867619
H       12.8020060233     3.3072704611     3.0677920644
H       13.9366412570     2.8718488166     1.0157614379
H       18.5027881125     3.1037987370     1.4311190479
H       13.6998734554     1.1137260201     2.6711772344
H       18.3463688375     1.0212371216     2.4339371563
H       16.4567187900     0.9398259700     7.7603771512
H       14.2909346756     0.9973785368     6.7174000885
H       20.2204369748     2.5737162956     2.9309470206
H       16.2237719243     0.1067269317     5.5291222920
32
# Point 14 Energy = 0.0
C       20.6311488109     3.6923494183     7.4882100816
H       18.9452683201     3.6478775140     6.1393266060
C       19.4335240848     2.9787047649     6.8607788949
H       18.6880770150     2.7746726661     7.6403972258
H       20.5716179360     1.8269945297     5.3980768274
C       19.8135638533     1.6645551364     6.1757405372
H       18.9547839851     1.1715700431     5.7028432777
H       20.2450040271     0.9581838999     6.8926156093
H       21.3928188460     3.9231273415     6.7342339489
H       21.1001705351     3.0697725542     8.2552420361
H       20.3281511096     4.6333010234     7.9577001601
Si       16.3712060987     3.4091950842     4.3504972109
O       16.3479680325     4.9631398866     4.6094478510
O       17.7781484677     3.0448176976     3.7481121943
O       15.3763007767     3.0162617184     3.2428465024
O       16.0568656206     2.6071125008     5.6819519720
Si       16.3592622557     6.5481650854     4.7023332486
Si       14.0872952279     2.5747413572     2.4908227907
Si       19.0126825862     2.7264391966     2.8067448855
Si       15.9549070740     1.1207817092     6.3246032963
H       17.9362604845     6.7575077685     3.9023464442
H       15.6957396668     7.0270999905     3.3604935869
H       16.3316482480     7.3366227812     5.6781334689
H       12.7999413415     3.3061321333     3.0634087216
H       13.9361890400     2.8751006459     1.0126544656
H       18.5085507845     3.0750554432     1.4432533943
H       13.7011343700     1.1156053389     2.6648313437
H       18.3163495230     1.0132812623     2.4470284991
H       16.4617035948     0.9440972841     7.7538597054
H       14.2969095945     0.9971366556     6.7185122695
H       20.2027763057     2.5614189350     2.9541751363
H       16.2320129838     0.1124806340     5.5259431677
32
# Point 15 Energy = 0.0
C       20.6283679591     3.6980784628     7.4848279629
H       18.9417899976     3.6526218662     6.1361655370
C       19.4319222263     2.9831826017     6.8562877968
H       18.6872037896     2.7767285089     7.6359679702
H       20.5716759935     1.8341027585     5.3920617561
C       19.8138342251     1.6702255711     6.1697337960
H       18.9562587787     1.1754984318     5.6964261306
H       20.2469578762     0.9641280000     6.8858080908
H       21.3900623833     3.9311894324     6.7315977980
H       21.0979840133     3.0752099993     8.2512285410
H       20.3235736113     4.6378422760     7.9554874617
Si       16.3661973661     3.4105349762     4.3454678884
O       16.3475873724     4.9612950998     4.5999569811
O       17.7664462615     3.0462444681     3.7394520835
O       15.3763096167     3.0189081545     3.2425875361
O       16.0534908058     2.6091310708     5.6737018249
Si       16.3534515445     6.5398439823     4.7271191660
Si       14.0970311732     2.5767838538     2.4875823873
Si       19.0187200006     2.7312521587     2.8287208500
Si       15.9728905064     1.1213925637     6.3113926833
H       17.9418782072     6.7451068287     3.9035258340
H       15.7162921313     7.0347103228     3.3726174826
H       16.3381320090     7.3153892814     5.6896824642
H       12.7979219398     3.3048065834     3.0586409128
H       13.9360172861     2.8786334816     1.0092908426
H       18.5137580606     3.0450276515     1.4566103895
H       13.7028062519     1.1175827836     2.6578936152
H       18.2840021625     1.0052355763     2.4599964143
H       16.4670802179     0.9486388462     7.7469098324
H       14.3034283642     0.9966864334     6.7195816780
H       20.1837922610     2.5486577184     2.9783288859
H       16.2411162073     0.1186322561     5.5225127669
