32
# Point -15 Energy = 0.0
C       20.8487785685     3.4216212082     7.4620303302
H       18.7113917148     3.7096776591     6.1041495124
C       19.1724100364     3.0422254637     6.8454044022
H       18.4268390217     2.8106639056     7.6247376282
H       20.5967521085     1.5457657094     5.2965753350
C       20.1956479027     1.6634568937     6.3010333336
H       19.1024260839     1.8339875076     6.1246907763
H       20.2330419642     0.6902616035     6.7860829943
H       21.5450690084     4.1127209530     6.9946472646
H       21.1623761318     3.2735072977     8.4929258317
H       19.9147001318     4.0115170070     7.6134100890
Si       16.4553770856     3.4009695432     4.3999028893
O       16.3492924510     4.9988709557     4.7437931881
O       17.9609672074     3.0529169756     3.8214150472
O       15.3726893198     2.9937319834     3.2168828232
O       16.1357549525     2.5565070589     5.7700721854
Si       16.5423089668     6.5841065025     4.4088701859
Si       13.9581539213     2.5737948944     2.5268187044
Si       18.8299362164     2.5195611931     2.5451325593
Si       15.7813876070     1.1281998930     6.4793285594
H       17.9249814327     6.8423940153     3.8958145775
H       15.5774257184     6.9609169045     3.3173035936
H       16.3303672710     7.4665812819     5.6244536700
H       12.8305509805     3.3242742918     3.1335413614
H       13.9352205802     2.8738473594     1.0599215371
H       18.4262559944     3.3053966368     1.3463569267
H       13.6994506849     1.1128865908     2.7251081426
H       18.5229619558     1.0776721990     2.2887301031
H       16.4849604511     0.8896863832     7.7935961902
H       14.3020881361     0.9820557979     6.7251879818
H       20.3300948645     2.6551826203     2.7199971030
H       16.2083221301     0.0583437108     5.5392505335
32
# Point -14 Energy = 0.0
C       20.8397556758     3.4407809393     7.4665275705
H       18.7297957049     3.7049838900     6.1107997814
C       19.1904824925     3.0366333942     6.8512411343
H       18.4460680115     2.8074675229     7.6318811272
H       20.5881095400     1.5504433775     5.2910537580
C       20.1677268159     1.6550343246     6.2897180448
H       19.0739720317     1.7878569361     6.0950749187
H       20.2268693711     0.6890698506     6.7879955232
H       21.5452964837     4.1105767279     6.9808632155
H       21.1705100647     3.2657186069     8.4882332533
H       19.9331702103     4.0624658345     7.6453218712
Si       16.4547062868     3.4013433233     4.4000935444
O       16.3475203215     4.9987113895     4.7437877300
O       17.9606041976     3.0544645231     3.8240484337
O       15.3740633893     2.9934517571     3.2169791728
O       16.1342529384     2.5575240409     5.7698351691
Si       16.5400920931     6.5848811428     4.4085947081
Si       13.9594819788     2.5721356983     2.5251312173
Si       18.8320173467     2.5209117140     2.5480978894
Si       15.7796773961     1.1282156708     6.4792877665
H       17.9231775835     6.8435014839     3.8970542727
H       15.5761946530     6.9606982619     3.3159509234
H       16.3263552117     7.4672538282     5.6238121954
H       12.8311116416     3.3221817354     3.1307718790
H       13.9378752956     2.8718323354     1.0582512050
H       18.4290566728     3.3064454720     1.3489225828
H       13.7017120056     1.1112042800     2.7237350151
H       18.5260271286     1.0789525760     2.2918186117
H       16.4820025767     0.8905401839     7.7942926685
H       14.3002493187     0.9816205649     6.7234881641
H       20.3317698835     2.6575955829     2.7247670832
H       16.2082762784     0.0588050313     5.5397349300
32
# Point -13 Energy = 0.0
C       20.8302464342     3.4594577408     7.4709467881
H       18.7481154555     3.7000184225     6.1171613552
C       19.2086351759     3.0309074712     6.8568093952
H       18.4651802532     2.8041576097     7.6385637002
H       20.5799795486     1.5562082238     5.2871959964
C       20.1399974999     1.6475497358     6.2793573737
H       19.0473130700     1.7419549107     6.0661045079
H       20.2211263148     0.6894636401     6.7906698505
H       21.5444999629     4.1072187836     6.9670316757
H       21.1774551421     3.2574742299     8.4826177155
H       19.9532715040     4.1121835328     7.6763387954
Si       16.4539654389     3.4017026551     4.4002376090
O       16.3457183344     4.9985307523     4.7437753609
O       17.9601403480     3.0559755882     3.8265794547
O       15.3753377436     2.9932162684     3.2170384049
O       16.1327072755     2.5585097549     5.7695466609
Si       16.5378627514     6.5856388141     4.4083426235
Si       13.9606922093     2.5705719637     2.5234180597
Si       18.8339461855     2.5222343090     2.5509258682
Si       15.7779180099     1.1281953182     6.4791828159
H       17.9213480857     6.8445795461     3.8982803349
H       15.5749252402     6.9605058593     3.3146620829
H       16.3223853190     7.4678838079     5.6232196318
H       12.8315832227     3.3201941175     3.1280154536
H       13.9403948780     2.8699540203     1.0565651381
H       18.4316855701     3.3075012635     1.3513808973
H       13.7038240882     1.1096189328     2.7223018560
H       18.5288984605     1.0802180338     2.2947497892
H       16.4790308718     0.8913218192     7.7948975423
H       14.2983680639     0.9811741802     6.7217682177
H       20.3332984620     2.6599424740     2.7293545468
H       16.2081296806     0.0592382204     5.5401258579
32
# Point -12 Energy = 0.0
C       20.8202226605     3.4776513339     7.4752989421
H       18.7663419648     3.6947771042     6.1232227748
C       19.2268601430     3.0250475988     6.8621013461
H       18.4841575430     2.8007337448     7.6447690373
H       20.5725101074     1.5631971608     5.2850581329
C       20.1125308059     1.6409960128     6.2699435509
H       19.0226135119     1.6962850169     6.0377842287
H       20.2159180021     0.6915445893     6.7942436268
H       21.5426152044     4.1025631352     6.9530759456
H       21.1831269978     3.2486421181     8.4760918337
H       19.9749416409     4.1605708342     7.7064088673
Si       16.4531451525     3.4020514774     4.4003323698
O       16.3438810059     4.9983336834     4.7437517507
O       17.9595653120     3.0574498411     3.8290045707
O       15.3765009656     2.9930308222     3.2170589362
O       16.1311077401     2.5594706252     5.7692053465
Si       16.5356188521     6.5863833821     4.4081077857
Si       13.9617714029     2.5691119525     2.5216791201
Si       18.8357101116     2.5235250414     2.5536125858
Si       15.7760964380     1.1281469541     6.4790144005
H       17.9194911783     6.8456282018     3.8994851634
H       15.5736151884     6.9603445778     3.3134311546
H       16.3184584998     7.4684770508     5.6226691908
H       12.8319547712     3.3183232019     3.1252721779
H       13.9427656265     2.8682192065     1.0548628592
H       18.4341308207     3.3085596444     1.3537273406
H       13.7057703031     1.1081395476     2.7208101329
H       18.5315598093     1.0814649796     2.2975214805
H       16.4760329777     0.8920394191     7.7954113680
H       14.2964310398     0.9807285866     6.7200302269
H       20.3346686846     2.6622160266     2.7337542879
H       16.2078661383     0.0596491287     5.5404248250
32
# Point -11 Energy = 0.0
C       20.8096518465     3.4953602933     7.4795969998
H       18.7844655183     3.6892606588     6.1289731707
C       19.2451467210     3.0190571358     6.8671095400
H       18.5029780492     2.7971995678     7.6504803129
H       20.5658647746     1.5715591593     5.2847195443
C       20.0853935354     1.6353660608     6.2614646535
H       19.0000432980     1.6508293250     6.0101053077
H       20.2113685857     0.6954380830     6.7988563834
H       21.5395805767     4.0964899164     6.9389211400
H       21.1874427770     3.2390669532     8.4686476566
H       19.9981280886     4.2075445118     7.7355002562
Si       16.4522340033     3.4023948538     4.4003745077
O       16.3420001007     4.9981261020     4.7437110305
O       17.9588670220     3.0588883492     3.8313202791
O       15.3775401126     2.9929007521     3.2170384897
O       16.1294419901     2.5604148529     5.7688096800
Si       16.5333550574     6.5871198767     4.4078816664
Si       13.9627051805     2.5677630159     2.5199134210
Si       18.8372953684     2.5247809759     2.5561547330
Si       15.7741978789     1.1280807417     6.4787836891
H       17.9176019083     6.8466488651     3.9006590437
H       15.5722591397     6.9602194614     3.3122493456
H       16.3145717079     7.4690411606     5.6221511376
H       12.8322136950     3.3165797486     3.1225405215
H       13.9449729959     2.8666329282     1.0531428520
H       18.4363794850     3.3096164092     1.3559574232
H       13.7075333485     1.1067742247     2.7192611955
H       18.5339945284     1.0826905570     2.3001328565
H       16.4729944445     0.8927041831     7.7958355151
H       14.2944231053     0.9802973288     6.7182763943
H       20.3358673994     2.6644106670     2.7379620675
H       16.2074683573     0.0600452809     5.5406345458
32
# Point -10 Energy = 0.0
C       20.7984980041     3.5125816747     7.4838553788
H       18.8024762483     3.6834750506     6.1344024095
C       19.2634818651     3.0129430088     6.8718269565
H       18.5216167290     2.7935629812     7.6556802461
H       20.5602170730     1.5814555349     5.2862854761
C       20.0586480423     1.6306531896     6.2539041281
H       18.9797834627     1.6055509823     5.9830476873
H       20.2076168206     0.7012975722     6.8046470899
H       21.5353335339     4.0888420814     6.9244968996
H       21.1903163022     3.2285709587     8.4602530519
H       20.0227938596     4.2530321306     7.7635989661
Si       16.4512187891     3.4027388803     4.4003601723
O       16.3400648115     4.9979151063     4.7436458696
O       17.9580319411     3.0602935752     3.8335231393
O       15.3784409611     2.9928312691     3.2169742085
O       16.1276959118     2.5613523028     5.7683579674
Si       16.5310628593     6.5878543988     4.4076534204
Si       13.9634782468     2.5665313585     2.5181192812
Si       18.8386873046     2.5260002290     2.5585496041
Si       15.7722061920     1.1280087569     6.4784924262
H       17.9156721746     6.8476443531     3.9017901673
H       15.5708486958     6.9601355693     3.3111050858
H       16.3107180114     7.4695854074     5.6216528597
H       12.8323459956     3.3149732113     3.1198175276
H       13.9470017874     2.8651982260     1.0514027259
H       18.4384177094     3.3106675414     1.3580667111
H       13.7090955907     1.1055299198     2.7176564501
H       18.5361857801     1.0838926819     2.3025844295
H       16.4698992351     0.8933302875     7.7961722409
H       14.2923277821     0.9798953343     6.7165091887
H       20.3368804514     2.6665226538     2.7419745652
H       16.2069184280     0.0604357725     5.5407590294
32
# Point -9 Energy = 0.0
C       20.7867227459     3.5293106061     7.4880892239
H       18.8203648235     3.6774317583     6.1395011959
C       19.2818506599     3.0067157286     6.8762469866
H       18.5400459174     2.7898362536     7.6603511262
H       20.5557436668     1.5930595857     5.2898895203
C       20.0323519330     1.6268514705     6.2472403098
H       18.9620314420     1.5603981931     5.9565831379
H       20.2048111630     0.7093086333     6.8117506777
H       21.5298069522     4.0794252693     6.9097411325
H       21.1916536663     3.2169555436     8.4508479006
H       20.0489221702     4.2969655565     7.7907059939
Si       16.4500848865     3.4030905427     4.4002850645
O       16.3380620613     4.9977088216     4.7435475753
O       17.9570454012     3.0616693136     3.8356097761
O       15.3791883252     2.9928272856     3.2168627905
O       16.1258540818     2.5622943333     5.7678484565
Si       16.5287307916     6.5885939791     4.4074099846
Si       13.9640746986     2.5654217995     2.5162945201
Si       18.8398706735     2.5271819617     2.5607950551
Si       15.7701044616     1.1279447967     6.4781430300
H       17.9136909007     6.8486188153     3.9028646650
H       15.5693725632     6.9600977999     3.3099841811
H       16.3068868262     7.4701205616     5.6211589829
H       12.8323365756     3.3135114383     3.1170990790
H       13.9488363726     2.8639159211     1.0496394246
H       18.4402309318     3.3117091993     1.3600508109
H       13.7104394495     1.1044121937     2.7159975662
H       18.5381168873     1.0850700266     2.3048780164
H       16.4667303623     0.8939347132     7.7964247488
H       14.2901278412     0.9795386493     6.7147315158
H       20.3376929784     2.6685501397     2.7457892622
H       16.2061983897     0.0608311097     5.5408036491
32
# Point -8 Energy = 0.0
C       20.7742866487     3.5455397909     7.4923135459
H       18.8381233129     3.6711478967     6.1442611412
C       19.3002370112     3.0003892496     6.8803633811
H       18.5582361334     2.7860359644     7.6644748124
H       20.5526158547     1.6065548673     5.2956956882
C       20.0065579219     1.6239560034     6.2414459627
H       18.9470058889     1.5153100078     5.9306795536
H       20.2031039191     0.7196920519     6.8202925940
H       21.5229253752     4.0680095614     6.8946052181
H       21.1913497569     3.2040048849     8.4403401673
H       20.0765195132     4.3392730794     7.8168339743
Si       16.4488167543     3.4034575066     4.4001445461
O       16.3359769926     4.9975161770     4.7434062459
O       17.9558920710     3.0630205357     3.8375768758
O       15.3797664910     2.9928932088     3.2167006644
O       16.1239003846     2.5632535439     5.7672794473
Si       16.5263448533     6.5893463656     4.4071362500
Si       13.9644784282     2.5644375402     2.5144367229
Si       18.8408300265     2.5283262803     2.5628894316
Si       15.7678757023     1.1279041017     6.4777386997
H       17.9116444140     6.8495775704     3.9038666897
H       15.5678168948     6.9601106793     3.3088700603
H       16.3030644004     7.4706586449     5.6206515765
H       12.8321696653     3.3122003947     3.1143802574
H       13.9504609875     2.8627844189     1.0478494999
H       18.4418041740     3.3127376342     1.3619053425
H       13.7115478504     1.1034249719     2.7142867278
H       18.5397717472     1.0862219200     2.3070166565
H       16.4634706880     0.8945369558     7.7965972404
H       14.2878060303     0.9792441162     6.7129469227
H       20.3382898111     2.6704931076     2.7494042678
H       16.2052908968     0.0612429688     5.5407751960
32
# Point -7 Energy = 0.0
C       20.7611509773     3.5612588510     7.4965422465
H       18.8557462910     3.6646461086     6.1486748095
C       19.3186246046     2.9939805942     6.8841701708
H       18.5761571803     2.7821827093     7.6680327187
H       20.5509887733     1.6221308068     5.3038993891
C       19.9813139257     1.6219630156     6.2364878536
H       18.9349503873     1.4702246618     5.9053067300
H       20.2026438011     0.7327045927     6.8303801366
H       21.5146014714     4.0543343079     6.8790613291
H       21.1892864618     3.1894931795     8.4286023072
H       20.1056162446     4.3798699830     7.8420031539
Si       16.4473986515     3.4038478094     4.3999338065
O       16.3337937241     4.9973465819     4.7432110192
O       17.9545566165     3.0643531055     3.8394211982
O       15.3801598247     2.9930326948     3.2164842379
O       16.1218188531     2.5642434069     5.7666494507
Si       16.5238892393     6.5901197135     4.4068153600
Si       13.9646736680     2.5635799516     2.5125436022
Si       18.8415502544     2.5294340101     2.5648314766
Si       15.7655037609     1.1279029577     6.4772835448
H       17.9095171297     6.8505268160     3.9047785978
H       15.5661659234     6.9601781042     3.3077441803
H       16.2992346620     7.4712125634     5.6201105110
H       12.8318294287     3.3110439260     3.1116558418
H       13.9518601453     2.8617995642     1.0460294883
H       18.4431224754     3.3137490197     1.3636259182
H       13.7124047833     1.1025703261     2.7125269547
H       18.5411353418     1.0873481359     2.3090044835
H       16.4601039439     0.8951585629     7.7966949693
H       14.2853459994     0.9790289678     6.7111598586
H       20.3386560274     2.6723531317     2.7528180939
H       16.2041800287     0.0616838406     5.5406819214
32
# Point -6 Energy = 0.0
C       20.7472798631     3.5764534335     7.5007870451
H       18.8732322665     3.6579541448     6.1527357482
C       19.3369982225     2.9875091617     6.8876615586
H       18.5937796390     2.7783004779     7.6710057872
H       20.5509876971     1.6399735122     5.3147260354
C       19.9566634996     1.6208697115     6.2323263581
H       18.9261349449     1.4250915759     5.8804439417
H       20.2035660921     0.7486352338     6.8420890440
H       21.5047335895     4.0381178258     6.8631128655
H       21.1853336920     3.1731979356     8.4154691059
H       20.1362632223     4.4186475092     7.8662363682
Si       16.4458156458     3.4042694309     4.3996481215
O       16.3314964708     4.9972094730     4.7429504686
O       17.9530246218     3.0656733326     3.8411396189
O       15.3803536162     2.9932483594     3.2162102572
O       16.1195948104     2.5652777427     5.7659574214
Si       16.5213474819     6.5909221490     4.4064292023
Si       13.9646457316     2.5628483941     2.5106135017
Si       18.8420173270     2.5305063124     2.5666202231
Si       15.7629744907     1.1279581321     6.4767827556
H       17.9072926402     6.8514731748     3.9055812893
H       15.5644029832     6.9603030325     3.3065866668
H       16.2953805496     7.4717955846     5.6195140470
H       12.8313008114     3.3100435762     3.1089210118
H       13.9530192056     2.8609545774     1.0441764388
H       18.4441715158     3.3147391808     1.3652081449
H       13.7129960061     1.1018482911     2.7107225262
H       18.5421943854     1.0884485453     2.3108465449
H       16.4566160597     0.8958224388     7.7967243051
H       14.2827334982     0.9789103069     6.7093760166
H       20.3387777195     2.6741329190     2.7560293712
H       16.2028523005     0.0621665244     5.5405335689
32
# Point -5 Energy = 0.0
C       20.7326430243     3.5911040337     7.5050563167
H       18.8905855007     3.6511040668     6.1564384979
C       19.3553455039     2.9809956607     6.8908317715
H       18.6110768452     2.7744156375     7.6733744453
H       20.5526911087     1.6602487180     5.3284251411
C       19.9326467172     1.6206738146     6.2289150863
H       18.9208533225     1.3798884092     5.8560895654
H       20.2059797404     0.7677935408     6.8554437742
H       21.4932062690     4.0190744875     6.8468092689
H       21.1793549218     3.1549220505     8.4007389441
H       20.1685222914     4.4554605434     7.8895526210
Si       16.4440549726     3.4047297210     4.3992832326
O       16.3290710968     4.9971137109     4.7426131918
O       17.9512838260     3.0669873409     3.8427292153
O       15.3803352055     2.9935414408     3.2158763145
O       16.1172163875     2.5663700128     5.7652030914
Si       16.5187040803     6.5917611891     4.4059591531
Si       13.9643819860     2.5622400805     2.5086460915
Si       18.8422192701     2.5315441336     2.5682548669
Si       15.7602772689     1.1280861123     6.4762428274
H       17.9049552817     6.8524230580     3.9062547497
H       15.5625119862     6.9604871146     3.3053772626
H       16.2914859205     7.4724206296     5.6188397223
H       12.8305706764     3.3091984746     3.1061723211
H       13.9539251256     2.8602400951     1.0422886441
H       18.4449384563     3.3157032189     1.3666476559
H       13.7133099278     1.1012567263     2.7088795444
H       18.5429381373     1.0895226208     2.3125485536
H       16.4529968820     0.8965518658     7.7966928141
H       14.2799579205     0.9789044404     6.7076027892
H       20.3386430148     2.6758356083     2.7590364877
H       16.2012979322     0.0627034428     5.5403413985
32
# Point -4 Energy = 0.0
C       20.7172190146     3.6051845575     7.5093538655
H       18.9078181984     3.6441310583     6.1597785737
C       19.3736591450     2.9744606640     6.8936748643
H       18.6280273522     2.7705555167     7.6751185417
H       20.5561111677     1.6830734358     5.3452568909
C       19.9093015213     1.6213728013     6.2262005359
H       18.9194131685     1.3346444055     5.8322726751
H       20.2099514169     0.7904858831     6.8703905750
H       21.4798968069     3.9969421164     6.8302662173
H       21.1712195641     3.1345269165     8.3841814775
H       20.2024477143     4.4901151630     7.9119590826
Si       16.4421077401     3.4052346944     4.3988358551
O       16.3265070937     4.9970668321     4.7421886046
O       17.9493256669     3.0683002650     3.8441873989
O       15.3800953824     2.9939114233     3.2154815133
O       16.1146764126     2.5675324319     5.7643874115
Si       16.5159466046     6.5926430245     4.4053870883
Si       13.9638730456     2.5617499907     2.5066432651
Si       18.8421473713     2.5325474982     2.5697346203
Si       15.7574068599     1.1283021481     6.4756718458
H       17.9024921668     6.8533818556     3.9067788084
H       15.5604793376     6.9607302777     3.3040966017
H       16.2875380250     7.4730993859     5.6180655565
H       12.8296292191     3.3085052949     3.1034089579
H       13.9545673784     2.8596443258     1.0403665868
H       18.4454129866     3.3166350516     1.3679401759
H       13.7133386622     1.1007912299     2.7070066470
H       18.5433593712     1.0905688110     2.3141165701
H       16.4492422903     0.8973692430     7.7966093595
H       14.2770141958     0.9790260709     6.7058498439
H       20.3382433414     2.6774638445     2.7618371477
H       16.1995123785     0.0633057828     5.5401182023
32
# Point -3 Energy = 0.0
C       20.7009987542     3.6186607856     7.5136777246
H       18.9249528549     3.6370719359     6.1627524266
C       19.3919393270     2.9679229066     6.8961845056
H       18.6446176520     2.7667467081     7.6762172833
H       20.5611743022     1.7084744013     5.3654679178
C       19.8866653973     1.6229629334     6.2241218508
H       18.9221149932     1.2894700342     5.8090656790
H       20.2154882549     0.8169755018     6.8867647249
H       21.4646919123     3.9715215830     6.8136904628
H       21.1608246475     3.1119762298     8.3655552139
H       20.2380556905     4.5223586680     7.9334421000
Si       16.4399708204     3.4057882519     4.3983042826
O       16.3237998009     4.9970742222     4.7416678804
O       17.9471469941     3.0696153435     3.8455121000
O       15.3796299355     2.9943556551     3.2150272373
O       16.1119744931     2.5687749765     5.7635130701
Si       16.5130680832     6.5935717275     4.4046965875
Si       13.9631140835     2.5613708451     2.5046101579
Si       18.8417975097     2.5335147106     2.5710585803
Si       15.7543654432     1.1286191784     6.4750798118
H       17.8998954966     6.8543530241     3.9071340676
H       15.5582961191     6.9610302958     3.3027277082
H       16.2835303155     7.4738413155     5.6171714824
H       12.8284715331     3.3079582896     3.1006341747
H       13.9549389655     2.8591533106     1.0384140142
H       18.4455884925     3.3175269096     1.3690816322
H       13.7130791599     1.1004451136     2.7051158005
H       18.5434554222     1.0915838387     2.3155566605
H       16.4453565012     0.8982946495     7.7964842207
H       14.2739048454     0.9792874100     6.7041297667
H       20.3375748280     2.6790187091     2.7644279173
H       16.1974979715     0.0639825353     5.5398783179
32
# Point -2 Energy = 0.0
C       20.6839887129     3.6314891046     7.5180191866
H       18.9420242222     3.6299636011     6.1653574380
C       19.4101958170     2.9613976222     6.8983538538
H       18.6608445543     2.7630133942     7.6766492412
H       20.5677079891     1.7363368353     5.3892548981
C       19.8647769249     1.6254383608     6.2226108751
H       18.9292164203     1.2445896908     5.7865953749
H       20.2225237700     0.8474261763     6.9042582690
H       21.4475176070     3.9427262938     6.7974042962
H       21.1481266398     3.0873840802     8.3446372051
H       20.2752813332     4.5518767659     7.9539593323
Si       16.4376485341     3.4063914678     4.3976889818
O       16.3209524086     4.9971383558     4.7410448734
O       17.9447516018     3.0709330680     3.8467020156
O       15.3789410470     2.9948690301     3.2145178619
O       16.1091188252     2.5701044644     5.7625849922
Si       16.5100691940     6.5945485255     4.4038741268
Si       13.9621060168     2.5610931500     2.5025560450
Si       18.8411713613     2.5344416048     2.5722256989
Si       15.7511643313     1.1290468333     6.4744789339
H       17.8971647032     6.8553372316     3.9073028810
H       15.5559601273     6.9613824271     3.3012574371
H       16.2794650075     7.4746527339     5.6161407526
H       12.8270990247     3.3075494034     3.0978565440
H       13.9550373699     2.8587512489     1.0364388912
H       18.4454631564     3.3183688786     1.3700683496
H       13.7125341999     1.1002094487     2.7032229656
H       18.5432291140     1.0925620473     2.3168746476
H       16.4413540027     0.8993444828     7.7963292127
H       14.2706417170     0.9796973752     6.7024586059
H       20.3366395736     2.6804986921     2.7668039415
H       16.1952652930     0.0647396056     5.5396376312
32
# Point -1 Energy = 0.0
C       20.6662123264     3.6436159607     7.5223621582
H       18.9590800267     3.6228419500     6.1675920084
C       19.4284487293     2.9548954505     6.9001756818
H       18.6767160020     2.7593762901     7.6763923813
H       20.5754430487     1.7663590673     5.4167236965
C       19.8436766759     1.6287909220     6.2215925765
H       18.9408871751     1.2003707457     5.7650497823
H       20.2309147060     0.8818419116     6.9224015596
H       21.4283788372     3.9106282634     6.7818585885
H       21.1331777267     3.0610501682     8.3212592271
H       20.3139294907     4.5782996620     7.9734357441
Si       16.4351533827     3.4070422014     4.3969929562
O       16.3179769095     4.9972583842     4.7403166700
O       17.9421509045     3.0722506578     3.8477568848
O       15.3780379282     2.9954438753     3.2139611013
O       16.1061268633     2.5715240540     5.7616106174
Si       16.5069594141     6.5955714026     4.4029098099
Si       13.9608560537     2.5609053532     2.5004946883
Si       18.8402769603     2.5353210452     2.5732349609
Si       15.7478244764     1.1295908993     6.4738837510
H       17.8943076192     6.8563318318     3.9072700673
H       15.5534770301     6.9617792700     3.2996772776
H       16.2753543861     7.4755363034     5.6149607824
H       12.8255200759     3.3072685106     3.0950904310
H       13.9548650907     2.8584208226     1.0344537775
H       18.4450405793     3.3191485911     1.3708973299
H       13.7117127545     1.1000732317     2.7013482833
H       18.5426891239     1.0934949710     2.3180761304
H       16.4372600777     0.9005306795     7.7961577609
H       14.2672464746     0.9802612258     6.7008560275
H       20.3354462396     2.6818989709     2.7689590896
H       16.1928335108     0.0655793270     5.5394135584
32
# Point 0 Energy = 0
C       20.6477110000     3.6549790000     7.5266840000
H       18.9761800000     3.6157410000     6.1694560000
C       19.4467280000     2.9484220000     6.9016430000
H       18.6922510000     2.7558520000     7.6754250000
H       20.5840390000     1.7980300000     5.4478400000
C       19.8234060000     1.6330100000     6.2209870000
H       18.9571360000     1.1573250000     5.7446630000
H       20.2404540000     0.9200090000     6.9405780000
H       21.4074060000     3.8754920000     6.7676150000
H       21.1161610000     3.0334640000     8.2953550000
H       20.3536290000     4.6012450000     7.9917750000
Si       16.4325060000     3.4077350000     4.3962220000
O       16.3148940000     4.9974300000     4.7394840000
O       17.9393640000     3.0735620000     3.8486780000
O       15.3769370000     2.9960700000     3.2133680000
O       16.1030250000     2.5730330000     5.7606000000
Si       16.5037570000     6.5966350000     4.4017980000
Si       13.9593780000     2.5607940000     2.4984440000
Si       18.8391290000     2.5361430000     2.5740860000
Si       15.7443760000     1.1302530000     6.4733110000
H       17.8913405600     6.8573308000     3.9070238400
H       15.5508605600     6.9622108000     3.2979838400
H       16.2712205600     7.4764908000     5.6136238400
H       12.8237502400     3.3071035200     3.0923555200
H       13.9544302400     2.8581435200     1.0324755200
H       18.4443303200     3.3198514400     1.3715668800
H       13.7106302400     1.1000235200     2.6995155200
H       18.5418503200     1.0943714400     2.3191668800
H       16.4331100800     0.9018602400     7.7959848800
H       14.2637500800     0.9809802400     6.6993448800
H       20.3340103200     2.6832114400     2.7708868800
H       16.1902300800     0.0665002400     5.5392248800
32
# Point 1 Energy = 0.0
C       20.6285350371     3.6655176548     7.5309494779
H       18.9933856162     3.6086819565     6.1709484799
C       19.4650700078     2.9419742530     6.9027490751
H       18.7074772468     2.7524488723     7.6737264145
H       20.5931710407     1.8308667347     5.4825158428
C       19.8040114840     1.6380779550     6.2207166135
H       18.9778582408     1.1159925173     5.7256737303
H       20.2509358335     0.9616718262     6.9582366886
H       21.3847516120     3.8376182565     6.7551426373
H       21.0972784600     3.0050933131     8.2668885597
H       20.3939165872     4.6203747179     8.0088910687
Si       16.4297328884     3.4084619320     4.3953842581
O       16.3117317953     4.9976460540     4.7385521393
O       17.9364153553     3.0748579088     3.8494679701
O       15.3756597559     2.9967372254     3.2127517868
O       16.0998452734     2.5746265217     5.7595645274
Si       16.5004889130     6.5977313960     4.4005396775
Si       13.9576900730     2.5607478055     2.4964240509
Si       18.8377465587     2.5368952792     2.5747786858
Si       15.7408536672     1.1310300894     6.4727769477
H       17.8882885901     6.8583249848     3.9065588442
H       15.5481330496     6.9626667665     3.2961812183
H       16.2670955963     7.4775110021     5.6121300916
H       12.8218103453     3.3070446924     3.0896750733
H       13.9537450437     2.8579049526     1.0305235103
H       18.4433465542     3.3204626351     1.3720767522
H       13.7093053048     1.1000494959     2.6977487528
H       18.5407305711     1.0951787469     2.3201510769
H       16.4289443117     0.9033330847     7.7958245343
H       14.2601880875     0.9818520392     6.6979479026
H       20.3323519064     2.6844242373     2.7725806826
H       16.1874857932     0.0674970931     5.5390882887
32
# Point 2 Energy = 0.0
C       20.6087451894     3.6751674975     7.5351184599
H       19.0107644552     3.6016841410     6.1720699607
C       19.4835158912     2.9355457202     6.9034882612
H       18.7224279798     2.7491725223     7.6712763715
H       20.6025224509     1.8643057035     5.5205562781
C       19.7855390883     1.6439766851     6.2207024195
H       19.0027758202     1.0769680604     5.7083132456
H       20.2621497533     1.0064359088     6.9748102199
H       21.3606657831     3.7974070539     6.7449020009
H       21.0768175264     2.9764583381     8.2359083796
H       20.4341961349     4.6354122849     8.0247151784
Si       16.4268650863     3.4092131550     4.3944899018
O       16.3085232280     4.9978973526     4.7375290841
O       17.9333338632     3.0761273054     3.8501310872
O       15.3742320072     2.9974341261     3.2121276693
O       16.0966243303     2.5762973965     5.7585172931
Si       16.4971871142     6.5988507332     4.3991391888
Si       13.9558146242     2.5607547489     2.4944569182
Si       18.8361528744     2.5375642073     2.5753142104
Si       15.7372967546     1.1319164402     6.4722990139
H       17.8851817454     6.8593033021     3.9058730114
H       15.5453217279     6.9631355954     3.2942771623
H       16.2630168587     7.4785892676     5.6104834775
H       12.8197255436     3.3070814658     3.0870748318
H       13.9528257009     2.8576906184     1.0286192622
H       18.4421075628     3.3209664702     1.3724284095
H       13.7077605484     1.1001395640     2.6960734784
H       18.5393516678     1.0959028601     2.3210336557
H       16.4248077425     0.9049457861     7.7956916426
H       14.2566005705     0.9828716870     6.6966891259
H       20.3304953042     2.6855237103     2.7740350469
H       16.1846356720     0.0685622920     5.5390211139
32
# Point 3 Energy = 0.0
C       20.5884142588     3.6838549905     7.5391539093
H       19.0283928269     3.5947786934     6.1728265166
C       19.5021068213     2.9291334525     6.9038587721
H       18.7371355778     2.7460333928     7.6680561426
H       20.6117941264     1.8975764122     5.5615838965
C       19.7680240346     1.6506974555     6.2208603528
H       19.0313492410     1.0409380257     5.6927899568
H       20.2738852511     1.0536366026     6.9896320037
H       21.3356040200     3.7554346130     6.7374279203
H       21.0552446133     2.9482093508     8.2026248006
H       20.4736791093     4.6461683569     8.0392052904
Si       16.4239352095     3.4099778650     4.3935506274
O       16.3053011972     4.9981738835     4.7364231153
O       17.9301506916     3.0773590581     3.8506745257
O       15.3726823408     2.9981466172     3.2115118986
O       16.0934001294     2.5780381549     5.7574732718
Si       16.4938824007     6.5999822423     4.3976001329
Si       13.9537776415     2.5607984699     2.4925650287
Si       18.8343748483     2.5381359073     2.5756976983
Si       15.7337465948     1.1329063034     6.4718973038
H       17.8820490353     6.8602545806     3.9049643558
H       15.5424531552     6.9636031881     3.2922777184
H       16.2590189079     7.4797177170     5.6086863785
H       12.8175235786     3.3071984181     3.0845795363
H       13.9516928534     2.8574806356     1.0267844184
H       18.4406354943     3.3213458260     1.3726263924
H       13.7060232737     1.1002777352     2.6945163981
H       18.5377405039     1.0965291170     2.3218243162
H       16.4207466378     0.9066964503     7.7956044648
H       14.2530296258     0.9840331198     6.6955942970
H       20.3284682101     2.6864974341     2.7752494452
H       16.1817183897     0.0696879304     5.5390444747
32
# Point 4 Energy = 0.0
C       20.5676200751     3.6915089452     7.5430159234
H       19.0463455630     3.5879978995     6.1732279151
C       19.5208810589     2.9227349020     6.9038629739
H       18.7516302750     2.7430427821     7.6640500437
H       20.6207739909     1.9300085256     5.6051801564
C       19.7514946288     1.6582365110     6.2211087715
H       19.0628901732     1.0085095851     5.6792293097
H       20.2859875780     1.1026022575     7.0021772763
H       21.3100493010     3.7122350437     6.7331008169
H       21.0330306011     2.9208726548     8.1672897558
H       20.5115562891     4.6525962564     8.0523827970
Si       16.4209755410     3.4107452062     4.3925793598
O       16.3020973815     4.9984654583     4.7352439745
O       17.9268973640     3.0785426094     3.8511082251
O       15.3710404108     2.9988604980     3.2109207352
O       16.0902091282     2.5798408583     5.7564481058
Si       16.4906041711     6.6011151070     4.3959281238
Si       13.9516070788     2.5608621855     2.4907692296
Si       18.8324412607     2.5385976651     2.5759378851
Si       15.7302427585     1.1339931934     6.4715918877
H       17.8789185025     6.8611681655     3.9038344472
H       15.5395535515     6.9640553421     3.2901900285
H       16.2551333289     7.4808880638     5.6067431318
H       12.8152332876     3.3073791947     3.0822113026
H       13.9503705669     2.8572550334     1.0250391049
H       18.4389553950     3.3215848906     1.3726786187
H       13.7041230213     1.1004474807     2.6931020425
H       18.5359266088     1.0970439911     2.3225357344
H       16.4168041687     0.9085823664     7.7955818888
H       14.2495154058     0.9853290024     6.6946875144
H       20.3262999326     2.6873345895     2.7762285837
H       16.1787722015     0.0708657360     5.5391796962
32
# Point 5 Energy = 0.0
C       20.5464447753     3.6980625048     7.5466617575
H       19.0646944563     3.5813747092     6.1732877251
C       19.5398731627     2.9163482751     6.9035076567
H       18.7659397156     2.7402128981     7.6592458143
H       20.6293284694     1.9611148404     5.6509472889
C       19.7359727039     1.6665956536     6.2213694480
H       19.0966405472     0.9801463661     5.6676536591
H       20.2983555622     1.1527521487     7.0121058902
H       21.2844301680     3.6682278186     6.7321103586
H       21.0105818187     2.8947967108     8.1301449876
H       20.5470946921     4.6547897979     8.0643362922
Si       16.4180174469     3.4115046915     4.3915901905
O       16.2989415405     4.9987620908     4.7340029527
O       17.9236052331     3.0796685273     3.8514449323
O       15.3693364832     2.9995619417     3.2103702577
O       16.0870856184     2.5816973600     5.7554579237
Si       16.4873796716     6.6022388854     4.3941310631
Si       13.9493325000     2.5609291814     2.4890884202
Si       18.8303823900     2.5389386624     2.5760471970
Si       15.7268224007     1.1351700570     6.4714024328
H       17.8758164960     6.8620344628     3.9024888394
H       15.5366481297     6.9644782385     3.2880225578
H       16.2513878214     7.4820918980     5.6046603675
H       12.8128841549     3.3076068790     3.0799892238
H       13.9488860928     2.8569943953     1.0234015993
H       18.4370948986     3.3216699974     1.3725965110
H       13.7020912710     1.1006321898     2.6918522306
H       18.5339418658     1.0974358360     2.3231834661
H       16.4130196464     0.9106000727     7.7956430964
H       14.2460954584     0.9867507986     6.6939907094
H       20.3240209782     2.6880267515     2.7769826318
H       16.1758344308     0.0720873595     5.5394478785
32
# Point 6 Energy = 0.0
C       20.5249745842     3.7034544078     7.5500458231
H       19.0835071383     3.5749416360     6.1730233587
C       19.5591137241     2.9099722952     6.9028041673
H       18.7800891206     2.7375563449     7.6536349628
H       20.6373727804     1.9906100201     5.6985436736
C       19.7214745765     1.6757820700     6.2215684610
H       19.1318480146     0.9561416439     5.6579839934
H       20.3109233033     1.2036436195     7.0192547273
H       21.2590666894     3.6236946587     6.7344675884
H       20.9882037672     2.8701588217     8.0913924268
H       20.5797049177     4.6529568984     8.0752084486
Si       16.4150911850     3.4122463617     4.3905983899
O       16.2958613745     4.9990541167     4.7327130961
O       17.9203052794     3.0807286733     3.8517002064
O       15.3676012558     3.0002378432     3.2098763072
O       16.0840614714     2.5835993073     5.7545192387
Si       16.4842339234     6.6033436662     4.3922195535
Si       13.9469849079     2.5609833041     2.4875394047
Si       18.8282298252     2.5391502736     2.5760417168
Si       15.7235199355     1.1364291971     6.4713479067
H       17.8727676152     6.8628451038     3.9009375493
H       15.5337610653     6.9648587737     3.2857855339
H       16.2478061324     7.4833206985     5.6024475212
H       12.8105061579     3.3078644544     3.0779292890
H       13.9472697421     2.8566805367     1.0218882266
H       18.4350840954     3.3215900870     1.3723950549
H       13.6999612111     1.1008156463     2.6907857354
H       18.5318202750     1.0976952250     2.3237857270
H       16.4094281538     0.9127450882     7.7958072522
H       14.2428043949     0.9882887240     6.6935232964
H       20.3216628586     2.6885681025     2.7775272413
H       16.1729411240     0.0733444005     5.5398694820
32
# Point 7 Energy = 0.0
C       20.5032988685     3.7076301814     7.5531200428
H       19.1028453649     3.5687295666     6.1724562039
C       19.5786285155     2.9036059593     6.9017686648
H       18.7941008493     2.7350856415     7.6472132548
H       20.6448390937     2.0183797678     5.7476906202
C       19.7080115467     1.6858079574     6.2216373878
H       19.1678218679     0.9366245957     5.6500575632
H       20.3236395013     1.2549702649     7.0235997930
H       21.2341536103     3.5787963820     6.7400463241
H       20.9660999225     2.8470093588     8.0511898129
H       20.6089706332     4.6473823540     8.0851736215
Si       16.4122253378     3.4129609186     4.3896202663
O       16.2928820424     4.9993323123     4.7313891630
O       17.9170275673     3.0817162576     3.8518924067
O       15.3658653771     3.0008761142     3.2094542197
O       16.0811653704     2.5855382041     5.7536487169
Si       16.4811893946     6.6044201974     4.3902069895
Si       13.9445963123     2.5610094136     2.4861364445
Si       18.8260160129     2.5392261442     2.5759412313
Si       15.7203660849     1.1377623116     6.4714462033
H       17.8697944490     6.8635930036     3.8991953070
H       15.5309153103     6.9651848372     3.2834909673
H       16.2444076713     7.4845658946     5.6001169599
H       12.8081293323     3.3081353007     3.0760438732
H       13.9455546236     2.8562970613     1.0205129378
H       18.4329552615     3.3213368998     1.3720928635
H       13.6977671754     1.1009824848     2.6899177105
H       18.5295974175     1.0978150682     2.3243633087
H       16.4060594409     0.9150118064     7.7960931813
H       14.2396729073     0.9899318801     6.6933016388
H       20.3192576242     2.6889553844     2.7778837549
H       16.1701261133     0.0746284759     5.5404639268
32
# Point 8 Energy = 0.0
C       20.4815083738     3.7105435023     7.5558345069
H       19.1227626068     3.5627667259     6.1716118140
C       19.5984369634     2.8972485340     6.9004224723
H       18.8079932740     2.7328130082     7.6399813251
H       20.6516544046     2.0444304804     5.7981618333
C       19.6955898660     1.6966901673     6.2215147800
H       19.2039669941     0.9215861231     5.6436527925
H       20.3364533632     1.3065335939     7.0252122785
H       21.2097705857     3.5336071823     6.7486299864
H       20.9443915907     2.8253233101     8.0096613797
H       20.6346484935     4.6383908321     8.0944144705
Si       16.4094457642     3.4136399206     4.3886728193
O       16.2900251747     4.9995881014     4.7300472445
O       17.9138002601     3.0826259112     3.8520426138
O       15.3641585743     3.0014659500     3.2091183012
O       16.0784214516     2.5875056396     5.7528627778
Si       16.4782652003     6.6054600783     4.3881092049
Si       13.9421989592     2.5609937560     2.4848904767
Si       18.8237734641     2.5391621880     2.5757693234
Si       15.7173862756     1.1391607511     6.4717136833
H       17.8669168832     6.8642724428     3.8972814497
H       15.5281320221     6.9654455697     3.2811521277
H       16.2412065627     7.4858190843     5.5976835805
H       12.8057829556     3.3084036589     3.0743407487
H       13.9437761591     2.8558297248     1.0192865296
H       18.4307423417     3.3209049958     1.3717121943
H       13.6955437213     1.1011185818     2.6892588736
H       18.5273095927     1.0977906292     2.3249396259
H       16.4029360649     0.9173937088     7.7965190340
H       14.2367261156     0.9916686289     6.6933383266
H       20.3168370441     2.6891877806     2.7780795634
H       16.1674194970     0.0759314388     5.5412492219
32
# Point 9 Energy = 0.0
C       20.4596933329     3.7121575423     7.5581381654
H       19.1433014824     3.5570777347     6.1705200150
C       19.6185505485     2.8908996805     6.8987923169
H       18.8217796381     2.7307502835     7.6319452877
H       20.6577301853     2.0688426351     5.8497678968
C       19.6842106756     1.7084497482     6.2211476733
H       19.2398004381     0.9109117334     5.6385148413
H       20.3493088399     1.3582100173     7.0242231412
H       21.1859041950     3.4881483814     6.7599491636
H       20.9231430330     2.8050404508     7.9669117758
H       20.6566512439     4.6263156842     8.1031027592
Si       16.4067744357     3.4142759838     4.3877732747
O       16.2873077769     4.9998137862     4.7287041915
O       17.9106485136     3.0834537418     3.8521744263
O       15.3625086459     3.0019980426     3.2088812220
O       16.0758478512     2.5894935926     5.7521771258
Si       16.4754761883     6.6064559583     4.3859438420
Si       13.9398244158     2.5609242437     2.4838082926
Si       18.8215338208     2.5389565030     2.5755533515
Si       15.7145989507     1.1406158888     6.4721647237
H       17.8641512864     6.8648791340     3.8952195026
H       15.5254298584     6.9656315718     3.2787827350
H       16.2382106008     7.4870723209     5.5951640902
H       12.8034945929     3.3086550308     3.0728220375
H       13.9419714308     2.8552666325     1.0182158094
H       18.4284802743     3.3202916324     1.3712788198
H       13.6933245666     1.1012113646     2.6888147276
H       18.5249928108     1.0976194470     2.3255407261
H       16.4000714670     0.9198837576     7.7971019628
H       14.2339818311     0.9934870863     6.6936414933
H       20.3144316491     2.6892667309     2.7781483208
H       16.1648460201     0.0772456589     5.5422416486
32
# Point 10 Energy = 0.0
C       20.4379421538     3.7124459959     7.5599793614
H       19.1644915918     3.5516826032     6.1692148148
C       19.6389717465     2.8845594938     6.8969102784
H       18.8354675673     2.7289087310     7.6231172370
H       20.6629605298     2.0917376683     5.9023429474
C       19.6738704156     1.7211111592     6.2204929315
H       19.2749560407     0.9044137441     5.6343782798
H       20.3621448509     1.4099247883     7.0207999656
H       21.1624708975     3.4424138139     6.7737058436
H       20.9023824160     2.7860893187     7.9230362724
H       20.6750237620     4.6114752061     8.1113861493
Si       16.4042285572     3.4148629050     4.3869386202
O       16.2847414676     5.0000027048     4.7273770340
O       17.9075935966     3.0841972894     3.8523136072
O       15.3609406141     3.0024647084     3.2087535219
O       16.0734556671     2.5914946754     5.7516063271
Si       16.4728323422     6.6074016573     4.3837296752
Si       13.9375027355     2.5607906540     2.4828919762
Si       18.8193270154     2.5386091640     2.5753241921
Si       15.7120143531     1.1421194416     6.4728113688
H       17.8615099684     6.8654101906     3.8930365693
H       15.5228244809     6.9657350274     3.2763961970
H       16.2354206548     7.4883183369     5.5925762572
H       12.8012892900     3.3088765158     3.0714835315
H       13.9401784629     2.8545983373     1.0173030161
H       18.4262042937     3.3194965072     1.3708216890
H       13.6911416119     1.1012500429     2.6885850844
H       18.5226818387     1.0973011335     2.3261951109
H       16.3974686521     0.9224747506     7.7978578342
H       14.2314493112     0.9953755834     6.6942143867
H       20.3120698926     2.6891956110     2.7781297691
H       16.1624238221     0.0785642409     5.5434555107
32
# Point 11 Energy = 0.0
C       20.4163410098     3.7113935908     7.5613062002
H       19.1863480014     3.5465955728     6.1677340773
C       19.6596937790     2.8782283226     6.8948133775
H       18.8490595129     2.7272985808     7.6135156158
H       20.6672246933     2.1132585762     5.9557356564
C       19.6645619051     1.7347009955     6.2195183829
H       19.3091812763     0.9018590929     5.6309855756
H       20.3748984080     1.4616355426     7.0151340201
H       21.1393362311     3.3963862274     6.7895862561
H       20.8821156838     2.7683980345     7.8781254469
H       20.6899176502     4.5941561393     8.1193807621
Si       16.4018201645     3.4153956617     4.3861852140
O       16.2823322648     5.0001492630     4.7260825150
O       17.9046524129     3.0848553469     3.8524875947
O       15.3594761876     3.0028599263     3.2087433225
O       16.0712485681     2.5935022399     5.7511634936
Si       16.4703387126     6.6082921619     4.3814860454
Si       13.9352618268     2.5605847710     2.4821387357
Si       18.8171806504     2.5381218834     2.5751157138
Si       15.7096340281     1.1436636483     6.4736631158
H       17.8590011055     6.8658639597     3.8907626493
H       15.5203284416     6.9657497349     3.2740050902
H       16.2328307793     7.4895506312     5.5899383182
H       12.7991890621     3.3090570975     3.0703145702
H       13.9384355143     2.8538179021     1.0165456366
H       18.4239493028     3.3185213931     1.3703723860
H       13.6890241714     1.1012257842     2.6885639929
H       18.5204094067     1.0968370487     2.3269333058
H       16.3951197670     0.9251595030     7.7988009811
H       14.2291287598     0.9973230043     6.6950552718
H       20.3097775617     2.6889792569     2.7780690945
H       16.1601637610     0.0798811066     5.5449029420
32
# Point 12 Energy = 0.0
C       20.3949742656     3.7089960444     7.5620668876
H       19.2088703322     3.5418238298     6.1661189816
C       19.6807011215     2.8719063682     6.8925428407
H       18.8625540408     2.7259282864     7.6031654910
H       20.6703911524     2.1335606476     6.0098039477
C       19.6562760000     1.7492461792     6.2182038400
H       19.3423291594     0.9029913569     5.6281013209
H       20.3875083699     1.5133235924     7.0074339629
H       21.1163295331     3.3500470276     6.8072659872
H       20.8623341201     2.7518970732     7.8322654130
H       20.7015672043     4.5746035564     8.1271684174
Si       16.3995561792     3.4158703029     4.3855284820
O       16.2800808870     5.0002488495     4.7248367684
O       17.9018374127     3.0854276697     3.8527249112
O       15.3581335348     3.0031793083     3.2088562420
O       16.0692230165     2.5955103423     5.7508600735
Si       16.4679958415     6.6091235124     4.3792324577
Si       13.9331270400     2.5603004927     2.4815410968
Si       18.8151196080     2.5374975851     2.5749640256
Si       15.7074510106     1.1452412917     6.4747268146
H       17.8566291023     6.8662397420     3.8884299573
H       15.5179514313     6.9656710675     3.2716209276
H       16.2304289719     7.4907634167     5.5872686015
H       12.7972126781     3.3091878933     3.0692984374
H       13.9367804145     2.8529209653     1.0159365909
H       18.4217493383     3.3173697219     1.3699644270
H       13.6869984301     1.1011318517     2.6887400202
H       18.5182056013     1.0962298977     2.3277872024
H       16.3930065195     0.9279308313     7.7999439819
H       14.2270115370     0.9993189760     6.6961576241
H       20.3075774472     2.6886233803     2.7780158827
H       16.1580692988     0.0811909396     5.5465937453
32
# Point 13 Energy = 0.0
C       20.3739255674     3.7052596733     7.5622099808
H       19.2320423263     3.5373662848     6.1644131297
C       19.7019706433     2.8655932545     6.8901429284
H       18.8759478135     2.7248036783     7.5920986358
H       20.6723218478     2.1528079562     6.0644114882
C       19.6490036671     1.7647717492     6.2165419422
H       19.3743470237     0.9075458984     5.6255241575
H       20.3999186804     1.5649907849     6.9979233678
H       21.0932558719     3.3033828446     6.8264108010
H       20.8430170491     2.7365178274     7.7855347756
H       20.7102677188     4.5530149949     8.1347992556
Si       16.3974387886     3.4162838139     4.3849826043
O       16.2779834005     5.0002977186     4.7236550187
O       17.8991567715     3.0859146858     3.8530543774
O       15.3569272463     3.0034200431     3.2090954193
O       16.0673689923     2.5975136604     5.7507056637
Si       16.4658004680     6.6098926643     4.3769881973
Si       13.9311208600     2.5599339018     2.4810873738
Si       18.8131657771     2.5367400055     2.5749064108
Si       15.7054506204     1.1468456601     6.4760066161
H       17.8543951742     6.8665375133     3.8860720961
H       15.5157006712     6.9654959078     3.2692540616
H       16.2281983495     7.4919515260     5.5845852082
H       12.7953756128     3.3092623448     3.0684131807
H       13.9352498245     2.8519057877     1.0154646970
H       18.4196369976     3.3160462049     1.3696323011
H       13.6850870518     1.1009636998     2.6890968232
H       18.5160973626     1.0954833535     2.3287891060
H       16.3911013698     0.9307814703     7.8012974029
H       14.2250810044     1.0013539755     6.6975105461
H       20.3054891526     2.6881340298     2.7780225813
H       16.1561368951     0.0824890864     5.5485352120
32
# Point 14 Energy = 0.0
C       20.3532782989     3.7001995586     7.5616867717
H       19.2558311255     3.5332117474     6.1626628134
C       19.7234723128     2.8592867670     6.8876609499
H       18.8892368811     2.7239261841     7.5803547547
H       20.6728753655     2.1711767788     6.1194300663
C       19.6427374719     1.7812973915     6.2145405206
H       19.4052664114     0.9152653947     5.6230855386
H       20.4120798007     1.6166532003     6.9868393073
H       21.0698999416     3.2563836806     6.8466737790
H       20.8241355149     2.7221933167     7.7380062684
H       20.7163601786     4.5295462680     8.1422814128
Si       16.3954659920     3.4166337058     4.3845607876
O       16.2760320672     5.0002925643     4.7225520420
O       17.8966148320     3.0863168947     3.8535052073
O       15.3558687005     3.0035807872     3.2094618370
O       16.0656705223     2.5995069861     5.7507082261
Si       16.4637466244     6.6105970713     4.3747729510
Si       13.9292631306     2.5594834771     2.4807620682
Si       18.8113382894     2.5358530810     2.5749812765
Si       15.7036108014     1.1484700169     6.4775040608
H       17.8522984449     6.8667573297     3.8837245789
H       15.5135819656     6.9652225122     3.2669144282
H       16.2261185037     7.4931099005     5.5819067568
H       12.7936904534     3.3092765538     3.0676322000
H       13.9338793782     2.8507736249     1.0151151018
H       18.4176436981     3.3145564198     1.3694115383
H       13.6833091733     1.1007192021     2.6896134062
H       18.5141084491     1.0946015204     2.3299715493
H       16.3893679558     0.9337032814     7.8028698058
H       14.2233128571     1.0034190217     6.6990989764
H       20.3035293780     2.6875167077     2.7781443303
H       16.1543560802     0.0837710536     5.5507320488
32
# Point 15 Energy = 0.0
C       20.3331183716     3.6938405556     7.5604487980
H       19.2801881265     3.5293394003     6.1609133560
C       19.7451721280     2.8529840395     6.8851432154
H       18.9024206843     2.7232935022     7.5679794192
H       20.6719113596     2.1888506713     6.1747289827
C       19.6374746512     1.7988359346     6.2122210165
H       19.4351866557     0.9258934886     5.6206745871
H       20.4239509008     1.6683505726     6.9744337653
H       21.0460453908     3.2090590833     6.8676961072
H       20.8056440333     2.7088497099     7.6897330374
H       20.7202105109     4.5042979030     8.1496161856
Si       16.3936322123     3.4169183970     4.3842739325
O       16.2742161127     5.0002309647     4.7215406001
O       17.8942122668     3.0866352803     3.8541043924
O       15.3549656537     3.0036616870     3.2099540158
O       16.0641075964     2.6014858638     5.7508732371
Si       16.4618259491     6.6112350781     4.3726047294
Si       13.9275700371     2.5589498234     2.4805469305
Si       18.8096525860     2.5348411758     2.5752248315
Si       15.7019048149     1.1501083548     6.4792178628
H       17.8503357955     6.8668997531     3.8814214462
H       15.5115989842     6.9648505738     3.2646102407
H       16.2241668182     7.4942342212     5.5792503335
H       12.7921663397     3.3092290283     3.0669261721
H       13.9327013183     2.8495281431     1.0148702771
H       18.4157975872     3.3129067429     1.3693355695
H       13.6816797074     1.1003983981     2.6902657169
H       18.5122584120     1.0935890751     2.3313645443
H       16.3877649998     0.9366883574     7.8046669699
H       14.2216780276     1.0055063305     6.7009048366
H       20.3017111577     2.6867767878     2.7784342687
H       16.1527114107     0.0850331029     5.5531859820
