32
# Point -15 Energy = 0.0
C       20.5982313239     3.8678975226     7.3981145647
H       19.0945886861     3.5221233729     6.3124342401
C       19.4425548571     3.0539494044     6.8308309098
H       18.6012813954     2.8161343748     7.7364384214
H       20.5096219311     1.8697514430     5.4835975937
C       19.8303987791     1.7287486868     6.1682505767
H       19.0091961198     1.2501868453     5.7393653265
H       20.3448574112     0.8804844828     7.0510370391
H       21.1338718039     3.9643717394     6.9149645098
H       21.6279251224     2.4303560077     9.0831744678
H       20.4970599654     4.1981858361     7.5909347832
Si       16.4114645148     3.4336078323     4.3632297262
O       16.2769622073     5.0253765929     4.6898790581
O       17.9186955300     3.1110099177     3.8101797983
O       15.3537169061     2.9965977431     3.1912229734
O       16.0995902643     2.6098211453     5.7386483330
Si       16.4451184807     6.6229068610     4.3337724909
Si       13.9373285092     2.5370156234     2.4896042782
Si       18.8173966504     2.5704060865     2.5364077262
Si       15.7622257179     1.1710569623     6.4689190370
H       17.8265723977     6.8944308007     3.8279029986
H       15.4815016426     6.9652262723     3.2317424847
H       16.2092695427     7.5131868512     5.5373192410
H       12.7964576972     3.2763999722     3.0821505914
H       13.9202683501     2.8182337096     1.0205392664
H       18.4063705651     3.3361983410     1.3277593911
H       13.7069559759     1.0756990777     2.7079982049
H       18.5356466559     1.1225011738     2.2988668499
H       16.4613340147     0.9651317490     7.7899357252
H       14.2848229343     1.0068457978     6.7054720099
H       20.3115631862     2.7370806181     2.7226058037
H       16.2151314613     0.1023791561     5.5438669393
32
# Point -14 Energy = 0.0
C       20.6018467866     3.8539759044     7.4065407373
H       19.0863395563     3.5282726011     6.3028186404
C       19.4428284964     3.0469956423     6.8354084640
H       18.6071528705     2.8123068157     7.7321167834
H       20.5145257274     1.8650072120     5.4810025221
C       19.8298813622     1.7224465976     6.1715725542
H       19.0056338775     1.2439826215     5.7396092961
H       20.3377867926     0.8829969137     7.0433314764
H       21.1534774467     3.9570380262     6.9054405597
H       21.5946139777     2.4724768121     9.0316368595
H       20.4883678326     4.2240557507     7.6203456158
Si       16.4127562857     3.4318919302     4.3653084583
O       16.2793729946     5.0235354766     4.6930528264
O       17.9199604484     3.1085350124     3.8126035120
O       15.3551260299     2.9965480253     3.1925921374
O       16.0997447143     2.6073753750     5.7400104885
Si       16.4488887376     6.6211901592     4.3381541660
Si       13.9386404324     2.5385605887     2.4901077629
Si       18.8187124888     2.5681423013     2.5387628820
Si       15.7609884638     1.1683321706     6.4691340792
H       17.8307448695     6.8920090093     3.8329986604
H       15.4859532830     6.9650443850     3.2360108463
H       16.2132792360     7.5107862127     5.5422532241
H       12.7981197212     3.2784016178     3.0827564729
H       13.9223528358     2.8208476210     1.0212395056
H       18.4087321198     3.3351231063     1.3305156800
H       13.7070589923     1.0772671536     2.7073659814
H       18.5359319317     1.1206299466     2.3000812560
H       16.4594407264     0.9609240114     7.7902592606
H       14.2833695346     1.0050985115     6.7050104986
H       20.3129376608     2.7335302699     2.7256446342
H       16.2134143668     0.0999742183     5.5434795184
32
# Point -13 Energy = 0.0
C       20.6054175395     3.8400157169     7.4149880759
H       19.0781399325     3.5344354893     6.2932144454
C       19.4431025079     3.0400313451     6.8400065403
H       18.6130514818     2.8084537616     7.7278310233
H       20.5194373843     1.8602584942     5.4784380289
C       19.8293713756     1.7161339503     6.1749230757
H       19.0020846049     1.2377808675     5.7398699102
H       20.3307312301     0.8855290011     7.0356768163
H       21.1728907869     3.9498977368     6.8958593069
H       21.5611959250     2.5143346279     8.9799583824
H       20.4795469507     4.2500719218     7.6493946088
Si       16.4140636383     3.4301742889     4.3674038298
O       16.2818002021     5.0216909494     4.6962441602
O       17.9212413519     3.1060564430     3.8150473551
O       15.3565548337     2.9964992103     3.1939760775
O       16.0999094668     2.6049288050     5.7413869381
Si       16.4526783208     6.6194681071     4.3425554432
Si       13.9399748348     2.5401096120     2.4906230329
Si       18.8200473556     2.5658744754     2.5411405147
Si       15.7597576573     1.1656084801     6.4693607983
H       17.8349376510     6.8895793793     3.8381176037
H       15.4904290550     6.9648587307     3.2402976814
H       16.2173054081     7.5083792475     5.5472062842
H       12.7998039966     3.2804082246     3.0833719972
H       13.9244649047     2.8234657890     1.0219527253
H       18.4111179003     3.3340440414     1.3332950281
H       13.7071822776     1.0788412306     2.7067435681
H       18.5362356968     1.1187568243     2.3013163274
H       16.4575487173     0.9567159777     7.7905949826
H       14.2819227124     1.0033549017     6.7045570503
H       20.3143296066     2.7299732146     2.7287093457
H       16.2117052933     0.0975711549     5.5431044018
32
# Point -12 Energy = 0.0
C       20.6089434931     3.8260169073     7.4234565146
H       19.0699901406     3.5406119276     6.2836217833
C       19.4433770008     3.0330562990     6.8446251523
H       18.6189773856     2.8045748223     7.7235812639
H       20.5243570304     1.8555051097     5.4759040702
C       19.8288688435     1.7098105528     6.1783019920
H       18.9985483803     1.2315814656     5.7401469832
H       20.3236909408     0.8880802689     7.0280726245
H       21.1921108920     3.9429525558     6.8862238262
H       21.5276689423     2.5559267305     8.9281388593
H       20.4705974766     4.2762337949     7.6780763625
Si       16.4153866721     3.4284550205     4.3695160053
O       16.2842439634     5.0198430840     4.6994534084
O       17.9225383120     3.1035743475     3.8175114148
O       15.3580033884     2.9964515609     3.1953749444
O       16.1000846436     2.6024814125     5.7427777549
Si       16.4564873799     6.6177408035     4.3469768505
Si       13.9413317719     2.5416630651     2.4911502311
Si       18.8214012775     2.5636028641     2.5435406300
Si       15.7585334165     1.1628858056     6.4695991093
H       17.8391508750     6.8871420305     3.8432603497
H       15.4949290931     6.9646695456     3.2446035899
H       16.2213482535     7.5059659281     5.5521790522
H       12.8015106124     3.2824201236     3.0839974221
H       13.9266045810     2.8260887410     1.0226791077
H       18.4135279190     3.3329615356     1.3360975460
H       13.7073258706     1.0804216698     2.7061309466
H       18.5365579509     1.1168821008     2.3025719137
H       16.4556581296     0.9525074076     7.7909427561
H       14.2804825986     1.0016148926     6.7041116028
H       20.3157390478     2.7264096532     2.7317999190
H       16.2100043172     0.0951699735     5.5427413737
32
# Point -11 Energy = 0.0
C       20.6124245474     3.8119794093     7.4319459766
H       19.0618904949     3.5468018036     6.2740407819
C       19.4436520718     3.0260702788     6.8492643042
H       18.6249307240     2.8006695979     7.7193676187
H       20.5292847808     1.8507468726     5.4734005892
C       19.8283737763     1.7034762047     6.1817091410
H       18.9950252677     1.2253842928     5.7404403148
H       20.3166661267     0.8906502360     7.0205184552
H       21.2111368712     3.9362042098     6.8765372772
H       21.4940310192     2.5972504724     8.8761781901
H       20.4615198533     4.3025407471     7.7063855546
Si       16.4167254755     3.4267342366     4.3716451421
O       16.2867044022     5.0179919509     4.7026809171
O       17.9238513889     3.1010888636     3.8199957703
O       15.3594717539     2.9964053438     3.1967888811
O       16.1002703540     2.6000331706     5.7441830019
Si       16.4603160556     6.6160083453     4.3514189181
Si       13.9427112883     2.5432213271     2.4916894909
Si       18.8227742702     2.5613277259     2.5459632245
Si       15.7573158461     1.1601640560     6.4698489126
H       17.8433846656     6.8846970809     3.8484274231
H       15.4994535241     6.9644770677     3.2489291755
H       16.2254079579     7.5035462207     5.5571721633
H       12.8032396472     3.2844376518     3.0846329979
H       13.9287718792     2.8287170155     1.0234188271
H       18.4159621782     3.3318759847     1.3389233380
H       13.7074897981     1.0820088394     2.7055280848
H       18.5368986820     1.1150060743     2.3038478512
H       16.4537690914     0.9482980504     7.7913024307
H       14.2790493103     0.9998784029     6.7036740787
H       20.3171659978     2.7228397876     2.7349163264
H       16.2083115004     0.0927706791     5.5423902012
32
# Point -10 Energy = 0.0
C       20.6158605911     3.7979031424     7.4404563735
H       19.0538412969     3.5530050023     6.2644715678
C       19.4439278041     3.0190730477     6.8539239904
H       18.6309116234     2.7967376779     7.7151901916
H       20.5342207357     1.8459835905     5.4709275161
C       19.8278861703     1.6971306961     6.1851443471
H       18.9915153166     1.2191892209     5.7407496906
H       20.3096569741     0.8932384156     7.0130138515
H       21.2299678798     3.9296544658     6.8668029101
H       21.4602801670     2.6383032966     8.8240763550
H       20.4523148133     4.3289920851     7.7343169498
Si       16.4180801252     3.4250120473     4.3737913899
O       16.2891816312     5.0161376178     4.7059270293
O       17.9251806311     3.0986001286     3.8225004926
O       15.3609599787     2.9963608290     3.1982180215
O       16.1004666941     2.5975840475     5.7456027316
Si       16.4641644792     6.6142708270     4.3558821781
Si       13.9441134175     2.5447847839     2.4922409358
Si       18.8241663378     2.5590493218     2.5484082855
Si       15.7561050362     1.1574431343     6.4701100936
H       17.8476391380     6.8822446465     3.8536193515
H       15.5040024659     6.9642815366     3.2532750451
H       16.2294846974     7.5011200857     5.5621862569
H       12.8049911683     3.2864611517     3.0852789671
H       13.9309668035     2.8313511624     1.0241720490
H       18.4184206700     3.3307877911     1.3417725014
H       13.7076740748     1.0836031148     2.7049349361
H       18.5372578652     1.1131290477     2.3051439629
H       16.4518817150     0.9440876452     7.7916738396
H       14.2776229501     0.9981453462     6.7032443848
H       20.3186104582     2.7192638206     2.7380585314
H       16.2066268904     0.0903732736     5.5420506331
32
# Point -9 Energy = 0.0
C       20.6192515010     3.7837880114     7.4489876051
H       19.0458428353     3.5592214055     6.2549142665
C       19.4442042664     3.0120643567     6.8586041946
H       18.6369201942     2.7927786412     7.7110490759
H       20.5391649801     1.8412150642     5.4684847676
C       19.8274060068     1.6907738080     6.1886074209
H       18.9880185610     1.2129961156     5.7410748805
H       20.3026636529     0.8958443150     7.0055583447
H       21.2486031225     3.9233051303     6.8570240699
H       21.4264144282     2.6790827499     8.7718334182
H       20.4429833811     4.3555870432     7.7618654100
Si       16.4194506855     3.4232885613     4.3759548900
O       16.2916757520     5.0142801493     4.7091920844
O       17.9265260750     3.0961082782     3.8250256438
O       15.3624680995     2.9963182896     3.1996624902
O       16.1006737465     2.5951340066     5.7470369850
Si       16.4680327722     6.6125283403     4.3603671633
Si       13.9455381812     2.5463538280     2.4928046784
Si       18.8255774725     2.5567679150     2.5508757901
Si       15.7549010616     1.1547229374     6.4703825215
H       17.8519143980     6.8797848403     3.8588366646
H       15.5085760279     6.9640831930     3.2576418074
H       16.2335786384     7.4986874767     5.5672219753
H       12.8067652319     3.2884909719     3.0859355625
H       13.9331893477     2.8339917425     1.0249389291
H       18.4209033762     3.3296973625     1.3446451263
H       13.7078787021     1.0852048782     2.7043514384
H       18.5376354632     1.1112513270     2.3064600572
H       16.4499960967     0.9398759204     7.7920567992
H       14.2762036048     0.9964156306     6.7028224112
H       20.3200724187     2.7156819552     2.7412264884
H       16.2049505189     0.0879777552     5.5417223998
32
# Point -8 Energy = 0.0
C       20.6225971407     3.7696339061     7.4575395585
H       19.0378953852     3.5654508919     6.2453690019
C       19.4444815129     3.0050439444     6.8633048895
H       18.6429565298     2.7887920557     7.7069443543
H       20.5441175835     1.8364410869     5.4660722468
C       19.8269332509     1.6844053112     6.1920981588
H       18.9845350189     1.2068048366     5.7414156390
H       20.2956863160     0.8984674352     6.9981514545
H       21.2670418574     3.9171580479     6.8472042007
H       21.3924318869     2.7195864975     8.7194495302
H       20.4335268751     4.3823247821     7.7890259035
Si       16.4208372081     3.4215638855     4.3781357744
O       16.2941868545     5.0124196067     4.7124764169
O       17.9278877438     3.0936134471     3.8275712764
O       15.3639961411     2.9962780014     3.2011224015
O       16.1008915791     2.5926830059     5.7484857912
Si       16.4719210461     6.6107809735     4.3648744068
Si       13.9469855892     2.5479288584     2.4933808196
Si       18.8270076542     2.5544837700     2.5533657053
Si       15.7537039812     1.1520033556     6.4706660492
H       17.8562105419     6.8773177723     3.8640798936
H       15.5131743104     6.9638822783     3.2620300726
H       16.2376899369     7.4962483406     5.5722799633
H       12.8085618824     3.2905274659     3.0866030076
H       13.9354394947     2.8366393269     1.0257196133
H       18.4234102673     3.3286051119     1.3475412950
H       13.7081036686     1.0868145182     2.7037775140
H       18.5380314250     1.1093732217     2.3077959283
H       16.4481123154     0.9356625937     7.7924511088
H       14.2747913454     0.9946891584     6.7024080303
H       20.3215518564     2.7120943937     2.7444201419
H       16.2032824014     0.0855841187     5.5414052123
32
# Point -7 Energy = 0.0
C       20.6258973604     3.7554407003     7.4661121078
H       19.0299992072     3.5716933368     6.2358358959
C       19.4447595816     2.9980115366     6.8680260365
H       18.6490207060     2.7847774782     7.7028760980
H       20.5490785984     1.8316614443     5.4636898426
C       19.8264678514     1.6780249662     6.1956163424
H       18.9810646916     1.2006152371     5.7417717047
H       20.2887250981     0.9011072710     6.9907926886
H       21.2852833992     3.9112150989     6.8373468496
H       21.3583306792     2.7598123362     8.6669249313
H       20.4239469094     4.4092043876     7.8157935145
Si       16.4222397313     3.4198381244     4.3803341656
O       16.2967150163     5.0105560476     4.7157803559
O       17.9292656480     3.0911157675     3.8301374331
O       15.3655441151     2.9962402427     3.2025978588
O       16.1011202451     2.5902309982     5.7499491666
Si       16.4758294014     6.6090288114     4.3694044412
Si       13.9484556389     2.5495102798     2.4939694481
Si       18.8284568500     2.5521971526     2.5558779873
Si       15.7525138369     1.1492842728     6.4709605124
H       17.8605276556     6.8748435487     3.8693495702
H       15.5177974041     6.9636790342     3.2664404513
H       16.2418187384     7.4938026168     5.5773608670
H       12.8103811520     3.2925709923     3.0872815146
H       13.9377172166     2.8392944968     1.0265142360
H       18.4259413029     3.3275114569     1.3504610812
H       13.7083489486     1.0884324299     2.7032130683
H       18.5384456862     1.1074950438     2.3091513553
H       16.4462304322     0.9314473717     7.7928565494
H       14.2733862255     0.9929658263     6.7020010967
H       20.3230487358     2.7085013375     2.7476394268
H       16.2016225366     0.0831923550     5.5410987622
32
# Point -6 Energy = 0.0
C       20.6291519960     3.7412082521     7.4747051134
H       19.0221545475     3.5779486121     6.2263150681
C       19.4450384945     2.9909668457     6.8727675849
H       18.6551127800     2.7807344541     7.6988443666
H       20.5540480607     1.8268759137     5.4613374297
C       19.8260097399     1.6716325227     6.1991617384
H       18.9776075631     1.1944271635     5.7421427996
H       20.2817801158     0.9037633105     6.9834815427
H       21.3033271220     3.9054781975     6.8274556696
H       21.3241090041     2.7997582088     8.6142599532
H       20.4142453940     4.4362248701     7.8421634526
Si       16.4236582797     3.4181113798     4.3825501758
O       16.2992603024     5.0086895250     4.7191042247
O       17.9306597843     3.0886153694     3.8327241459
O       15.3671120206     2.9962052933     3.2040889544
O       16.1013597821     2.5877779302     5.7514271144
Si       16.4797579279     6.6072719344     4.3739577974
Si       13.9499483151     2.5510985025     2.4945706395
Si       18.8299250140     2.5499083287     2.5584125809
Si       15.7513306535     1.1465655661     6.4712657294
H       17.8648658147     6.8723622715     3.8746462266
H       15.5224453903     6.9634737021     3.2708735539
H       16.2459651767     7.4913502370     5.5824653330
H       12.8122230604     3.2946219145     3.0879712845
H       13.9400224741     2.8419578429     1.0273229203
H       18.4284964315     3.3264168187     1.3534045503
H       13.7086145027     1.0900590139     2.7026579897
H       18.5388781680     1.1056171073     2.3105261021
H       16.4443504894     0.9272299501     7.7932728838
H       14.2719882814     0.9912455252     6.7016014463
H       20.3245630080     2.7049029860     2.7508842675
H       16.1999709056     0.0808024506     5.5408027209
32
# Point -5 Energy = 0.0
C       20.6323608682     3.7269364033     7.4833184218
H       19.0143616369     3.5842165860     6.2168066354
C       19.4453182565     2.9839095707     6.8775294720
H       18.6612327903     2.7766625173     7.6948492075
H       20.5590259884     1.8220842640     5.4590148685
C       19.8255588301     1.6652277194     6.2027340983
H       18.9741635991     1.1882404548     5.7425286291
H       20.2748514663     0.9064350351     6.9762175004
H       21.3211724624     3.8999492892     6.8175344228
H       21.2897651339     2.8394222185     8.5614550216
H       20.4044245352     4.4633851640     7.8681310613
Si       16.4250928638     3.4163837506     4.3847839062
O       16.3018227649     5.0068200878     4.7224483398
O       17.9320701351     3.0861123795     3.8353314361
O       15.3686998430     2.9961734347     3.2055957681
O       16.1016102113     2.5853237427     5.7529196242
Si       16.4837067041     6.6055104186     4.3785350044
Si       13.9514635894     2.5526939417     2.4951844560
Si       18.8314120869     2.5476175641     2.5609694196
Si       15.7501544377     1.1438471054     6.4715815002
H       17.8692250841     6.8698740378     3.8799703938
H       15.5271183401     6.9632665226     3.2753299893
H       16.2501293742     7.4888911250     5.5875940075
H       12.8140876146     3.2966805999     3.0886725059
H       13.9423552166     2.8446299644     1.0281457769
H       18.4310755895     3.3253216217     1.3563717583
H       13.7089002769     1.0916946762     2.7021121488
H       18.5393287776     1.1037397276     2.3119199175
H       16.4424725097     0.9230100131     7.7936998559
H       14.2705975310     0.9895281398     6.7012088957
H       20.3260946108     2.7012995366     2.7541545780
H       16.1983274712     0.0784143878     5.5405167394
32
# Point -4 Energy = 0.0
C       20.6355237829     3.7126249810     7.4919518634
H       19.0066206910     3.5904971246     6.2073107112
C       19.4455988558     2.9768393987     6.8823116212
H       18.6673807568     2.7725611920     7.6908906550
H       20.5640123823     1.8172862566     5.4567220037
C       19.8251150185     1.6588102852     6.2063331576
H       18.9707327482     1.1820549441     5.7429288818
H       20.2679392287     0.9091219219     6.9690000335
H       21.3388189249     3.8946303509     6.8075869831
H       21.2552974158     2.8788026295     8.5085106493
H       20.3944868300     4.4906841212     7.8936918427
Si       16.4265434798     3.4146553324     4.3870354465
O       16.3044024421     5.0049477798     4.7258130093
O       17.9334966689     3.0836069217     3.8379593132
O       15.3703075542     2.9961449488     3.2071183676
O       16.1018715384     2.5828683709     5.7544266713
Si       16.4876757961     6.6037443352     4.3831365864
Si       13.9530014202     2.5542970161     2.4958109463
Si       18.8329179954     2.5453251240     2.5635484246
Si       15.7489851787     1.1411287547     6.4719076073
H       17.8736055170     6.8673789396     3.8853225996
H       15.5318163137     6.9630577347     3.2798103629
H       16.2543114410     7.4864251968     5.5927475337
H       12.8159748082     3.2987474188     3.0893853553
H       13.9447153813     2.8473114677     1.0289829043
H       18.4336787014     3.3242262920     1.3593627509
H       13.7092062026     1.0933398269     2.7015753994
H       18.5397974073     1.1018632207     2.3133325343
H       16.4405964975     0.9187872357     7.7941371913
H       14.2692139748     0.9878135494     6.7008232434
H       20.3276434677     2.6976911838     2.7574502605
H       16.1966921790     0.0760281447     5.5402404492
32
# Point -3 Energy = 0.0
C       20.6386401882     3.6982733614     7.5006060820
H       18.9989316070     3.5967890578     6.1978290824
C       19.4458795703     2.9697551063     6.8871159978
H       18.6735558771     2.7684300361     7.6869709166
H       20.5690042317     1.8124860226     5.4544546550
C       19.8246761697     1.6523815800     6.2099550112
H       18.9673121473     1.1758741878     5.7433389030
H       20.2610422455     0.9118219973     6.9618214754
H       21.3562639367     3.8895209806     6.7976157625
H       21.2207069141     2.9179015077     8.4554297992
H       20.3844360089     4.5181237965     7.9188359091
Si       16.4280104453     3.4129256990     4.3893057517
O       16.3069997729     5.0030721409     4.7291993516
O       17.9349398454     3.0810983951     3.8406092405
O       15.3719358522     2.9961197302     3.2086572772
O       16.1021434473     2.5804112787     5.7559489736
Si       16.4916660157     6.6019732243     4.3877639416
Si       13.9545627108     2.5559079422     2.4964500662
Si       18.8344435831     2.5430304229     2.5661513242
Si       15.7478220739     1.1384099574     6.4722444451
H       17.8780081406     6.8648763517     3.8907047840
H       15.5365405946     6.9628471675     3.2843157805
H       16.2585118780     7.4839518744     5.5979273331
H       12.8178854475     3.3008226927     3.0901094696
H       13.9471044612     2.8500027499     1.0298343040
H       18.4363071804     3.3231304523     1.3623792225
H       13.7095328828     1.0949947075     2.7010474146
H       18.5402847722     1.0999870908     2.3147653858
H       16.4387211201     0.9145607872     7.7945854969
H       14.2678367119     0.9861014111     6.7004443238
H       20.3292103633     2.6940770744     2.7607736057
H       16.1950644042     0.0736432156     5.5399742733
32
# Point -2 Energy = 0.0
C       20.6417105064     3.6838822135     7.5092793097
H       18.9912951832     3.6030943127     6.1883585628
C       19.4461617140     2.9626581404     6.8919384605
H       18.6797597067     2.7642684417     7.6830856885
H       20.5740075016     1.8076745988     5.4522207471
C       19.8242461748     1.6459380353     6.2136066822
H       18.9639073107     1.1696905636     5.7437670486
H       20.2541629782     0.9145376676     6.9546956427
H       21.3735112654     3.8846280098     6.7876279970
H       21.1859866462     2.9567096568     8.4022081761
H       20.3742733632     4.5456967823     7.9435691968
Si       16.4294930662     3.4111959738     4.3915931679
O       16.3096139427     5.0011941993     4.7326060641
O       17.9363986115     3.0785883635     3.8432783258
O       15.3735832307     2.9960988402     3.2102116182
O       16.1024265150     2.5779533101     5.7574849884
Si       16.4956758923     6.6001981958     4.3924158844
Si       13.9561455172     2.5575275625     2.4971019898
Si       18.8359869268     2.5407354365     2.5687744389
Si       15.7466666119     1.1356913774     6.4725905098
H       17.8824310218     6.8623677829     3.8961147142
H       15.5412887709     6.9626358735     3.2888458779
H       16.2627299463     7.4814720187     5.6031325380
H       12.8198178793     3.3029068994     3.0908460368
H       13.9495192962     2.8527048753     1.0307002155
H       18.4389579779     3.3220361630     1.3654179442
H       13.7098788898     1.0966600846     2.7005283227
H       18.5407891062     1.0981132959     2.3162147921
H       16.4368489470     0.9103312920     7.7950426771
H       14.2664674576     0.9843920079     6.7000717748
H       20.3307934784     2.6904595032     2.7641197778
H       16.1934451639     0.0712605220     5.5397161897
32
# Point -1 Energy = 0.0
C       20.6447341985     3.6694508505     7.5179720250
H       18.9837112644     3.6094116832     6.1789008346
C       19.4464445541     2.9555472366     6.8967808379
H       18.6859914371     2.7600759459     7.6792370562
H       20.5790191182     1.8028560240     5.4500159350
C       19.8238228477     1.6394809560     6.2172841230
H       18.9605153075     1.1635075734     5.7442085437
H       20.2473002338     0.9172668613     6.9476146792
H       21.3905586959     3.8799510075     6.7776263008
H       21.1511383786     2.9952307050     8.3488495506
H       20.3640031477     4.5734043204     7.9678835585
Si       16.4309916066     3.4094657167     4.3938985703
O       16.3122453570     4.9993134812     4.7360341866
O       17.9378733612     3.0760761992     3.8459679252
O       15.3752503091     2.9960821691     3.2117818551
O       16.1027203889     2.5754939183     5.7590353599
Si       16.4997062125     6.5984187741     4.3970937305
Si       13.9577506468     2.5591561014     2.4977666396
Si       18.8375487769     2.5384395450     2.5714193742
Si       15.7455179532     1.1329724513     6.4729461292
H       17.8868751569     6.8598525796     3.9015542223
H       15.5460620842     6.9624236744     3.2934016959
H       16.2669661513     7.4789850378     5.6083644907
H       12.8217728308     3.3050003783     3.0915946808
H       13.9519612597     2.8554182494     1.0315806073
H       18.4416323994     3.3209430153     1.3684804946
H       13.7102447211     1.0983362107     2.7000177684
H       18.5413110140     1.0962413085     2.3176820697
H       16.4349786306     0.9060979065     7.7955092592
H       14.2651052764     0.9826850028     6.6997053915
H       20.3323935096     2.6868375692     2.7674909169
H       16.1918337704     0.0688795477     5.5394665473
32
# Point 0 Energy = 0
C       20.6477110000     3.6549790000     7.5266840000
H       18.9761800000     3.6157410000     6.1694560000
C       19.4467280000     2.9484220000     6.9016430000
H       18.6922510000     2.7558520000     7.6754250000
H       20.5840390000     1.7980300000     5.4478400000
C       19.8234060000     1.6330100000     6.2209870000
H       18.9571360000     1.1573250000     5.7446630000
H       20.2404540000     0.9200090000     6.9405780000
H       21.4074060000     3.8754920000     6.7676150000
H       21.1161610000     3.0334640000     8.2953550000
H       20.3536290000     4.6012450000     7.9917750000
Si       16.4325060000     3.4077350000     4.3962220000
O       16.3148940000     4.9974300000     4.7394840000
O       17.9393640000     3.0735620000     3.8486780000
O       15.3769370000     2.9960700000     3.2133680000
O       16.1030250000     2.5730330000     5.7606000000
Si       16.5037570000     6.5966350000     4.4017980000
Si       13.9593780000     2.5607940000     2.4984440000
Si       18.8391290000     2.5361430000     2.5740860000
Si       15.7443760000     1.1302530000     6.4733110000
H       17.8913405600     6.8573308000     3.9070238400
H       15.5508605600     6.9622108000     3.2979838400
H       16.2712205600     7.4764908000     5.6136238400
H       12.8237502400     3.3071035200     3.0923555200
H       13.9544302400     2.8581435200     1.0324755200
H       18.4443303200     3.3198514400     1.3715668800
H       13.7106302400     1.1000235200     2.6995155200
H       18.5418503200     1.0943714400     2.3191668800
H       16.4331100800     0.9018602400     7.7959848800
H       14.2637500800     0.9809802400     6.6993448800
H       20.3340103200     2.6832114400     2.7708868800
H       16.1902300800     0.0665002400     5.5392248800
32
# Point 1 Energy = 0.0
C       20.6506406271     3.6404664182     7.5354150584
H       18.9687015420     3.6220821355     6.1600242107
C       19.4470119470     2.9412820655     6.9065248622
H       18.6985383080     2.7515960869     7.6716495418
H       20.5890670826     1.7931962702     5.4456927882
C       19.8229954516     1.6265248582     6.2247150342
H       18.9537692704     1.1511426531     5.7451300734
H       20.2336242741     0.9227635577     6.9335850912
H       21.4240527376     3.8712530725     6.7575983475
H       21.0810533608     3.0714083326     8.2417251638
H       20.3431544915     4.6292174797     8.0152392271
Si       16.4340361894     3.4060039043     4.3985635171
O       16.3175598532     4.9955437767     4.7429557990
O       17.9408704505     3.0710458792     3.8514085456
O       15.3786432402     2.9960626165     3.2149700763
O       16.1033402798     2.5705704632     5.7621788383
Si       16.5078282702     6.5948469205     4.4065292252
Si       13.9610275114     2.5624416905     2.4991340549
Si       18.8407274954     2.5338460703     2.5767742308
Si       15.7432406562     1.1275328568     6.4736848364
H       17.8958272403     6.8548025145     3.9125241239
H       15.5556842252     6.9619974782     3.3025929188
H       16.2754932142     7.4739891815     5.6189112416
H       12.8257500690     3.3092167016     3.0931286596
H       13.9569261729     2.8608813228     1.0333849939
H       18.4470516554     3.3187618792     1.3746771465
H       13.7110353504     1.1017224384     2.6990213464
H       18.5424068919     1.0925040179     2.3206689299
H       16.4312431935     0.8976179210     7.7964691991
H       14.2624017807     0.9792775689     6.6989899503
H       20.3356438021     2.6795813087     2.7743075820
H       16.1886339656     0.0641225593     5.5389907461
32
# Point 2 Energy = 0.0
C       20.6535228198     3.6259127399     7.5441649026
H       18.9612760181     3.6284348715     6.1506055318
C       19.4472962904     2.9341269713     6.9114262334
H       18.7048532778     2.7473075994     7.6679106051
H       20.5941032586     1.7883544776     5.4435740088
C       19.8225909899     1.6200251257     6.2284678210
H       18.9504149529     1.1449602651     5.7456093045
H       20.2268110164     0.9255298946     6.9266352979
H       21.4404986472     3.8672361237     6.7475805992
H       21.0458149653     3.1090643211     8.1879618087
H       20.3325834156     4.6573199155     8.0382728600
Si       16.4355820847     3.4042724871     4.4009231280
O       16.3202428957     4.9936548073     4.7464498421
O       17.9423925880     3.0685279079     3.8541594766
O       15.3803689077     2.9960603074     3.2165880666
O       16.1036661349     2.5681061841     5.7637717475
Si       16.5119200565     6.5930545579     4.4112879147
Si       13.9626990379     2.5640996404     2.4998367658
Si       18.8423440864     2.5315489811     2.5794838807
Si       15.7421117886     1.1248118219     6.4740672872
H       17.9003352213     6.8522677515     3.9180555871
H       15.5605331124     6.9617839387     3.3072295360
H       16.2797842070     7.4714800254     5.6242273398
H       12.8277722237     3.3113403477     3.0939142079
H       13.9594488980     2.8636323429     1.0343090501
H       18.4497962382     3.3176747495     1.3778112539
H       13.7114598582     1.1034334288     2.6985349837
H       18.5429804942     1.0906393331     2.3221878165
H       16.4293778502     0.8933705209     7.7969617978
H       14.2610602550     0.9775768274     6.6986402691
H       20.3372937778     2.6759472985     2.7777528148
H       16.1870452314     0.0617464352     5.5387636211
32
# Point 3 Energy = 0.0
C       20.6563572449     3.6113177349     7.5529333075
H       18.9539035369     3.6347990978     6.1412000970
C       19.4475808805     2.9269563537     6.9163469926
H       18.7111957751     2.7429860282     7.6642081780
H       20.5991474139     1.7835043688     5.4414834721
C       19.8221923874     1.6135104955     6.2322450466
H       18.9470728807     1.1387776527     5.7461003181
H       20.2200141790     0.9283075033     6.9197280835
H       21.4567436189     3.8634433266     6.7375664309
H       21.0104447276     3.1464309379     8.1340655756
H       20.3219201635     4.6855508645     8.0608721623
Si       16.4371435876     3.4025408184     4.4033008580
O       16.3229430614     4.9917631004     4.7499663868
O       17.9439302955     3.0660081932     3.8569307553
O       15.3821139019     2.9960633412     3.2182219604
O       16.1040024563     2.5656400618     5.7653786219
Si       16.5160323211     6.5912579453     4.4160745617
Si       13.9643924800     2.5657682619     2.5005520833
Si       18.8439786368     2.5292519967     2.5822148337
Si       15.7409892648     1.1220897213     6.4744580323
H       17.9048644587     6.8497265706     3.9236187481
H       15.5654071961     6.9615703903     3.3118942612
H       16.2840935214     7.4689631935     5.6295727490
H       12.8298166285     3.3134748112     3.0947122344
H       13.9619983184     2.8663971932     1.0352476964
H       18.4525639481     3.3165904850     1.3809692176
H       13.7119036382     1.1051568984     2.6980561691
H       18.5435709650     1.0887777093     2.3237232182
H       16.4275139103     0.8891176654     7.7974623014
H       14.2597253791     0.9758778533     6.6982955113
H       20.3389601031     2.6723096033     2.7812224635
H       16.1854637196     0.0593718223     5.5385430319
32
# Point 4 Energy = 0.0
C       20.6591435687     3.5966810988     7.5617199776
H       18.9465841838     3.6411746533     6.1318079932
C       19.4478655542     2.9197697889     6.9212869571
H       18.7175656531     2.7386308087     7.6605421909
H       20.6041993997     1.7786456308     5.4394209106
C       19.8217993859     1.6069806022     6.2360463248
H       18.9437428491     1.1325945855     5.7466026706
H       20.2132336809     0.9310958111     6.9128628332
H       21.4727876804     3.8598767522     6.7275605875
H       20.9749420062     3.1835082898     8.0800377661
H       20.3111693995     4.7139086064     8.0830339487
Si       16.4387205725     3.4008089510     4.4056966969
O       16.3256602728     4.9898686456     4.7535056656
O       17.9454834217     3.0634868150     3.8597222955
O       15.3838780827     2.9960719855     3.2198717173
O       16.1043491100     2.5631719726     5.7669993170
Si       16.5201650267     6.5894570965     4.4208896432
Si       13.9661076895     2.5674479837     2.5012799359
Si       18.8456309625     2.5269553548     2.5849669154
Si       15.7398729194     1.1193663572     6.4748567064
H       17.9094149074     6.8471790033     3.9292141003
H       15.5703064465     6.9613570381     3.3165876572
H       16.2884211575     7.4664385230     5.6349480739
H       12.8318831699     3.3156204681     3.0955227996
H       13.9645742809     2.8691765123     1.0362009208
H       18.4553546150     3.3155095032     1.3841510027
H       13.7123665051     1.1068932719     2.6975846103
H       18.5441780802     1.0869194474     2.3252747482
H       16.4256512090     0.8848589420     7.7979702828
H       14.2583969969     0.9741804725     6.6979553166
H       20.3406425884     2.6686683750     2.7847163441
H       16.1838892237     0.0569986535     5.5383284501
32
# Point 5 Energy = 0.0
C       20.6618814378     3.5820025123     7.5705246008
H       18.9393180266     3.6475613742     6.1224293033
C       19.4481501277     2.9125668404     6.9262459301
H       18.7239627425     2.7342413663     7.6569125605
H       20.6092590477     1.7737779417     5.4373860440
C       19.8214117072     1.6004350688     6.2398712544
H       18.9404246338     1.1264108257     5.7471159025
H       20.2064694206     0.9338942411     6.9060389232
H       21.4886309300     3.8565384665     6.7175679228
H       20.9393063302     3.2202967649     8.0258797744
H       20.3003360437     4.7423913592     8.1047552271
Si       16.4403128972     3.3990769300     4.4081106205
O       16.3283944359     4.9879714235     4.7570678987
O       17.9470517997     3.0609638456     3.8625339981
O       15.3856612954     2.9960865031     3.2215372819
O       16.1047059432     2.5607017842     5.7686336726
Si       16.5243181204     6.5876520160     4.4257336262
Si       13.9678445047     2.5691392311     2.5020202357
Si       18.8473008653     2.5246592866     2.5877399394
Si       15.7387625670     1.1166415236     6.4752629259
H       17.9139865072     6.8446250713     3.9348421289
H       15.5752308200     6.9611440792     3.3213102769
H       16.2927670979     7.4639058395     5.6403539099
H       12.8339717206     3.3177776903     3.0963459474
H       13.9671766210     2.8719709371     1.0371686963
H       18.4581680564     3.3144322171     1.3873565635
H       13.7128482597     1.1086429716     2.6971199966
H       18.5448016014     1.0850648440     2.3268420059
H       16.4237895591     0.8805939284     7.7984852964
H       14.2570749321     0.9724845032     6.6976193047
H       20.3423410297     2.6650237585     2.7882342625
H       16.1823215183     0.0546268552     5.5381193288
32
# Point 6 Energy = 0.0
C       20.6645704787     3.5672816422     7.5793468479
H       18.9321051154     3.6539590940     6.1130641061
C       19.4484343961     2.9053470586     6.9312237010
H       18.7303868515     2.7298171172     7.6533191905
H       20.6143261699     1.7689009708     5.4353785789
C       19.8210290526     1.5938735075     6.2437194198
H       18.9371179905     1.1202261274     5.7476395390
H       20.1997212764     0.9367022119     6.8992557206
H       21.5042735342     3.8534305255     6.7075933962
H       20.9035374084     3.2567970457     7.9715930874
H       20.2894252631     4.7709972804     8.1260332014
Si       16.4419204032     3.3973447928     4.4105425907
O       16.3311454404     4.9860714057     4.7606532942
O       17.9486352463     3.0584393495     3.8653657516
O       15.3874633705     2.9961071506     3.2232185845
O       16.1050727844     2.5582293558     5.7702815127
Si       16.5284915336     6.5858426982     4.4306069673
Si       13.9696027504     2.5708424254     2.5027728793
Si       18.8489881323     2.5223640167     2.5905337074
Si       15.7376580024     1.1139150061     6.4756762892
H       17.9185791829     6.8420647859     3.9405033109
H       15.5801802591     6.9609317026     3.3260626635
H       16.2971313083     7.4613649572     5.6457908422
H       12.8360821387     3.3199468451     3.0971817056
H       13.9698051627     2.8747811017     1.0381509809
H       18.4610040777     3.3133590335     1.3905858437
H       13.7133486884     1.1104064165     2.6966619998
H       18.5454412758     1.0832141898     2.3284245771
H       16.4219287512     0.8763221921     7.7990068785
H       14.2557589881     0.9707897559     6.6972870758
H       20.3440552081     2.6613758910     2.7917760135
H       16.1807603587     0.0522563467     5.5379151028
32
# Point 7 Energy = 0.0
C       20.6672102983     3.5525181430     7.5881863732
H       18.9249454828     3.6603676452     6.1037124767
C       19.4487181344     2.8981099835     6.9362200461
H       18.7368377659     2.7253574699     7.6497619714
H       20.6194005595     1.7640143799     5.4333982100
C       19.8206511035     1.5872955209     6.2475903923
H       18.9338226561     1.1140402382     5.7481730909
H       20.1929891069     0.9395191400     6.8925125856
H       21.5197157265     3.8505549719     6.6976420690
H       20.8676351307     3.2930101013     7.9171792732
H       20.2784424627     4.7997244720     8.1468652741
Si       16.4435429155     3.3956125686     4.4129925558
O       16.3339131587     4.9841685548     4.7642620473
O       17.9502335628     3.0559133833     3.8682174321
O       15.3892841241     2.9961341779     3.2249155409
O       16.1054494439     2.5557545382     5.7719426460
Si       16.5326851812     6.5840291280     4.4355101122
Si       13.9713822382     2.5725579822     2.5035377473
Si       18.8506925373     2.5200697630     2.5933480100
Si       15.7365590008     1.1111865826     6.4760963779
H       17.9231928436     6.8394981485     3.9461981133
H       15.5851546917     6.9607200876     3.3308453483
H       16.3015137357     7.4588156791     5.6512594444
H       12.8382142690     3.3221282935     3.0980300853
H       13.9724597195     2.8776076351     1.0391477181
H       18.4638624723     3.3122903531     1.3938387764
H       13.7138675642     1.1121840207     2.6962102744
H       18.5460968376     1.0813677700     2.3300220352
H       16.4200685548     0.8720432920     7.7995345482
H       14.2544489488     0.9690960336     6.6969582120
H       20.3457848904     2.6577249018     2.7953413827
H       16.1792054827     0.0498870407     5.5377151899
32
# Point 8 Energy = 0.0
C       20.6698004934     3.5377114986     7.5970427618
H       18.9178391437     3.6667867540     6.0943744476
C       19.4490010896     2.8908550170     6.9412346735
H       18.7433152453     2.7208616989     7.6462407293
H       20.6244819526     1.7591177014     5.4314445378
C       19.8202774866     1.5807005802     6.2514836501
H       18.9305383011     1.1078528007     5.7487159741
H       20.1862727094     0.9423442991     6.8858087764
H       21.5349578563     3.8479136776     6.6877190920
H       20.8316001938     3.3289389679     7.8626411009
H       20.2673932910     4.8285708222     8.1672489973
Si       16.4451802248     3.3938802469     4.4154604276
O       16.3366974590     4.9822627883     4.7678943449
O       17.9518465067     3.0533859469     3.8710888631
O       15.3911233237     2.9961678349     3.2266280310
O       16.1058356917     2.5532771253     5.7736168319
Si       16.5368989995     6.5822112464     4.4404435248
Si       13.9731827191     2.5742863548     2.5043146873
Si       18.8524137925     2.5177766931     2.5961825701
Si       15.7354652763     1.1084559688     6.4765227008
H       17.9278274207     6.8369251008     3.9519270171
H       15.5901540668     6.9605094064     3.3356588952
H       16.3059143717     7.4562577472     5.6567603253
H       12.8403679120     3.3243224438     3.0988910850
H       13.9751400400     2.8804512298     1.0401588241
H       18.4667429785     3.3112265537     1.3971152443
H       13.7144045754     1.1139762381     2.6957644180
H       18.5467679327     1.0795258303     2.3316338630
H       16.4182086821     0.8677566898     7.8000677423
H       14.2531445360     0.9674030996     6.6966322296
H       20.3475297857     2.6540708406     2.7989300798
H       16.1776565423     0.0475187968     5.5375189143
32
# Point 9 Energy = 0.0
C       20.6723405834     3.5228619889     7.6059158683
H       18.9107861060     3.6732166880     6.0850502628
C       19.4492830212     2.8835821953     6.9462675716
H       18.7498190469     2.7163297124     7.6427555571
H       20.6295702665     1.7542110879     5.4295175892
C       19.8199079900     1.5740887695     6.2553990772
H       18.9272648225     1.1016639543     5.7492680124
H       20.1795720797     0.9451776836     6.8791440422
H       21.5500000471     3.8455093072     6.6778297935
H       20.7954302171     3.3645777699     7.8079756121
H       20.2562835794     4.8575350658     8.1871821359
Si       16.4468322024     3.3921479705     4.4179462313
O       16.3394981302     4.9803541941     4.7715503505
O       17.9534739703     3.0508572848     3.8739800749
O       15.3929809067     2.9962083309     3.2283560375
O       16.1062313942     2.5507971477     5.7753039971
Si       16.5411327145     6.5803891533     4.4454075216
Si       13.9750041854     2.5760277683     2.5051036245
Si       18.8541518498     2.5154851953     2.5990374018
Si       15.7343767403     1.1057231446     6.4769550379
H       17.9324826333     6.8343458277     3.9576903944
H       15.5951781379     6.9602998113     3.3405036494
H       16.3103328641     7.4536911410     5.6622938622
H       12.8425430158     3.3265294216     3.0997646698
H       13.9778461514     2.8833122276     1.0411842685
H       18.4696455559     3.3101680980     1.4004153398
H       13.7149597758     1.1157832890     2.6953242158
H       18.5474545894     1.0776887899     2.3332599413
H       16.4163490052     0.8634622839     7.8006062171
H       14.2518456725     0.9657108660     6.6963088649
H       20.3492898208     2.6504141292     2.8025421582
H       16.1761135245     0.0451517026     5.5373259791
32
# Point 10 Energy = 0.0
C       20.6748301314     3.5079692034     7.6148052667
H       18.9037863465     3.6796572440     6.0757399581
C       19.4495636501     2.8762910012     6.9513184494
H       18.7563488992     2.7117608728     7.6393062815
H       20.6346652325     1.7492941508     5.4276169881
C       19.8195422342     1.5674596371     6.2593361730
H       18.9240018941     1.0954734036     5.7498286461
H       20.1728870137     0.9480186656     6.8725176800
H       21.5648427395     3.8433437668     6.6679794633
H       20.7591258616     3.3999288792     7.7531849736
H       20.2451193610     4.8866150397     8.2066629050
Si       16.4484986198     3.3904157373     4.4204498621
O       16.3423149984     4.9784427005     4.7752302119
O       17.9551156994     3.0483274170     3.8768908864
O       15.3948566331     2.9962558945     3.2300994255
O       16.1066363061     2.5483144228     5.7770038934
Si       16.5453862011     6.5785627971     4.4504025065
Si       13.9768463903     2.5777826273     2.5059043917
Si       18.8559064235     2.5131954517     2.6019122360
Si       15.7332931069     1.1029878556     6.4773929082
H       17.9371583508     6.8317602889     3.9634886692
H       15.6002267940     6.9600914541     3.3453801058
H       16.3147691252     7.4511156231     5.6678605895
H       12.8447393703     3.3287495795     3.1006508073
H       13.9805778085     2.8861912516     1.0422239498
H       18.4725699408     3.3091153558     1.4037389418
H       13.7155328742     1.1176055790     2.6948892695
H       18.5481564762     1.0758569024     2.3348997795
H       16.4144892325     0.8591595931     7.8011494250
H       14.2505520809     0.9640191105     6.6959876397
H       20.3510647037     2.6467548532     2.8061773403
H       16.1745761003     0.0427856409     5.5371357361
32
# Point 11 Energy = 0.0
C       20.6772687203     3.4930315180     7.6237101344
H       18.8968398102     3.6861074331     6.0664432920
C       19.4498425962     2.8689799444     6.9563866075
H       18.7629044454     2.7071535801     7.6358923401
H       20.6397662551     1.7443655619     5.4257417523
C       19.8191795309     1.5608117951     6.2632938496
H       18.9207487931     1.0892800985     5.7503967163
H       20.1662169500     0.9508655656     6.8659283110
H       21.5794868389     3.8414178062     6.6581734981
H       20.7226930068     3.4350087684     7.6982798123
H       20.2339069626     4.9158073864     8.2256891604
Si       16.4501790852     3.3886832781     4.4229710266
O       16.3451479535     4.9765279388     4.7789340881
O       17.9567712031     3.0457959648     3.8798208084
O       15.3967499863     2.9963107720     3.2318578781
O       16.1070499773     2.5458283801     5.7787159976
Si       16.5496595917     6.5767318423     4.4554290802
Si       13.9787087181     2.5795516297     2.5067166617
Si       18.8576768558     2.5109072828     2.6048063840
Si       15.7322137317     1.1002494234     6.4778353979
H       17.9418547083     6.8291680358     3.9693224217
H       15.6053001740     6.9598844618     3.3502890524
H       16.3192235015     7.4485305528     5.6734613568
H       12.8469565258     3.3309836397     3.1015494559
H       13.9833343624     2.8890893967     1.0432776446
H       18.4755155406     3.3080685329     1.4070856274
H       13.7161230279     1.1194438188     2.6944588553
H       18.5488726865     1.0740301337     2.3365523073
H       16.4126287497     0.8548474602     7.8016963199
H       14.2492631181     0.9623273552     6.6956677024
H       20.3528537986     2.6430925144     2.8098348681
H       16.1730433944     0.0404201279     5.5369469516
32
# Point 12 Energy = 0.0
C       20.6796544723     3.4781043722     7.6326486251
H       18.8899473371     3.6926032509     6.0571732822
C       19.4501236464     2.8616932006     6.9614906001
H       18.7694889244     2.7025513705     7.6325316708
H       20.6448879223     1.7394684898     5.4239195567
C       19.8188333783     1.5541879395     6.2672986094
H       18.9175232525     1.0831185133     5.7509990036
H       20.1595779007     0.9537666169     6.8594066416
H       21.5939009585     3.8397840328     6.6484042864
H       20.6858934806     3.4691727702     7.6428770163
H       20.2226550846     4.9451651849     8.2442853795
Si       16.4518806316     3.3869628348     4.4255180149
O       16.3479934239     4.9746234035     4.7826614744
O       17.9584509683     3.0432814508     3.8827837545
O       15.3986734066     2.9963723729     3.2336391659
O       16.1074811819     2.5433564690     5.7804522530
Si       16.5539403440     6.5749092713     4.4604786596
Si       13.9806079941     2.5813216329     2.5075468975
Si       18.8594801093     2.5086378614     2.6077389031
Si       15.7311544690     1.0975267875     6.4783012674
H       17.9465588343     6.8265879334     3.9751852065
H       15.6103861839     6.9596801030     3.3552174933
H       16.3236750543     7.4459540453     5.6790823081
H       12.8492052229     3.3332147390     3.1024602004
H       13.9861344324     2.8919856745     1.0443501804
H       18.4784974636     3.3070360169     1.4104692275
H       13.7167555188     1.1212842911     2.6940466181
H       18.5496296466     1.0722223469     2.3382435289
H       16.4107815718     0.8505561023     7.8022686715
H       14.2479949439     0.9606466592     6.6953648361
H       20.3546727327     2.6394545149     2.8135368337
H       16.1715401084     0.0380717479     5.5367851935
32
# Point 13 Energy = 0.0
C       20.6820226287     3.4627830166     7.6414617069
H       18.8830712110     3.6988614056     6.0478162478
C       19.4503748231     2.8540986683     6.9664699218
H       18.7760623178     2.6976360759     7.6290616454
H       20.6499105090     1.7342734498     5.4219157882
C       19.8183937622     1.5472664422     6.2711272204
H       18.9141792989     1.0767226907     5.7514176130
H       20.1528371267     0.9563467917     6.8526892844
H       21.6083832151     3.8379181897     6.6386846702
H       20.6507292089     3.5076095986     7.5901612621
H       20.2113978470     4.9742005352     8.2625338523
Si       16.4535372198     3.3851578202     4.4280118383
O       16.3508663110     4.9726243007     4.7863974027
O       17.9600620226     3.0406392676     3.8856556295
O       15.4005167280     2.9964388754     3.2353706078
O       16.1078539794     2.5407642283     5.7821086165
Si       16.5583103720     6.5729945199     4.4655940524
Si       13.9823986619     2.5831840008     2.5083355868
Si       18.8611713982     2.5062508841     2.6105455752
Si       15.7299875234     1.0946744433     6.4786384642
H       17.9513544031     6.8238747993     3.9811002948
H       15.6155602570     6.9594646640     3.3602424906
H       16.3282720845     7.4432488563     5.6848054090
H       12.8513869176     3.3355632568     3.1033765795
H       13.9888153370     2.8950287753     1.0453934216
H       18.4813818190     3.3059464502     1.4137640443
H       13.7172212855     1.1232221938     2.6935418852
H       18.5502102585     1.0703210906     2.3397597807
H       16.4088373374     0.8460567897     7.8026911380
H       14.2466174717     0.9588909012     6.6949527720
H       20.3563878520     2.6356279889     2.8170928977
H       16.1698694123     0.0356110294     5.5364476608
32
# Point 14 Energy = 0.0
C       20.6827700313     3.4569380118     7.6438529917
H       18.8735164512     3.7110180003     6.0328134840
C       19.4492742578     2.8539944758     6.9664442480
H       18.7818538371     2.7002749222     7.6211765484
H       20.6538158505     1.7360107154     5.4155018401
C       19.8175152353     1.5474088700     6.2712385430
H       18.9105737221     1.0759032857     5.7491711425
H       20.1466019430     0.9670193900     6.8427548152
H       21.6256644742     3.8457178473     6.6267637329
H       20.6891751215     3.4481184537     7.6540779726
H       20.2025621656     5.0130059391     8.2765969403
Si       16.4518490256     3.3849426726     4.4266349399
O       16.3490105193     4.9725196040     4.7845086565
O       17.9583586276     3.0404767419     3.8841773815
O       15.3987159696     2.9956778671     3.2342869393
O       16.1065119476     2.5409642999     5.7810579977
Si       16.5561617806     6.5728131217     4.4631368318
Si       13.9805402111     2.5819679723     2.5076040847
Si       18.8593456694     2.5057897450     2.6090911316
Si       15.7289584979     1.0950339368     6.4781387850
H       17.9490983812     6.8237363487     3.9783490065
H       15.6131898720     6.9587743404     3.3578009347
H       16.3261835092     7.4434388431     5.6820942411
H       12.8495105571     3.3343794491     3.1025687630
H       13.9866882390     2.8933274815     1.0445577987
H       18.4792556646     3.3050333386     1.4121055419
H       13.7156087873     1.1220297568     2.6933380973
H       18.5485570189     1.0697266536     2.3388354987
H       16.4080454266     0.8469629294     7.8021660229
H       14.2456405078     0.9591084621     6.6947187289
H       20.3545743521     2.6354610676     2.8153730806
H       16.1688529458     0.0357274563     5.5362286393
32
# Point 15 Energy = 0.0
C       20.6850962018     3.4415658390     7.6526557150
H       18.8667599329     3.7172943322     6.0234473806
C       19.4495680463     2.8463852716     6.9714281486
H       18.7885248326     2.6953059363     7.6177495579
H       20.6588762761     1.7308091262     5.4135064552
C       19.8171219355     1.5404704447     6.2750808301
H       18.9072828716     1.0695115665     5.7495909331
H       20.1399253711     0.9696194318     6.8360772775
H       21.6399128668     3.8443426572     6.6171728153
H       20.6529727133     3.4858249926     7.6013776707
H       20.1914045967     5.0423040563     8.2939842442
Si       16.4535439668     3.3831397921     4.4291577100
O       16.3519265086     4.9705203777     4.7882787673
O       17.9600033447     3.0378354378     3.8870673832
O       15.4005906476     2.9957519750     3.2360541134
O       16.1069298400     2.5383723066     5.7827424306
Si       16.5605755409     6.5708970407     4.4682899005
Si       13.9823582288     2.5838430961     2.5084374810
Si       18.8610618840     2.5034056667     2.6119089002
Si       15.7278385695     1.0921822762     6.4785017972
H       17.9539342967     6.8210199227     3.9842933844
H       15.6184026295     6.9585618053     3.3628716523
H       16.3308328719     7.4407289759     5.6878585305
H       12.8517252049     3.3367408215     3.1035396961
H       13.9893882465     2.8963866401     1.0456473806
H       18.4821595550     3.3039495584     1.4154170169
H       13.7161008245     1.1239819375     2.6928754269
H       18.5491591087     1.0678309653     2.3403607488
H       16.4061549619     0.8424598638     7.8026083206
H       14.2443121701     0.9573559911     6.6943419555
H       20.3563146965     2.6316339398     2.8189305165
H       16.1672218582     0.0332699552     5.5359112190
