32
# Point -15 Energy = 0.0
C       20.9704170132     3.1932339419     7.3387690111
H       19.1428352166     3.5264551930     6.2589835333
C       19.5980651572     2.7273408677     6.8551799574
H       18.9420992462     2.5758813120     7.7226299214
H       20.3099456026     1.5744589128     5.1535280864
C       19.6537478050     1.4440733731     6.0235667015
H       18.6624964790     1.1619648514     5.6478791956
H       20.0497541891     0.6072235958     6.6116737096
H       21.6372113548     3.3806558406     6.4883536789
H       21.4472121362     2.4390380809     7.9741406474
H       20.8945486020     4.1215325377     7.9176456395
Si       16.4301152269     3.4769775392     4.7411858484
O       16.2087611273     5.0904589674     4.5783096271
O       17.9073469645     3.0798567999     4.2088515714
O       15.3364311711     2.6536676990     3.8434121977
O       16.2649685144     3.0022985292     6.3083250362
Si       15.9990559265     6.7272313580     4.4550387034
Si       14.8698935727     2.2867366526     2.2647290925
Si       18.3009837051     2.9305875182     2.6156487633
Si       15.6143216759     1.5822850174     6.8925321085
H       17.1162409143     7.3518393499     3.6408050931
H       14.8526035364     6.4967037045     3.5931533266
H       15.6669422145     8.0084600686     5.4423669028
H       13.4927260663     2.4061825055     1.3703729062
H       15.8927789820     2.7393612372     1.2590007576
H       17.6910424978     3.9496649649     1.6800654477
H       15.1000399243     0.9893630445     2.7231529693
H       17.8094246905     1.6070418073     2.2961185899
H       16.3876579867     1.1094445961     8.0869819610
H       14.1514423991     1.6763582254     7.3037248357
H       19.7544449528     3.0207154779     2.5983747858
H       15.7124257488     0.5362084304     5.8326647536
32
# Point -14 Energy = 0.0
C       20.9643106580     3.2362853743     7.3652242812
H       19.1429792027     3.5291244156     6.2631783891
C       19.6041523353     2.7444319344     6.8736740516
H       18.9414602565     2.5925187849     7.7358844933
H       20.3520493612     1.5831648647     5.1936051525
C       19.6886748914     1.4528561165     6.0581476005
H       18.7060949724     1.1502573090     5.6761058506
H       20.0912499962     0.6294164581     6.6602022658
H       21.6369706422     3.4235839968     6.5194543971
H       21.4453023498     2.4968229034     8.0142570755
H       20.8688599210     4.1698737439     7.9320479401
Si       16.4419591118     3.4461429860     4.7273361402
O       16.2222373429     5.0613887224     4.5863376691
O       17.9245137248     3.0571468954     4.2002126542
O       15.3561319842     2.6365415063     3.8079625090
O       16.2630874934     2.9554911502     6.2870503775
Si       15.9920550081     6.6899606439     4.4145149357
Si       14.7724867086     2.4012699767     2.2536626385
Si       18.3551460839     2.8632965464     2.6219631203
Si       15.6435720438     1.5296336704     6.8863280835
H       17.1184270150     7.3115481365     3.6130152986
H       14.8582134173     6.4480454804     3.5331189117
H       15.6336594934     7.9578118423     5.3955658856
H       13.3601903690     2.6922475574     1.5072942530
H       15.7532890700     2.8558933049     1.2089081255
H       17.7576193916     3.8579301043     1.6555948232
H       14.9176104054     1.0547915273     2.5847226002
H       17.8763607051     1.5283825311     2.3170750248
H       16.4181301858     1.0845426242     8.0911737379
H       14.1776895537     1.5995631067     7.2866684250
H       19.8123343717     2.9574879035     2.6185315200
H       15.7711625340     0.4758498825     5.8383471293
32
# Point -13 Energy = 0.0
C       20.9419819730     3.3046864630     7.3750122243
H       19.1326439624     3.5443145617     6.2414289189
C       19.5965558800     2.7814756335     6.8764192643
H       18.9236183439     2.6385696874     7.7320866772
H       20.3869645849     1.5944030230     5.2352381853
C       19.7128773692     1.4736296026     6.0927009486
H       18.7409563483     1.1463560446     5.7044980863
H       20.1188510688     0.6709602636     6.7191643663
H       21.6240276300     3.4825765081     6.5348774490
H       21.4238140933     2.5877834893     8.0474785990
H       20.8248670026     4.2490847283     7.9183316042
Si       16.4503118383     3.4105906881     4.6784634127
O       16.2325074291     5.0260066925     4.5407389249
O       17.9400165449     3.0238483931     4.1665660916
O       15.3760448729     2.6044840803     3.7425657327
O       16.2519502469     2.9211161672     6.2352370824
Si       16.0195075917     6.6610895355     4.4450382855
Si       14.6787880426     2.4612309454     2.2323369877
Si       18.4143150448     2.7701447122     2.6107634628
Si       15.6600117495     1.4979863962     6.8636142191
H       17.1650435536     7.3090852784     3.6981641450
H       14.8889592291     6.5038189047     3.5386070462
H       15.6692801491     7.8436543267     5.5106629944
H       13.2505876188     2.8874500819     1.6398048185
H       15.6053649114     2.9041429529     1.1366229796
H       17.8338081445     3.7284920846     1.6020853475
H       14.7386509406     1.0869676354     2.4750505468
H       17.9501135578     1.4211296969     2.3334553179
H       16.4294688808     1.0944787666     8.0863097745
H       14.1900035391     1.5485074813     7.2464166189
H       19.8748978950     2.8695865645     2.6264857048
H       15.8211905634     0.4256506105     5.8409395432
32
# Point -12 Energy = 0.0
C       20.9270134110     3.3422704492     7.4012792193
H       19.1285494247     3.5465870469     6.2434721914
C       19.5956341836     2.7959652560     6.8905813042
H       18.9141078036     2.6494277785     7.7387300284
H       20.4246398332     1.6079935408     5.2695433974
C       19.7414991090     1.4840733738     6.1192676256
H       18.7797342690     1.1385542569     5.7220736829
H       20.1512729950     0.6927167368     6.7573200547
H       21.6168924541     3.5231697105     6.5682933522
H       21.4102092549     2.6377115070     8.0854796168
H       20.7897779506     4.2890298714     7.9351945535
Si       16.4623068224     3.3870639196     4.6565625816
O       16.2463768616     5.0042810298     4.5471943239
O       17.9577559596     3.0095344118     4.1508452092
O       15.3973409156     2.5995165533     3.6949270382
O       16.2480154953     2.8753549056     6.2029387952
Si       16.0252799874     6.6342026477     4.4065374386
Si       14.5846431783     2.5453168042     2.2464979413
Si       18.4727174951     2.7210459377     2.6145718539
Si       15.6834241082     1.4469133686     6.8406210349
H       17.1849816696     7.2734547962     3.6768908963
H       14.9086168129     6.4767548034     3.4773458093
H       15.6552820275     7.8032307571     5.4674370206
H       13.1560757650     3.0843035242     1.8245090155
H       15.4399054601     2.9924706954     1.0989339830
H       17.9079220907     3.6584776777     1.5802676483
H       14.5637304637     1.1543369494     2.4059508693
H       18.0228345178     1.3623403559     2.3450969655
H       16.4488029579     1.0662917212     8.0738205570
H       14.2104888506     1.4734166884     7.2090301234
H       19.9364588556     2.8257993389     2.6484823303
H       15.8756896163     0.3716955860     5.8274688984
32
# Point -11 Energy = 0.0
C       20.9015428522     3.3998584311     7.4075714322
H       19.1193844623     3.5596901482     6.2183007034
C       19.5846152612     2.8282571633     6.8878885828
H       18.8913252030     2.6904348763     7.7277673255
H       20.4533847999     1.6179641683     5.3054940309
C       19.7580781222     1.5032437701     6.1464129842
H       18.8070247411     1.1375699135     5.7419874845
H       20.1665237897     0.7302568331     6.8067879957
H       21.6025453450     3.5715904950     6.5821327629
H       21.3810983608     2.7150082662     8.1133557284
H       20.7456241743     4.3553541384     7.9194404879
Si       16.4745158862     3.3628509458     4.6013508363
O       16.2653633316     4.9810879414     4.5001441136
O       17.9759235438     2.9837409478     4.1110460299
O       15.4196877352     2.5853560476     3.6206091603
O       16.2382308256     2.8483780854     6.1425979818
Si       16.0541338561     6.6150370025     4.4421199008
Si       14.5004574487     2.5802427636     2.2434848778
Si       18.5353779423     2.6423181719     2.6026112967
Si       15.6933348582     1.4256169188     6.8057593446
H       17.2293786796     7.2833922549     3.7712746784
H       14.9430849583     6.5443536622     3.4938961777
H       15.6857086133     7.6869471584     5.5830168166
H       13.0886716123     3.2062698688     1.9761778088
H       15.2771314809     3.0131415078     1.0397515570
H       17.9929274653     3.5470797193     1.5312449176
H       14.4023155707     1.1828694647     2.3626476948
H       18.0971451445     1.2723741326     2.3561290236
H       16.4482322146     1.0809279016     8.0560897995
H       14.2167426981     1.4373852423     7.1545193712
H       20.0020564473     2.7496091937     2.6585374020
H       15.9164131756     0.3350948652     5.8170170525
32
# Point -10 Energy = 0.0
C       20.8802706882     3.4311040029     7.4311519264
H       19.1116554270     3.5620971626     6.2180147418
C       19.5777292927     2.8402758603     6.8974616086
H       18.8753605033     2.6969857223     7.7287374363
H       20.4835277440     1.6340040203     5.3331443019
C       19.7786969267     1.5142658843     6.1652730571
H       18.8381568875     1.1333132012     5.7507746195
H       20.1885518519     0.7501485616     6.8349054865
H       21.5897493612     3.6076669057     6.6141255934
H       21.3589006075     2.7558513240     8.1466001205
H       20.7056269097     4.3869129699     7.9359008150
Si       16.4843338887     3.3489204109     4.5753831336
O       16.2784539040     4.9686216180     4.5083469846
O       17.9907331958     2.9782229616     4.0900459255
O       15.4380873359     2.5955316091     3.5674873235
O       16.2320223144     2.8074547296     6.1035789949
Si       16.0727243461     6.6006885313     4.4104380918
Si       14.4161424580     2.6317212565     2.2730062922
Si       18.5908295874     2.6099549331     2.6040223915
Si       15.7101675900     1.3801249945     6.7721071692
H       17.2661154444     7.2527917895     3.7592243947
H       14.9761257818     6.5426877620     3.4392810514
H       15.6926456702     7.6585210396     5.5488054116
H       13.0306905183     3.3206159330     2.1637992067
H       15.1010345616     3.0685569688     1.0201496749
H       18.0662199019     3.4978810000     1.5121969761
H       14.2547553722     1.2310592056     2.3550050875
H       18.1667691226     1.2318121869     2.3602310169
H       16.4576215057     1.0531514905     8.0323388723
H       14.2312585093     1.3698686092     7.1050145648
H       20.0600725035     2.7222572764     2.6797118821
H       15.9629508887     0.2902320791     5.7909012073
32
# Point -9 Energy = 0.0
C       20.8407275358     3.4872826380     7.4440172381
H       19.0873479038     3.5762165800     6.2044911120
C       19.5562636910     2.8692017072     6.8975334063
H       18.8444566189     2.7209123169     7.7198725217
H       20.5062456553     1.6645846551     5.3582245899
C       19.7914204895     1.5402776376     6.1811089822
H       18.8639088164     1.1381418703     5.7572490709
H       20.2048854369     0.7899454598     6.8638772694
H       21.5589057559     3.6683100347     6.6356149780
H       21.3201732204     2.8270243974     8.1726783516
H       20.6425526568     4.4445649293     7.9369541835
Si       16.4810756063     3.3278949441     4.5339330309
O       16.2711074310     4.9476951640     4.4937780867
O       17.9945357403     2.9701165393     4.0568975105
O       15.4479204759     2.5897106667     3.5012700195
O       16.2136808727     2.7649472320     6.0509973016
Si       16.1419544799     6.5880931044     4.4235915728
Si       14.3272951213     2.6422077447     2.2926336252
Si       18.6388491387     2.5723910763     2.5967160914
Si       15.7197971187     1.3344127965     6.7308468326
H       17.3787655497     7.1955446931     3.8149927311
H       15.0590370643     6.6307232265     3.4327795418
H       15.7964589029     7.5994266762     5.6016023810
H       12.9700782632     3.3764891971     2.3315345188
H       14.9142924705     3.0777208695     0.9903261336
H       18.1297384502     3.4363230641     1.4805446550
H       14.1151233067     1.2391897651     2.3563490168
H       18.2358859947     1.1832193315     2.3611315788
H       16.4589080207     1.0340250038     8.0033328016
H       14.2385451221     1.2972760435     7.0459288509
H       20.1097883620     2.6971522952     2.6935921692
H       16.0082553275     0.2422803402     5.7627652065
32
# Point -8 Energy = 0.0
C       20.8048369640     3.5299784881     7.4596921381
H       19.0663516189     3.5862865191     6.1965446380
C       19.5369790465     2.8900871755     6.8995266192
H       18.8165789533     2.7347072899     7.7130368101
H       20.5262311641     1.6923344602     5.3794504963
C       19.8023012035     1.5613532865     6.1932892763
H       18.8868246170     1.1421337681     5.7596751780
H       20.2181385576     0.8210134984     6.8854592185
H       21.5310117182     3.7175135235     6.6599716272
H       21.2841051260     2.8805415052     8.1981165572
H       20.5859570789     4.4866799534     7.9448881612
Si       16.4790000711     3.3160951518     4.5002668876
O       16.2678860300     4.9358678904     4.4945619634
O       17.9978811482     2.9699550787     4.0277189059
O       15.4557757845     2.6004131889     3.4419726105
O       16.1981424854     2.7256614215     6.0035402771
Si       16.2024818945     6.5797510220     4.4218027796
Si       14.2470145052     2.6503053448     2.3218242290
Si       18.6835549430     2.5498053810     2.5921959082
Si       15.7290492958     1.2910507942     6.6895159911
H       17.4750971941     7.1387374940     3.8441939749
H       15.1372331255     6.6952976113     3.4120707990
H       15.8808540060     7.5626005211     5.6192924126
H       12.9247237662     3.4143183004     2.4944903187
H       14.7330321015     3.0838011092     0.9776076888
H       18.1904407622     3.3959328897     1.4571263657
H       13.9956366325     1.2451037829     2.3808956828
H       18.2994176559     1.1515649715     2.3590950951
H       16.4596246353     1.0099396988     7.9721773489
H       14.2462704269     1.2294260292     6.9879888932
H       20.1561531918     2.6843814905     2.7090537967
H       16.0493948965     0.2006633601     5.7301227112
32
# Point -7 Energy = 0.0
C       20.7704867647     3.5654900532     7.4743887768
H       19.0466169468     3.5950949725     6.1895744684
C       19.5179296598     2.9075093989     6.9007461839
H       18.7895736622     2.7448712378     7.7057193656
H       20.5423074581     1.7180009744     5.3972820572
C       19.8099492853     1.5801672560     6.2024006050
H       18.9056202756     1.1466461028     5.7593124725
H       20.2270336820     0.8477757096     6.9022324709
H       21.5041457993     3.7596940039     6.6831439767
H       21.2486642177     2.9245920472     8.2209231836
H       20.5333302921     4.5208567360     7.9535381239
Si       16.4763637445     3.3114675799     4.4696403092
O       16.2667128598     4.9307540882     4.5018577356
O       17.9993044243     2.9748810835     3.9990419255
O       15.4603599863     2.6227843920     3.3865498857
O       16.1833067195     2.6913773047     5.9577133168
Si       16.2616346574     6.5752858235     4.4192875719
Si       14.1754894318     2.6490752567     2.3542179689
Si       18.7238595572     2.5356291140     2.5878639235
Si       15.7360028893     1.2531970741     6.6479680031
H       17.5653647723     7.0839581406     3.8681591480
H       15.2163498270     6.7560784738     3.3927379999
H       15.9610372058     7.5335370090     5.6311018140
H       12.8915417678     3.4298940948     2.6425533280
H       14.5604922782     3.0758149115     0.9752606558
H       18.2470787012     3.3672618167     1.4369462966
H       13.8975801746     1.2408051702     2.4226903940
H       18.3567361796     1.1294998299     2.3548176814
H       16.4577473211     0.9873749123     7.9397317687
H       14.2522867475     1.1699563900     6.9306869328
H       20.1980981640     2.6779576608     2.7235319312
H       16.0849751469     0.1660133814     5.6955450850
32
# Point -6 Energy = 0.0
C       20.7388329098     3.5940601124     7.4877650818
H       19.0286011184     3.6025746998     6.1836825047
C       19.4998891240     2.9215555366     6.9013751771
H       18.7644348370     2.7518577729     7.6984087442
H       20.5547515884     1.7408705854     5.4118269893
C       19.8148656193     1.5963760643     6.2088532420
H       18.9205011804     1.1512115268     5.7569301799
H       20.2323756285     0.8700413186     6.9147166129
H       21.4792436009     3.7947368591     6.7044727092
H       21.2153344873     2.9595957037     8.2408250081
H       20.4860127028     4.5476356139     7.9624017305
Si       16.4728290755     3.3134995933     4.4430576828
O       16.2674539670     4.9316371271     4.5161839009
O       17.9983514076     2.9841619994     3.9714536874
O       15.4609557647     2.6560431302     3.3367330533
O       16.1691439508     2.6622347172     5.9147295423
Si       16.3177553944     6.5742737459     4.4164537213
Si       14.1138047274     2.6403297211     2.3874205019
Si       18.7587004826     2.5283474568     2.5838680625
Si       15.7408008241     1.2210279446     6.6079238325
H       17.6475518697     7.0326302451     3.8870121141
H       15.2933107623     6.8116011923     3.3749296525
H       16.0355875298     7.5119572027     5.6379471000
H       12.8679483373     3.4283427682     2.7716849415
H       14.4023443916     3.0550239913     0.9812071916
H       18.2979975751     3.3484561984     1.4199134739
H       13.8218058478     1.2274589130     2.4751289061
H       18.4066425300     1.1153703260     2.3489712187
H       16.4540187114     0.9668594664     7.9076145235
H       14.2566538807     1.1192683694     6.8762209878
H       20.2347099391     2.6762760425     2.7365691630
H       16.1147708344     0.1379860557     5.6608841227
32
# Point -5 Energy = 0.0
C       20.7108904289     3.6161374170     7.4995159588
H       19.0127263476     3.6086494715     6.1789252892
C       19.4835866869     2.9323908232     6.9015970966
H       18.7420591060     2.7561601707     7.6915653546
H       20.5640062555     1.7603795513     5.4232841077
C       19.8176615319     1.6097468706     6.2131185053
H       18.9318538110     1.1553791815     5.7533322211
H       20.2350751238     0.8878125160     6.9235374070
H       21.4571501220     3.8227711957     6.7233638807
H       21.1854438380     2.9862658445     8.2576317187
H       20.4450946317     4.5677366313     7.9709682419
Si       16.4681971031     3.3213829013     4.4213459340
O       16.2700492878     4.9375176386     4.5377795729
O       17.9947378963     2.9968867025     3.9454670097
O       15.4571189774     2.6989662941     3.2940185339
O       16.1556668599     2.6380907946     5.8756703814
Si       16.3691715116     6.5760798692     4.4135855279
Si       14.0626327684     2.6262284994     2.4191816816
Si       18.7873773381     2.5263114525     2.5803591112
Si       15.7436955337     1.1944651144     6.5709968076
H       17.7198889881     6.9860384648     3.9009325294
H       15.3649909886     6.8604258994     3.3586652076
H       16.1029352539     7.4971499334     5.6406225567
H       12.8514318248     3.4145508108     2.8794617247
H       14.2636248215     3.0238532489     0.9926597871
H       18.3419412640     3.3374111326     1.4058827400
H       13.7675701419     1.2072193783     2.5317130310
H       18.4484130349     1.1073706678     2.3422581421
H       16.4492048866     0.9487951509     7.8773766967
H       14.2595328250     1.0773827810     6.8266207077
H       20.2654271593     2.6777421472     2.7477950655
H       16.1388242520     0.1160034450     5.6279328298
32
# Point -4 Energy = 0.0
C       20.6874876922     3.6323421570     7.5093831058
H       18.9993674312     3.6132405206     6.1753009482
C       19.4696739650     2.9402469243     6.9015851117
H       18.7232108054     2.7582932667     7.6855961254
H       20.5706360203     1.7761175150     5.4319485897
C       19.8190136727     1.6201544513     6.2157193913
H       18.9402106135     1.1587292230     5.7493335143
H       20.2360830670     0.9012641336     6.9294186504
H       21.4385760867     3.8441417725     6.7393134607
H       21.1600978333     3.0055561428     8.2712480140
H       20.4113795377     4.5820197388     7.9787273231
Si       16.4624275658     3.3340731773     4.4050988993
O       16.2745319177     4.9471916854     4.5665621015
O       17.9883629527     3.0120107147     3.9214888739
O       15.4487093291     2.7499712897     3.2595830684
O       16.1429464049     2.6185543977     5.8414216195
Si       16.4142539256     6.5799100592     4.4108434491
Si       14.0222209619     2.6091721709     2.4474906874
Si       18.8095654023     2.5278124791     2.5774785670
Si       15.7450422088     1.1732071157     6.5386171903
H       17.7808797347     6.9453109186     3.9101492085
H       15.4283709381     6.9011930652     3.3438688832
H       16.1613800409     7.4880346884     5.6397990439
H       12.8398854231     3.3930168195     2.9648054140
H       14.1483573563     2.9858351692     1.0064879942
H       18.3780980107     3.3318791287     1.3946506726
H       13.7326831035     1.1828302945     2.5864859827
H       18.4818040057     1.1036210843     2.3353848646
H       16.4440634527     0.9334590879     7.8504347197
H       14.2611909456     1.0439817971     6.7836470487
H       20.2900386800     2.6808313023     2.7569376457
H       16.1574315150     0.0992997088     5.5983551911
32
# Point -3 Energy = 0.0
C       20.6692315904     3.6434329714     7.5171598853
H       18.9888388832     3.6162770691     6.1727357055
C       19.4586954960     2.9454138984     6.9014896110
H       18.7084919055     2.7587855783     7.6808287600
H       20.5752833959     1.7878207457     5.4382140567
C       19.8196197472     1.6275746130     6.2172193248
H       18.9462103353     1.1608851127     5.7457366823
H       20.2363296409     0.9107194033     6.9331709574
H       21.4240642091     3.8593759702     6.7519256252
H       21.1401287738     3.0186085233     8.2816793389
H       20.3853601033     4.5914515986     7.9851731045
Si       16.4556441191     3.3503581909     4.3946279486
O       16.2810310828     4.9593363475     4.6020933890
O       17.9793111872     3.0284014698     3.8997910202
O       15.4358996845     2.8072092652     3.2342079887
O       16.1311168631     2.6030364103     5.8126149685
Si       16.4514782870     6.5848615776     4.4082902120
Si       13.9923999214     2.5916805619     2.4706576280
Si       18.8253095477     2.5311421432     2.5753466317
Si       15.7452809320     1.1567766223     6.5119632095
H       17.8293127532     6.9114103160     3.9149534981
H       15.4806913191     6.9326808398     3.3304302903
H       16.2091369755     7.4832103387     5.6360696731
H       12.8318212675     3.3678448928     3.0276927221
H       14.0592631840     2.9453800484     1.0196211073
H       18.4061190123     3.3295612319     1.3859530041
H       13.7137958401     1.1572373984     2.6343197398
H       18.5070342240     1.1022310561     2.3290374189
H       16.4393083339     0.9210230174     7.8280072161
H       14.2619921007     1.0184741536     6.7487013646
H       20.3086659998     2.6841262000     2.7638307901
H       16.1711138847     0.0869744341     5.5736224877
32
# Point -2 Energy = 0.0
C       20.6564843109     3.6502743543     7.5226929103
H       18.9813799589     3.6177096474     6.1710754166
C       19.4510633812     2.9482342776     6.9014265103
H       18.6983177993     2.7581765073     7.6774900508
H       20.5786251527     1.7953614123     5.4425661929
C       19.8201562537     1.6320766578     6.2182058545
H       18.9505546042     1.1615260788     5.7433066568
H       20.2366713274     0.9166241748     6.9356713047
H       21.4139652274     3.8691482245     6.7609245392
H       21.1260626730     3.0267009553     8.2890300907
H       20.3672072081     4.5970749157     7.9898092384
Si       16.4481199396     3.3689330831     4.3899296574
O       16.2897539113     4.9725991125     4.6435709659
O       17.9678392450     3.0448872471     3.8804878810
O       15.4191570550     2.8686693538     3.2182243518
O       16.1203675673     2.5908102024     5.7895853504
Si       16.4794943633     6.5899658169     4.4059322271
Si       13.9726161759     2.5762593238     2.4873786025
Si       18.8349944520     2.5346473235     2.5740504753
Si       15.7449083595     1.1445768547     6.4919053433
H       17.8642637524     6.8851106484     3.9157146373
H       15.5196150995     6.9538538335     3.3182742476
H       16.2444261285     7.4809954453     5.6300177048
H       12.8264486470     3.3428130881     3.0688987892
H       13.9976041312     2.9073968036     1.0294307215
H       18.4261033318     3.3281914385     1.3794660192
H       13.7067895858     1.1332762858     2.6710563490
H       18.5247420709     1.1013584927     2.3238560450
H       16.4355742245     0.9115810339     7.8110607303
H       14.2623724297     1.0000731286     6.7227545923
H       20.3217270599     2.6863448566     2.7684142724
H       16.1805751732     0.0780514214     5.5549576314
32
# Point -1 Energy = 0.0
C       20.6493557444     3.6538007951     7.5258828218
H       18.9771421032     3.6175221194     6.1700850452
C       19.4470398052     2.9490957126     6.9014689797
H       18.6929021167     2.7570141269     7.6756917639
H       20.5813328772     1.7987322951     5.4455683879
C       19.8212416465     1.6338133440     6.2192706662
H       18.9539640675     1.1603982490     5.7427446484
H       20.2378484860     0.9195185831     6.9378344688
H       21.4084283887     3.8742391434     6.7661612631
H       21.1181074259     3.0311919064     8.2934965812
H       20.3567761126     4.5999752048     7.9921583335
Si       16.4402488971     3.3884783482     4.3906750935
O       16.3009542706     4.9856843983     4.6898483826
O       17.9543510098     3.0603074398     3.8635248629
O       15.3991999908     2.9322899852     3.2114851521
O       16.1109246133     2.5810773495     5.7723484266
Si       16.4971913449     6.5942237976     4.4037622876
Si       13.9619878053     2.5652675349     2.4967809735
Si       18.8392975372     2.5367800994     2.5736334959
Si       15.7444414416     1.1359529128     6.4789679665
H       17.8850781912     6.8669742025     3.9128886125
H       15.5433701500     6.9638926368     3.3074148060
H       16.2655878359     7.4794659325     5.6222840708
H       12.8236304347     3.3214561929     3.0898161028
H       13.9631742011     2.8768247994     1.0340345620
H       18.4385568000     3.3256137599     1.3748118705
H       13.7072018636     1.1134814620     2.6935303211
H       18.5359227488     1.0992655124     2.3204089837
H       16.4333824740     0.9051816195     7.8002684658
H       14.2628040425     0.9878821103     6.7063017359
H       20.3298885006     2.6863597654     2.7707260605
H       16.1866476729     0.0715406611     5.5432901676
32
# Point 0 Energy = 0
C       20.6477110000     3.6549790000     7.5266840000
H       18.9761800000     3.6157410000     6.1694560000
C       19.4467280000     2.9484220000     6.9016430000
H       18.6922510000     2.7558520000     7.6754250000
H       20.5840390000     1.7980300000     5.4478400000
C       19.8234060000     1.6330100000     6.2209870000
H       18.9571360000     1.1573250000     5.7446630000
H       20.2404540000     0.9200090000     6.9405780000
H       21.4074060000     3.8754920000     6.7676150000
H       21.1161610000     3.0334640000     8.2953550000
H       20.3536290000     4.6012450000     7.9917750000
Si       16.4325060000     3.4077350000     4.3962220000
O       16.3148940000     4.9974300000     4.7394840000
O       17.9393640000     3.0735620000     3.8486780000
O       15.3769370000     2.9960700000     3.2133680000
O       16.1030250000     2.5730330000     5.7606000000
Si       16.5037570000     6.5966350000     4.4017980000
Si       13.9593780000     2.5607940000     2.4984440000
Si       18.8391290000     2.5361430000     2.5740860000
Si       15.7443760000     1.1302530000     6.4733110000
H       17.8913405600     6.8573308000     3.9070238400
H       15.5508605600     6.9622108000     3.2979838400
H       16.2712205600     7.4764908000     5.6136238400
H       12.8237502400     3.3071035200     3.0923555200
H       13.9544302400     2.8581435200     1.0324755200
H       18.4443303200     3.3198514400     1.3715668800
H       13.7106302400     1.1000235200     2.6995155200
H       18.5418503200     1.0943714400     2.3191668800
H       16.4331100800     0.9018602400     7.7959848800
H       14.2637500800     0.9809802400     6.6993448800
H       20.3340103200     2.6832114400     2.7708868800
H       16.1902300800     0.0665002400     5.5392248800
32
# Point 1 Energy = 0.0
C       20.6511924296     3.6547733644     7.5251017706
H       18.9784468571     3.6124408122     6.1688211107
C       19.4500730278     2.9466637697     6.9019277166
H       18.6961692144     2.7552449132     7.6765648040
H       20.5873099574     1.7934403407     5.4500301659
C       19.8270698220     1.6299550619     6.2238881857
H       18.9607074062     1.1522160735     5.7495662308
H       20.2449162413     0.9187446902     6.9447857587
H       21.4106703512     3.8737732028     6.7653862894
H       21.1198395977     3.0348744285     8.2949440267
H       20.3570722916     4.6019498775     7.9882590867
Si       16.4254010955     3.4255690453     4.4056525075
O       16.3318026140     5.0068646232     4.7908176490
O       17.9234675123     3.0836546623     3.8355648543
O       15.3533907862     3.0581698422     3.2228138457
O       16.0968866862     2.5659233731     5.7537406887
Si       16.4987260256     6.5962195224     4.4001133795
Si       13.9634844621     2.5645524531     2.4923853748
Si       18.8355574876     2.5315260511     2.5753356579
Si       15.7451440350     1.1268824525     6.4747369984
H       17.8828367810     6.8562565930     3.8987702649
H       15.5417331443     6.9484681058     3.2902332215
H       16.2603337540     7.4697656288     5.6049448460
H       12.8275400266     3.3028410291     3.0789002956
H       13.9687463371     2.8549415843     1.0247478768
H       18.4445343522     3.3091646918     1.3692710537
H       13.7130626868     1.0947532830     2.6876297958
H       18.5439826319     1.0852993699     2.3204775174
H       16.4349651348     0.9016666470     7.7982413699
H       14.2656163896     0.9784993004     6.7014113706
H       20.3350809190     2.6761151373     2.7690711195
H       16.1922205419     0.0620920698     5.5430305268
32
# Point 2 Energy = 0.0
C       20.6592540137     3.6541047222     7.5211876371
H       18.9837973929     3.6077446033     6.1677742095
C       19.4568704044     2.9442839926     6.9022572497
H       18.7042746029     2.7557383378     7.6788796022
H       20.5916223727     1.7852225140     5.4527849679
C       19.8325264246     1.6249882465     6.2284429776
H       18.9652184581     1.1450751520     5.7578314187
H       20.2514860360     0.9163922876     6.9512653711
H       21.4178427310     3.8699269484     6.7596850347
H       21.1285187420     3.0366985576     8.2926425976
H       20.3662094945     4.6030857710     7.9812703252
Si       16.4194333675     3.4410277844     4.4178283809
O       16.3518428835     5.0132499707     4.8420626710
O       17.9072817090     3.0897356930     3.8236701951
O       15.3296198916     3.1170015062     3.2383932631
O       16.0926799000     2.5590969515     5.7509177126
Si       16.4820139047     6.5920438687     4.3988557730
Si       13.9729261337     2.5778004370     2.4790271978
Si       18.8297401147     2.5219441303     2.5772487681
Si       15.7470753096     1.1253515406     6.4827160032
H       17.8595150613     6.8635703916     3.8888869259
H       15.5163880224     6.9225803823     3.2845056346
H       16.2324930129     7.4568660555     5.5973067639
H       12.8358900133     3.3113752047     3.0522876257
H       14.0027197638     2.8695815591     1.0116832156
H       18.4404577786     3.2921041888     1.3674452365
H       13.7111240700     1.0993030138     2.6572699932
H       18.5438707387     1.0709235076     2.3245539218
H       16.4389707034     0.9046889525     7.8067568221
H       14.2687067457     0.9796897475     6.7115965699
H       20.3341579184     2.6644723327     2.7654880273
H       16.1934528844     0.0576336487     5.5546432674
32
# Point 3 Energy = 0.0
C       20.6712054076     3.6538144213     7.5150300676
H       18.9919967562     3.6018194830     6.1658927279
C       19.4667835784     2.9417426908     6.9025251449
H       18.7160239085     2.7578551678     7.6820473766
H       20.5973453459     1.7736960495     5.4567143502
C       19.8399328974     1.6184895323     6.2350347485
H       18.9710838555     1.1360036625     5.7696973321
H       20.2602352120     0.9136149924     6.9607095510
H       21.4284295590     3.8647370542     6.7508098419
H       21.1413869788     3.0400830496     8.2888428129
H       20.3800038848     4.6055403227     7.9705376792
Si       16.4150496745     3.4533760126     4.4314642586
O       16.3750845424     5.0160971012     4.8914086839
O       17.8914166926     3.0911333863     3.8123836004
O       15.3066429736     3.1712910279     3.2584022991
O       16.0905036663     2.5520390296     5.7510864007
Si       16.4539281257     6.5832442358     4.3982500125
Si       13.9863261847     2.6012976909     2.4591319384
Si       18.8228513471     2.5066636873     2.5796387340
Si       15.7503693443     1.1253069494     6.4964345670
H       17.8214496925     6.8788336029     3.8782537030
H       15.4759257457     6.8847273147     3.2811873473
H       16.1879416295     7.4353134074     5.5918837967
H       12.8496893550     3.3348447062     3.0157626826
H       14.0525076341     2.9030366354     0.9947190005
H       18.4334806103     3.2675485757     1.3656127997
H       13.7022141475     1.1152023548     2.6085639981
H       18.5430683367     1.0504049080     2.3314746710
H       16.4449630496     0.9110674687     7.8209698179
H       14.2731896924     0.9839639983     6.7286379857
H       20.3323084148     2.6478789276     2.7603631775
H       16.1946423567     0.0526345533     5.5736942526
32
# Point 4 Energy = 0.0
C       20.6862591908     3.6546384097     7.5067446749
H       19.0027337095     3.5948690011     6.1627621419
C       19.4793674250     2.9394834158     6.9025926066
H       18.7307460669     2.7620819458     7.6856774195
H       20.6047296823     1.7592323783     5.4623652873
C       19.8493094719     1.6108705016     6.2439487297
H       18.9785744641     1.1252011084     5.7852644715
H       20.2710649454     0.9110582465     6.9736676297
H       21.4418600390     3.8589011603     6.7391246838
H       21.1575041352     3.0460136612     8.2839240300
H       20.3973425275     4.6100636161     7.9558649741
Si       16.4126134188     3.4621153350     4.4452093444
O       16.4014946723     5.0151624292     4.9371261079
O       17.8764353412     3.0873740900     3.8010394231
O       15.2853756748     3.2201200477     3.2809743357
O       16.0903695508     2.5443913420     5.7530808745
Si       16.4151646426     6.5690531654     4.3985969328
Si       14.0023867729     2.6352875518     2.4337187673
Si       18.8160116491     2.4852184222     2.5822724287
Si       15.7550750049     1.1265479637     6.5148568018
H       17.7688277811     6.9013519166     3.8678984175
H       15.4220487835     6.8353751804     3.2806617422
H       16.1276951019     7.4026524668     5.5899047481
H       12.8697180454     3.3746062196     2.9728792650
H       14.1141376912     2.9548835518     0.9755996021
H       18.4249818949     3.2347298785     1.3633185205
H       13.6845557354     1.1439419203     2.5423615259
H       18.5430391803     1.0232154097     2.3411840453
H       16.4525969827     0.9209958364     7.8400822298
H       14.2790747253     0.9909213977     6.7510041831
H       20.3305489112     2.6261263689     2.7539092534
H       16.1963373819     0.0468180612     5.5995501616
32
# Point 5 Energy = 0.0
C       20.7035793819     3.6571874400     7.4964629390
H       19.0156387515     3.5871227023     6.1579988012
C       19.4940963515     2.9379196174     6.9022975771
H       18.7476813988     2.7688536147     7.6893337125
H       20.6139022532     1.7422468000     5.4701998542
C       19.8605452533     1.6025646926     6.2553648385
H       18.9878077730     1.1129597463     5.8045022797
H       20.2837206262     0.9093370712     6.9905254262
H       21.4575238563     3.8530123799     6.7250332771
H       21.1758606225     3.0552920963     8.2782280071
H       20.4171004116     4.6172455747     7.9371316244
Si       16.4123851382     3.4669839945     4.4577299338
O       16.4309402507     5.0104245104     4.9776588290
O       17.8628242454     3.0781904365     3.7889625618
O       15.2665847180     3.2629362250     3.3041989096
O       16.0921962814     2.5359552502     5.7556889066
Si       16.3667799224     6.5488255299     4.4002613398
Si       14.0199432559     2.6795190662     2.4039706467
Si       18.8102292757     2.4574133629     2.5848856779
Si       15.7610865859     1.1290255573     6.5367957374
H       17.7019494985     6.9301844844     3.8590217786
H       15.3569140053     6.7752887215     3.2832667346
H       16.0535772452     7.3565486545     5.5925599368
H       12.8965798389     3.4310597409     2.9273335527
H       14.1837606521     3.0234602627     0.9560688459
H       18.4162612693     3.1932417990     1.3601508228
H       13.6571682898     1.1869703365     2.4602385762
H       18.5450825722     0.9891461520     2.3535073942
H       16.4613667974     0.9347125756     7.8631141960
H       14.2862079927     1.0003490935     6.7769951727
H       20.3297954022     2.5992000591     2.7463091305
H       16.1988906832     0.0401244519     5.6313683396
32
# Point 6 Energy = 0.0
C       20.7223269348     3.6619356169     7.4843216109
H       19.0303046577     3.5788247541     6.1512698798
C       19.5103943051     2.9374227809     6.9014647724
H       18.7660233033     2.7785393881     7.6925588122
H       20.6248653559     1.7231904694     5.4805807421
C       19.8734094925     1.5940173455     6.2693573865
H       18.9987474768     1.0996538527     5.8272633115
H       20.2978120470     0.9090251786     7.0114959879
H       21.4748052102     3.8475499778     6.7089544789
H       21.1954331123     3.0685239890     8.2720385330
H       20.4381990137     4.6275033132     7.9142897150
Si       16.4145153410     3.4679419211     4.4677854093
O       16.4632024184     5.0020490408     5.0116991124
O       17.8509731726     3.0635186329     3.7755131885
O       15.2508612365     3.2995394756     3.3262356727
O       16.0958142333     2.5266823570     5.7577236785
Si       16.3101445294     6.5220636778     4.4036562514
Si       14.0379991321     2.7332961038     2.3711411834
Si       18.8063545560     2.4233169462     2.5872017534
Si       15.7681533968     1.1328280664     6.5609868712
H       17.6212485166     6.9641582764     3.8530206961
H       15.2829584794     6.7055339145     3.2892705860
H       15.9681962452     7.2948971974     5.6008926627
H       12.9306701911     3.5035504888     2.8827385358
H       14.2578304114     3.1061383334     0.9376056336
H       18.4084736259     3.1430326042     1.3557624535
H       13.6197964913     1.2456077063     2.3644915706
H       18.5502753505     0.9483002016     2.3681736433
H       16.4706378494     0.9524848771     7.8889639618
H       14.2942843244     1.0122052950     6.8048432879
H       20.3308229636     2.5672718402     2.7377052409
H       16.2024472258     0.0326983775     5.6681587368
32
# Point 7 Energy = 0.0
C       20.7416992821     3.6692177207     7.4704544876
H       19.0463073906     3.5702229418     6.1423094348
C       19.5276645320     2.9383132393     6.8999164302
H       18.7849595214     2.7914314127     7.6948971353
H       20.6375013937     1.7025415393     5.4937650244
C       19.8875679132     1.5856744537     6.2859015998
H       19.0112122810     1.0857238497     5.8533029314
H       20.3128383557     0.9106454123     7.0366218052
H       21.4931110059     3.8428787646     6.6913012737
H       21.2152335013     3.0861180862     8.2655679987
H       20.4596551715     4.6410795929     7.8873589805
Si       16.4190481412     3.4651440118     4.4742917513
O       16.4979983902     4.9903472859     5.0382399140
O       17.8411633040     3.0434855476     3.7601265059
O       15.2386127339     3.3300476463     3.3454137882
O       16.1009783668     2.5166551638     5.7580869995
Si       16.2468815464     6.4884374894     4.4092258501
Si       14.0557420653     2.7955480359     2.3364693258
Si       18.8050485515     2.3832410254     2.5889505118
Si       15.7759015137     1.1381561990     6.5861582265
H       17.5273296484     7.0018861453     3.8515030605
H       15.2027176025     6.6274635339     3.2988710944
H       15.8748581894     7.2159341026     5.6156870131
H       12.9721666978     3.5903790487     2.8423679597
H       14.3332121749     3.1996623089     0.9212403007
H       18.4025795405     3.0843826827     1.3498871565
H       13.5728120486     1.3208922864     2.2580894914
H       18.5594334075     0.9010689213     2.3848417534
H       16.4796865248     0.9745871729     7.9164682802
H       14.3028737111     1.0265888173     6.8328068348
H       20.3342367355     2.5306854992     2.7281951518
H       16.2069493577     0.0248620622     5.7088472887
32
# Point 8 Energy = 0.0
C       20.7609621776     3.6792343159     7.4549876723
H       19.0632255466     3.5615590268     6.1309301017
C       19.5453172010     2.9408540420     6.8974833748
H       18.8037102846     2.8077373072     7.6959167561
H       20.6515826604     1.6807948135     5.5099055110
C       19.9026030635     1.5779711903     6.3048857930
H       19.0248928231     1.0716563531     5.8823023386
H       20.3282166820     0.9146610355     7.0657873327
H       21.5118922505     3.8392555200     6.6724649967
H       21.2343493432     3.1082950268     8.2589521175
H       20.4806179060     4.6580516381     7.8564213407
Si       16.4259328736     3.4589060442     4.4763688834
O       16.5350064500     4.9757334512     5.0566033552
O       17.8335633000     3.0183877159     3.7423444758
O       15.2300704217     3.3548479611     3.3603100307
O       16.1073869845     2.5060615627     5.7558202791
Si       16.1787949856     6.4477958763     4.4174292466
Si       14.0725440017     2.8649137906     2.3011078440
Si       18.8067661418     2.3377105267     2.5898856855
Si       15.7838645580     1.1452915561     6.6110923684
H       17.4210182703     7.0417877827     3.8562876293
H       15.1186549429     6.5426808751     3.3122185688
H       15.7774235756     7.1183375700     5.6373641410
H       13.0210299088     3.6889266679     2.8089082823
H       14.4072303125     3.3005021958     0.9074691547
H       18.3993121473     3.0178689646     1.3423503454
H       13.5171035621     1.4133930314     2.1445621934
H       18.5730930640     0.8480942318     2.4031274100
H       16.4877451257     1.0012777189     7.9444595601
H       14.3114581636     1.0437006126     6.8592507577
H       20.3404548730     2.4899354181     2.7178321256
H       16.2121569987     0.0170781771     5.7523356880
32
# Point 9 Energy = 0.0
C       20.7794731565     3.6920630166     7.4380386377
H       19.0806569099     3.5530610352     6.1170303551
C       19.5627935048     2.9452478936     6.8940158913
H       18.8215612755     2.8275770602     7.6952290506
H       20.6667857517     1.6584498212     5.5290581376
C       19.9180375228     1.5713200845     6.3261274999
H       19.0393750423     1.0579617174     5.9138926728
H       20.3433132540     0.9214677814     7.0987396200
H       21.5306586627     3.8368403440     6.6528053041
H       21.2519750970     3.1351035258     8.2522526916
H       20.5003923497     4.6783484464     7.8216161706
Si       16.4350403005     3.4496674429     4.4733705508
O       16.5738897704     4.9586852341     5.0664469782
O       17.8282315503     2.9886647948     3.7218377248
O       15.2253072638     3.3745408564     3.3698023868
O       16.1147032546     2.4951667798     5.7501415192
Si       16.1077937952     6.4001670620     4.4287260895
Si       14.0879496333     2.9398313517     2.2660687447
Si       18.8117522677     2.2874254244     2.5897983342
Si       15.7915196892     1.1545628378     6.6346775724
H       17.3034139517     7.0821125679     3.8693837833
H       15.0330200028     6.4529805289     3.3294584745
H       15.6801182608     7.0013090363     5.6658972625
H       13.0770066445     3.7958808921     2.7842575761
H       14.4776735988     3.4051721249     0.8962644404
H       18.3991595963     2.9443193965     1.3330726383
H       13.4539633350     1.5230292144     2.0278175680
H       18.5915107466     0.7902203575     2.4226267616
H       16.4940479681     1.0327762023     7.9718170399
H       14.3194740590     1.0638028055     6.8827111334
H       20.3497029616     2.4456394820     2.7066288949
H       16.2176794230     0.0099068814     5.7975538550
32
# Point 10 Energy = 0.0
C       20.7966967674     3.7076740542     7.4197186126
H       19.0982312046     3.5449376612     6.1005975161
C       19.5795853600     2.9516369307     6.8893937929
H       18.8378900223     2.8509842349     7.6925056479
H       20.6827098400     1.6359977956     5.5511933956
C       19.9333587054     1.5660995986     6.3493916641
H       19.0541680067     1.0451509052     5.9476782420
H       20.3574757137     0.9313869846     7.1351143227
H       21.5489871581     3.8357108876     6.6326453668
H       21.2674343809     3.1664416670     8.2454671578
H       20.5184511998     4.7017741217     7.7831367589
Si       16.4461801637     3.4379543483     4.4648974538
O       16.6143157770     4.9397101538     5.0677513020
O       17.8251227005     2.9548699813     3.6984171185
O       15.2242617338     3.3898820389     3.3730991945
O       16.1225766153     2.4842856979     5.7404683090
Si       16.0358167556     6.3457463489     4.4435641010
Si       14.1016577138     3.0186260441     2.2321861872
Si       18.8200491797     2.2332181968     2.5885252713
Si       15.7983249761     1.1663132849     6.6559470242
H       17.1759398365     7.1209629487     3.8929477879
H       14.9477449952     6.3602687709     3.3507865261
H       15.5873143192     6.8646257759     5.7007528820
H       13.1396329869     3.9075300726     2.7694019701
H       14.5427761436     3.5104817882     0.8871610300
H       18.4023611706     2.8647611458     1.3220661371
H       13.3849755945     1.6489370857     1.9118966777
H       18.6146780943     0.7284394219     2.4429350701
H       16.4978752377     1.0692447444     7.9975103598
H       14.3263551459     1.0871797568     6.9019426459
H       20.3620185154     2.3985081340     2.6945628285
H       16.2230145861     0.0039614189     5.8435030061
32
# Point 11 Energy = 0.0
C       20.8122122586     3.7259484063     7.4001372343
H       19.1156186402     3.5373746959     6.0817068258
C       19.5952502680     2.9601049700     6.8835350242
H       18.8521850022     2.8779110233     7.6874922243
H       20.6988978247     1.6139084770     5.5762098158
C       19.9480439992     1.5626439203     6.3744091160
H       19.0687341269     1.0337134976     5.9832574181
H       20.3700652537     0.9446604077     7.1744643364
H       21.5665251913     3.8358778013     6.6122710557
H       21.2801938876     3.2020812584     8.2385428855
H       20.5344349617     4.7280346605     7.7412277225
Si       16.4591174763     3.4243453852     4.4507957477
O       16.6559690987     4.9193186823     5.0607930701
O       17.8240966808     2.9176395996     3.6720355832
O       15.2267628844     3.4017271636     3.3697462643
O       16.1306617560     2.4737575663     5.7264280385
Si       15.9647627031     6.2848716610     4.4623679331
Si       14.1134992322     3.0995927627     2.2000955365
Si       18.8315121506     2.1760099490     2.5859521542
Si       15.8037547997     1.1808719171     6.6741062467
H       17.0403797345     7.1563166605     3.9292144159
H       14.8643858851     6.2664690153     3.3765075344
H       15.5032980585     6.7086611505     5.7408628708
H       13.2082381529     4.0200862427     2.7643863047
H       14.6011892448     3.6137035570     0.8793918075
H       18.4089146500     2.7803662086     1.3094242712
H       13.3119082798     1.7894141030     1.8006901626
H       18.6423489717     0.6638353388     2.4636593416
H       16.4985917261     1.1107738099     8.0206348195
H       14.3315720894     1.1141042377     6.9159499247
H       20.3772636364     2.3493118964     2.6815810023
H       16.2275919747     -0.0001340254     5.8892886716
32
# Point 12 Energy = 0.0
C       20.8257146420     3.7466970661     7.3794081595
H       19.1325342769     3.5305332332     6.0605169916
C       19.6094212379     2.9706818236     6.8764022193
H       18.8640572575     2.9082364407     7.6800187629
H       20.7148592272     1.5926178923     5.6039478607
C       19.9615850282     1.5612347959     6.4008939175
H       19.0825198085     1.0240984174     6.0202403272
H       20.3804871689     0.9614474875     7.2162886538
H       21.5829899923     3.8373002655     6.5919326206
H       21.2898697746     3.2416936375     8.2313939271
H       20.5481426963     4.7567658938     7.6961826922
Si       16.4735858526     3.4094414797     4.4311437471
O       16.6985574603     4.8980039824     5.0461086167
O       17.8249288580     2.8776635865     3.6427815312
O       15.2325534621     3.4109819140     3.3596158313
O       16.1386336462     2.4639241814     5.7078572373
Si       15.8964293648     6.2179886433     4.4855284032
Si       14.1234155033     3.1810692178     2.1702261132
Si       18.8458311544     2.1167680595     2.5820116926
Si       15.8073307097     1.1985300403     6.6885497950
H       16.8988963870     7.1860460745     3.9804049803
H       14.7841074224     6.1734193799     3.4070892989
H       15.4320422068     6.5343732068     5.7846294427
H       13.2819526338     4.1299948727     2.7683799809
H       14.6519545324     3.7126538432     0.8720413235
H       18.4185924802     2.6923977162     1.2953067215
H       13.2366100648     1.9419567042     1.6976482199
H       18.6740747942     0.5975299928     2.4844250855
H       16.4956782972     1.1573736352     8.0404382511
H       14.3346655019     1.1448102896     6.9240046251
H       20.3951437111     2.2988497411     2.6676042354
H       16.2308154465     -0.0017815144     5.9341440952
32
# Point 13 Energy = 0.0
C       20.8370101178     3.7696803899     7.3576543976
H       19.1487385688     3.5245493398     6.0372626928
C       19.6218119185     2.9833492673     6.8680068087
H       18.8732447216     2.9417768202     7.6700060284
H       20.7300936654     1.5725182378     5.6342031104
C       19.9735099528     1.5620960873     6.4285586302
H       19.0949848390     1.0166985245     6.0582629963
H       20.3882184547     0.9818256166     7.2600596266
H       21.5981646374     3.8399009616     6.5718474724
H       21.2962273163     3.2848757345     8.2239180833
H       20.5595151382     4.7875607465     7.6483414411
Si       16.4892971026     3.3938402129     4.4062298424
O       16.7418109850     4.8762273096     5.0244512728
O       17.8273204483     2.8356580966     3.6108656838
O       15.2413091249     3.4185588227     3.3428816739
O       16.1461978823     2.4551118532     5.6847921888
Si       15.8324628911     6.1456082770     4.5133911264
Si       14.1314381433     3.2614989079     2.1428049140
Si       18.8625563274     2.0564676351     2.5766779763
Si       15.8086460124     1.2195234999     6.6988686586
H       16.7540265647     7.2079334819     4.0486147326
H       14.7077074318     6.0827696491     3.4432038430
H       15.3769974608     6.3432664226     5.8299629884
H       13.3597243328     4.2341958409     2.7798248822
H       14.6944836824     3.8056998518     0.8641906790
H       18.4309645931     2.6021596388     1.2799213257
H       13.1609148240     2.1033913856     1.6055189889
H       18.7092448973     0.5306348943     2.5048781415
H       16.4887546786     1.2089710039     8.0563398208
H       14.3352705501     1.1794730508     6.9256504903
H       20.4152301066     2.2479204333     2.6525297457
H       16.2321032300     -0.0004399940     5.9774450972
32
# Point 14 Energy = 0.0
C       20.8460068101     3.7946267580     7.3350124476
H       19.1640346743     3.5195348517     6.0122446153
C       19.6322172482     2.9980482328     6.8584105191
H       18.8796097304     2.9782977167     7.6574681739
H       20.7441137728     1.5539507340     5.6667382045
C       19.9834028596     1.5653914488     6.4571270574
H       19.1056290929     1.0118397353     6.0969980618
H       20.3928311770     1.0057937759     7.3052474696
H       21.6118917501     3.8435801675     6.5522030744
H       21.2991745033     3.3311755101     8.2160126205
H       20.5686120331     4.8199944580     7.5980857654
Si       16.5059471436     3.3781146165     4.3765244258
O       16.7854761941     4.8544078385     4.9967459771
O       17.8309088399     2.7923409885     3.5766032248
O       15.2526530464     3.4253410854     3.3199845841
O       16.1530963415     2.4476169631     5.6574528946
Si       15.7743191023     6.0682607358     4.5462437135
Si       14.1376718559     3.3394836952     2.1178689107
Si       18.8811254701     1.9960583788     2.5699582020
Si       15.8073832052     1.2440204215     6.7048498820
H       16.6086511397     7.2196822574     4.1356840486
H       14.6356725951     5.9958841047     3.4857498781
H       15.3409157572     6.1373342869     5.8743511437
H       13.4403454465     4.3303104005     2.7966420509
H       14.7285456134     3.8917111001     0.8550338183
H       18.4454261106     2.5109518661     1.2635049394
H       13.0865565277     2.2700840837     1.5261465771
H       18.7471291860     0.4642105265     2.5246829498
H       16.4775929135     1.2654106264     8.0679412519
H       14.3331323221     1.2181949245     6.9206985726
H       20.4369850918     2.1972984670     2.6362325561
H       16.2309230459     0.0043512440     6.0187177494
32
# Point 15 Energy = 0.0
C       20.8527018472     3.8212501189     7.3116344688
H       19.1782632834     3.5155789764     5.9858175797
C       19.6405101820     3.0146868373     6.8477242525
H       18.8831306051     3.0175264160     7.6425115431
H       20.7564665512     1.5372019908     5.7012933198
C       19.9909195898     1.5712252325     6.4863443280
H       19.1140155354     1.0097748112     6.1361624438
H       20.3940107254     1.0332795590     7.3513413163
H       21.6240655410     3.8482289665     6.5331590848
H       21.2987504512     3.3801162517     8.2075872756
H       20.5755855948     4.8536469829     7.5458334452
Si       16.5232187386     3.3627958372     4.3426483995
O       16.8293063353     4.8329155575     4.9640436367
O       17.8352777564     2.7484104136     3.5403933719
O       15.2661661928     3.4321529075     3.2915918095
O       16.1591084753     2.4416944850     5.6262223912
Si       15.7232364870     5.9864493756     4.5843011235
Si       14.1422802943     3.4138266942     2.0952839514
Si       18.9008922001     1.9364376238     2.5618834014
Si       15.8033238318     1.2721135578     6.7064699478
H       16.4659405563     7.2189253468     4.2430590527
H       14.5682563095     5.9137551250     3.5358522942
H       15.3257141259     5.9189915196     5.9149564299
H       13.5224914484     4.4167418545     2.8164682366
H       14.7542593541     3.9699789700     0.8439542582
H       18.4612285047     2.4200317607     1.2463053144
H       13.0150981206     2.4382022435     1.4603510464
H       18.7869207714     0.3992344653     2.5435190173
H       16.4621211507     1.3264599001     8.0750312075
H       14.3281117780     1.2609968278     6.9092145941
H       20.4597874588     2.1477154281     2.6185664323
H       16.2268208038     0.0129559630     6.0576403855
