32
# Point -15 Energy = 0.0
C       20.8715162803     3.7096481101     7.6092934353
H       18.9164369560     3.5432092211     6.1822672501
C       19.4943619190     2.9288768165     6.9011761910
H       18.6723917964     2.7999920503     7.6379917954
H       20.4967834280     2.1583533044     5.5650227281
C       19.9255722418     1.4289163603     6.1158783272
H       18.8840130157     1.5092693371     5.8749861826
H       20.1733192305     1.3083217770     7.1578922939
H       21.0891458070     3.6477694284     6.5512911912
H       20.8933404258     2.7399749018     8.0749510084
H       20.0760301364     4.4225601120     7.7215105063
Si       16.4718787228     3.3953228541     4.4094685623
O       16.3598315602     4.9851349185     4.7601415552
O       17.9727561093     3.0612187462     3.8509445814
O       15.4065080435     2.9914940137     3.2317024215
O       16.1487199452     2.5572889248     5.7732586624
Si       16.5503739301     6.5846709772     4.4273351290
Si       13.9842050796     2.5626085593     2.5247599357
Si       18.8643634146     2.5262007312     2.5692423393
Si       15.7917719991     1.1120515641     6.4818979142
H       17.9353334170     6.8440098661     3.9246293414
H       15.5912332507     6.9569114720     3.3311449050
H       16.3277687161     7.4603310393     5.6440814169
H       12.8539958578     3.3092199757     3.1287768092
H       13.9702792192     2.8656662528     1.0598932068
H       18.4633591475     3.3152239050     1.3717890676
H       13.7329566605     1.1015787836     2.7215550063
H       18.5615866800     1.0857999586     2.3099970795
H       16.4877775164     0.8767911844     7.7995349072
H       14.3115831728     0.9654404533     6.7172596547
H       20.3604775897     2.6685356526     2.7563588869
H       16.2283093311     0.0509107485     5.5411330679
32
# Point -14 Energy = 0.0
C       20.8619270882     3.7033847893     7.6017626005
H       18.9245858616     3.5466478892     6.1806273520
C       19.4959510019     2.9279390292     6.8998428050
H       18.6788447282     2.7946435635     7.6399074214
H       20.5004611488     2.1640218674     5.5665808777
C       19.9224710942     1.4404566759     6.1206063824
H       18.8789574528     1.5130546053     5.8782870949
H       20.1745922067     1.3098151623     7.1615786775
H       21.0921696022     3.6460545646     6.5451916717
H       20.8851268901     2.7356824389     8.0741753667
H       20.0683279347     4.4187744673     7.7242309267
Si       16.4724038616     3.3951951558     4.4094168778
O       16.3605504820     4.9849303030     4.7600975445
O       17.9732305001     3.0609260110     3.8505040989
O       15.4067936033     2.9913758144     3.2319318515
O       16.1495877571     2.5570861538     5.7732458264
Si       16.5510794806     6.5844947307     4.4272620267
Si       13.9842313730     2.5625448468     2.5253178404
Si       18.8643937298     2.5259056228     2.5685197221
Si       15.7927175582     1.1118962468     6.4820166627
H       17.9359239222     6.8437729567     3.9242035354
H       15.5916771258     6.9567803853     3.3313187077
H       16.3288258339     7.4601570934     5.6440691762
H       12.8542264127     3.3092083388     3.1296370567
H       13.9699597088     2.8656146706     1.0604653154
H       18.4631419068     3.3149760985     1.3712122708
H       13.7329865411     1.1015305592     2.7221805509
H       18.5615114146     1.0855435325     2.3093851364
H       16.4890956085     0.8765993365     7.7994514401
H       14.3126287503     0.9653496081     6.7177324957
H       20.3605858738     2.6681982972     2.7552940974
H       16.2290141466     0.0507411851     5.5411119496
32
# Point -13 Energy = 0.0
C       20.8521237295     3.6972511276     7.5942942360
H       18.9325950247     3.5501049142     6.1789882274
C       19.4973507443     2.9271133854     6.8985446039
H       18.6851098470     2.7894224628     7.6417916280
H       20.5045711844     2.1686857427     5.5675599844
C       19.9192643629     1.4520929135     6.1254481404
H       18.8739328915     1.5156675417     5.8810401477
H       20.1762318846     1.3098789637     7.1649400034
H       21.0957846996     3.6448587402     6.5394920182
H       20.8780287309     2.7320800003     8.0744169224
H       20.0614630475     4.4159799723     7.7277699624
Si       16.4727964542     3.3951178634     4.4093211355
O       16.3611114366     4.9847790967     4.7599876630
O       17.9735895066     3.0606927842     3.8500604664
O       15.4069799713     2.9912827531     3.2320958071
O       16.1502983038     2.5569467067     5.7731909354
Si       16.5516183670     6.5843699249     4.4271086182
Si       13.9841804850     2.5624828806     2.5257803780
Si       18.8643457632     2.5256641126     2.5678224107
Si       15.7935037261     1.1118089789     6.4821018831
H       17.9363573169     6.8435960912     3.9237284142
H       15.5919774248     6.9566775197     3.3313842133
H       16.3296771283     7.4600467796     5.6439606097
H       12.8543570980     3.3091937613     3.1303651035
H       13.9695959622     2.8655472127     1.0609381645
H       18.4628675662     3.3147633470     1.3706415238
H       13.7329497814     1.1014837859     2.7227219632
H       18.5613794738     1.0853344164     2.3088082840
H       16.4902243422     0.8764986519     7.7993542873
H       14.3135107663     0.9653140087     6.7181371359
H       20.3606097087     2.6679325462     2.7542897024
H       16.2295938705     0.0506330138     5.5410807868
32
# Point -12 Energy = 0.0
C       20.8420511930     3.6912788139     7.5869116273
H       18.9404182589     3.5536032864     6.1773612632
C       19.4985125009     2.9264264350     6.8972982436
H       18.6911333128     2.7843561945     7.6436567138
H       20.5091907313     2.1720685799     5.5678024088
C       19.9159109123     1.4638506483     6.1304257884
H       18.8689595611     1.5168002936     5.8830872851
H       20.1782993416     1.3081876429     7.1678608672
H       21.1002326791     3.6443704722     6.5343189085
H       20.8722814226     2.7293385176     8.0758798233
H       20.0556377462     4.4143979896     7.7323069885
Si       16.4730248847     3.3951019378     4.4091741078
O       16.3614762435     4.9846931149     4.7597987584
O       17.9738065020     3.0605319751     3.8496185850
O       15.4070451903     2.9912193299     3.2321804987
O       16.1508120299     2.5568851397     5.7730871144
Si       16.5519508503     6.5843077783     4.4268579999
Si       13.9840367087     2.5624213219     2.5261246450
Si       18.8642036904     2.5254871916     2.5671635543
Si       15.7940893395     1.1118057126     6.4821487313
H       17.9365969453     6.8434923241     3.9231964275
H       15.5921015231     6.9566081590     3.3313162348
H       16.3302717015     7.4600146905     5.6437343850
H       12.8543658603     3.3091740340     3.1309273367
H       13.9691822959     2.8654577767     1.0612877423
H       18.4625271246     3.3145917768     1.3700844601
H       13.7328328818     1.1014371328     2.7231591955
H       18.5611805412     1.0851820093     2.3082820711
H       16.4911134621     0.8765110766     7.7992445196
H       14.3141866602     0.9653466714     6.7184583131
H       20.3605315660     2.6677537342     2.7533694149
H       16.2300169390     0.0506002388     5.5410413471
32
# Point -11 Energy = 0.0
C       20.8316317629     3.6855125508     7.5796481978
H       18.9479907567     3.5571753687     6.1757626470
C       19.4993675673     2.9259156780     6.8961276880
H       18.6968388713     2.7794835325     7.6455201757
H       20.5144208900     2.1737726265     5.5670925006
C       19.9123529478     1.4757658988     6.1355716033
H       18.8640798865     1.5160186750     5.8842073576
H       20.1808764858     1.3042879563     7.1701670242
H       21.1058440584     3.6448535127     6.5298634209
H       20.8682152260     2.7277088928     8.0788419277
H       20.0511448671     4.4143337052     7.7380880670
Si       16.4730446566     3.3951629020     4.4089658643
O       16.3615911199     4.9846890787     4.7595125458
O       17.9738440627     3.0604618690     3.8491857395
O       15.4069584775     2.9911919628     3.2321666671
O       16.1510731430     2.5569220333     5.7729248972
Si       16.5520209711     6.5843241721     4.4264866218
Si       13.9837781342     2.5623583531     2.5263184252
Si       18.8639454149     2.5253904569     2.5665621353
Si       15.7944162897     1.1119089908     6.4821505673
H       17.9365912284     6.8434801375     3.9225973196
H       15.5920035788     6.9565798193     3.3310794767
H       16.3305377666     7.4600814514     5.6433606901
H       12.8542217967     3.3091460988     3.1312763575
H       13.9687110435     2.8653378403     1.0614802763
H       18.4621081970     3.3144701325     1.3695522635
H       13.7326170338     1.1013887924     2.7234640309
H       18.5609003112     1.0850996665     2.3078288346
H       16.4916919373     0.8766675977     7.7991238830
H       14.3145963401     0.9654659883     6.7186745861
H       20.3603269264     2.6676835901     2.7525672245
H       16.2302388509     0.0506626690     5.5409963440
32
# Point -10 Energy = 0.0
C       20.8207528618     3.6800170904     7.5725525207
H       18.9552195699     3.5608685776     6.1742159934
C       19.4998164381     2.9256355403     6.8950676617
H       18.7021164325     2.7748602945     7.6474071220
H       20.5204021770     2.1732150420     5.5651248486
C       19.9085074431     1.4878907529     6.1409333379
H       18.8593683957     1.5126956919     5.8840837360
H       20.1840798841     1.2975280478     7.1715976612
H       21.1130925896     3.6466893113     6.5264137746
H       20.8663019468     2.7275620030     8.0836940594
H       20.0484129555     4.4162204999     7.7454645830
Si       16.4727913296     3.3953233268     4.4086821028
O       16.3613781929     4.9847912938     4.7591025933
O       17.9736479697     3.0605090294     3.8487725487
O       15.4066752460     2.9912100233     3.2320265303
O       16.1510008557     2.5570872992     5.7726906604
Si       16.5517477107     6.5844421883     4.4259603994
Si       13.9833730250     2.5622914134     2.5263152049
Si       18.8635388899     2.5253965668     2.5660457224
Si       15.7944004353     1.1121515792     6.4820978847
H       17.9362654759     6.8435863736     3.9219162408
H       15.5916172243     6.9566034553     3.3306228603
H       16.3303714045     7.4602770267     5.6427963496
H       12.8538801695     3.3091056039     3.1313436610
H       13.9681710831     2.8651751152     1.0614670065
H       18.4615927968     3.3144111325     1.3690612105
H       13.7322749870     1.1013362240     2.7235957747
H       18.5605180091     1.0851067996     2.3074810322
H       16.4918569192     0.8770132252     7.7989949995
H       14.3146528069     0.9656987171     6.7187550328
H       20.3599602250     2.6677536534     2.7519324090
H       16.2301951499     0.0508491018     5.5409498378
32
# Point -9 Energy = 0.0
C       20.8092424981     3.6748911307     7.5656996277
H       18.9619632503     3.5647549418     6.1727576068
C       19.4997071396     2.9256689848     6.8941719312
H       18.7067975302     2.7705716143     7.6493562124
H       20.5273280867     2.1694877303     5.5614525397
C       19.9042479710     1.5003044628     6.1465852810
H       18.8549743794     1.5058778202     5.8822406377
H       20.1880767101     1.2869290142     7.1717251911
H       21.1226826131     3.6504572471     6.5244381206
H       20.8672545139     2.7294870738     8.0910091471
H       20.0481123667     4.4206985379     7.7549575716
Si       16.4721667854     3.3956176876     4.4083014742
O       16.3607188506     4.9850368676     4.7585290583
O       17.9731357381     3.0607140195     3.8483958652
O       15.4061278152     2.9912879002     3.2317180583
O       16.1504719236     2.5574265832     5.7723640167
Si       16.5510077382     6.5846970665     4.4252278717
Si       13.9827734021     2.5622167293     2.5260442095
Si       18.8629355883     2.5255401518     2.5656571421
Si       15.7939132948     1.1125834690     6.4819764983
H       17.9355060614     6.8438520013     3.9211312523
H       15.5908416391     6.9566958476     3.3298689062
H       16.3296142227     7.4606471210     5.6419760043
H       12.8532731246     3.3090460388     3.1310247923
H       13.9675460741     2.8649510272     1.0611737562
H       18.4609540219     3.3144342787     1.3686368845
H       13.7317655468     1.1012756894     2.7234924701
H       18.5600023034     1.0852331043     2.3072888914
H       16.4914512076     0.8776165844     7.7988622466
H       14.3142232064     0.9660856986     6.7186526137
H       20.3593775273     2.6680120764     2.7515410937
H       16.2297874691     0.0512034995     5.5409083873
32
# Point -8 Energy = 0.0
C       20.7968257540     3.6702908598     7.5592101182
H       18.9679965354     3.5689484779     6.1714458038
C       19.4987967136     2.9261473495     6.8935269120
H       18.7106127532     2.7667521267     7.6514292818
H       20.5354668281     2.1611098667     5.5554005069
C       19.8993727923     1.5131322955     6.1526473874
H       18.8512008815     1.4940545021     5.8779363129
H       20.1931131772     1.2709595795     7.1698124244
H       21.1357143049     3.6570807590     6.5247358256
H       20.8721983665     2.7344668204     8.1016608614
H       20.0513446862     4.4287490102     7.7673753622
Si       16.4710144930     3.3961006656     4.4077902866
O       16.3594240590     4.9854846347     4.7577288935
O       17.9721757620     3.0611411201     3.8480831225
O       15.4052083510     2.9914485181     3.2311744170
O       16.1492894241     2.5580122574     5.7719126310
Si       16.5496047710     6.5851446671     4.4242076677
Si       13.9819029396     2.5621285232     2.5253925327
Si       18.8620581543     2.5258760878     2.5654653645
Si       15.7927492850     1.1132839301     6.4817637379
H       17.9341322528     6.8443419117     3.9202083093
H       15.5895166905     6.9568836668     3.3286946836
H       16.3280139687     7.4612641526     5.6407961401
H       12.8522926879     3.3089573162     3.1301530267
H       13.9668104174     2.8646363758     1.0604822700
H       18.4601493136     3.3145705103     1.3683208178
H       13.7310229728     1.1012014854     2.7230550789
H       18.5593031019     1.0855256673     2.3073329984
H       16.4902231620     0.8785864173     7.7987325933
H       14.3130949688     0.9666917596     6.7182920248
H       20.3584928016     2.6685350954     2.7515155799
H       16.2288582302     0.0517955901     5.5408823873
32
# Point -7 Energy = 0.0
C       20.7830468784     3.6664660951     7.5532832067
H       18.9729466550     3.5736317177     6.1703765078
C       19.4966817619     2.9272808892     6.8932747305
H       18.7131147414     2.7636173417     7.6537272644
H       20.5451589342     2.1455741189     5.5459485181
C       19.8935461609     1.5265745718     6.1593171275
H       18.8486909387     1.4747703115     5.8699931891
H       20.1995404252     1.2471719677     7.1645146232
H       21.1539728460     3.6680906769     6.5287525731
H       20.8829824129     2.7442262813     8.1170111951
H       20.0600203675     4.4419042898     7.7840120223
Si       16.4690748262     3.3968600175     4.4070922874
O       16.3571816769     4.9862289896     4.7565984940
O       17.9705493300     3.0618933059     3.8478790752
O       15.4037376353     2.9917288762     3.2302842175
O       16.1471261342     2.5589604795     5.7712817222
Si       16.5472159819     6.5858745664     4.4227671567
Si       13.9806343556     2.5620179717     2.5241721794
Si       18.8607772490     2.5264921878     2.5655835926
Si       15.7905656517     1.1143802421     6.4814196067
H       17.9318471114     6.8451599890     3.9190934107
H       15.5873798155     6.9572098173     3.3268991068
H       16.3251558350     7.4622442386     5.6390880772
H       12.8507598433     3.3088238207     3.1284517971
H       13.9659211243     2.8641848002     1.0591960414
H       18.4591076667     3.3148693142     1.3681814949
H       13.7299363172     1.1011049652     2.7221173739
H       18.5583350508     1.0860598825     2.3077446447
H       16.4877534826     0.8800971550     7.7986148507
H       14.3109137399     0.9676212075     6.7175459600
H       20.3571623553     2.6694445777     2.7520575035
H       16.2271432952     0.0527373340     5.5408858095
32
# Point -6 Energy = 0.0
C       20.7671782728     3.6637656876     7.5482260681
H       18.9762172625     3.5790606262     6.1696943703
C       19.4927141650     2.9293641677     6.8936299927
H       18.7135851576     2.7614698526     7.6563989773
H       20.5566227241     2.1187995115     5.5317737680
C       19.8862210747     1.5409117601     6.1668909701
H       18.8488246286     1.4443118980     5.8567083013
H       20.2077223461     1.2119760794     7.1533594108
H       21.1802728673     3.6859516415     6.5391643455
H       20.9025774894     2.7618055524     8.1390218078
H       20.0775010790     4.4623558939     7.8068401166
Si       16.4659294005     3.3980193913     4.4061108819
O       16.3534967421     4.9874029057     4.7549731590
O       17.9679011606     3.0631148747     3.8478454776
O       15.4014229826     2.9921817318     3.2288621846
O       16.1434534190     2.5604351104     5.7703731966
Si       16.5433359707     6.5870127687     4.4207026621
Si       13.9787555955     2.5618740767     2.5220750540
Si       18.8588766193     2.5275109414     2.5661797112
Si       15.7868033863     1.1160521958     6.4808630660
H       17.9281870049     6.8464516342     3.9177083783
H       15.5840225891     6.9577350669     3.3241720690
H       16.3203925467     7.4637508360     5.6365946913
H       12.8483839343     3.3086255562     3.1254760844
H       13.9648006814     2.8635324296     1.0569950744
H       18.4577083481     3.3153993806     1.3683196977
H       13.7283134672     1.1009755898     2.7203993810
H       18.5569456582     1.0869409879     2.3087141870
H       16.4833610376     0.8823946341     7.7985039037
H       14.3071018149     0.9690222798     6.7161946939
H       20.3551475655     2.6709101689     2.7534751256
H       16.2242036084     0.0541867684     5.5409185521
32
# Point -5 Energy = 0.0
C       20.7484587021     3.6623517248     7.5443078121
H       18.9771749142     3.5853592868     6.1695114181
C       19.4861982107     2.9325383890     6.8947605436
H       18.7112551470     2.7604582593     7.6595456798
H       20.5690506948     2.0764391016     5.5124572752
C       19.8767769005     1.5562783741     6.1755915008
H       18.8539955377     1.3995517360     5.8368875543
H       20.2173705926     1.1627091541     7.1328518713
H       21.2175878973     3.7133591048     6.5600522572
H       20.9342658281     2.7913581492     8.1690946128
H       20.1084697467     4.4915734766     7.8376829888
Si       16.4611207129     3.3996405254     4.4047122686
O       16.3478606114     4.9890728186     4.7526787178
O       17.9638308419     3.0648747537     3.8480011164
O       15.3979265440     2.9928355393     3.2266794619
O       16.1376903678     2.5625189586     5.7690364910
Si       16.5374710776     6.5886215460     4.4178292085
Si       13.9760031936     2.5616963492     2.5187424453
Si       18.8560859207     2.5289884071     2.5673696914
Si       15.7808283153     1.1183916205     6.4799349796
H       17.9227035564     6.8482858237     3.9159983313
H       15.5790546297     6.9584908853     3.3202293159
H       16.3131026949     7.4658654229     5.6330923854
H       12.8448353204     3.3083598611     3.1207432216
H       13.9633249326     2.8626521497     1.0535147464
H       18.4557892258     3.3161904549     1.3687987352
H       13.7258877008     1.1008138757     2.7175448458
H       18.5549054623     1.0882172503     2.3103549838
H       16.4762855458     0.8856024497     7.7983117415
H       14.3010046458     0.9709741752     6.7139379371
H       20.3521573354     2.6730083932     2.7560270185
H       16.2195077933     0.0562239836     5.5408842031
32
# Point -4 Energy = 0.0
C       20.7273837948     3.6615958099     7.5412255591
H       18.9762035103     3.5920787970     6.1696688911
C       19.4775379360     2.9362834967     6.8964236228
H       18.7065751252     2.7600582864     7.6629775291
H       20.5796323253     2.0205757821     5.4913132312
C       19.8654824315     1.5721796913     6.1850563560
H       18.8660804065     1.3445578188     5.8130599626
H       20.2265712082     1.1043745916     7.1018922510
H       21.2636208627     3.7489253883     6.5934052686
H       20.9760261736     2.8337448254     8.2037660670
H       20.1536924362     4.5254162152     7.8742992106
Si       16.4548967737     3.4015068981     4.4029060449
O       16.3406290778     4.9910066730     4.7498274425
O       17.9585267516     3.0669135570     3.8482258958
O       15.3933900359     2.9935988036     3.2238010109
O       16.1301421800     2.5649301190     5.7672536820
Si       16.5300349517     6.5904789593     4.4143407522
Si       13.9724461930     2.5615082619     2.5143189354
Si       18.8524710777     2.5306968922     2.5689372077
Si       15.7729234757     1.1210923680     6.4785568173
H       17.9157856047     6.8504002658     3.9140713726
H       15.5728292019     6.9593699895     3.3153585366
H       16.3038345807     7.4683042033     5.6288425244
H       12.8402669090     3.3080713858     3.1145248039
H       13.9614710354     2.8616561074     1.0489201332
H       18.4533693710     3.3171071019     1.3694799500
H       13.7226674218     1.1006444160     2.7136295309
H       18.5521873823     1.0896921069     2.3123873484
H       16.4668939930     0.8892998716     7.7978934119
H       14.2929163621     0.9732319899     6.7107970020
H       20.3482772719     2.6754240996     2.7593952145
H       16.2132147389     0.0585772278     5.5406097937
32
# Point -3 Energy = 0.0
C       20.7059471397     3.6606568606     7.5381923460
H       18.9749335206     3.5986072862     6.1698397324
C       19.4685091527     2.9398946465     6.8981034498
H       18.7015070227     2.7595534225     7.6663674282
H       20.5860851597     1.9605374150     5.4733556283
C       19.8538332871     1.5879450754     6.1945530056
H       18.8842114236     1.2893870586     5.7904097297
H       20.2334696822     1.0476985247     7.0642621470
H       21.3092607345     3.7859424061     6.6348902318
H       21.0187001648     2.8831120113     8.2355730736
H       20.2055597703     4.5553444853     7.9101835444
Si       16.4484208319     3.4033151086     4.4009983288
O       16.3331596139     4.9928799005     4.7468846077
O       17.9529855163     3.0688754404     3.8484100096
O       15.3886457096     2.9943340444     3.2207753621
O       16.1222704191     2.5672745382     5.7653455133
Si       16.5224031343     6.5922754533     4.4107844711
Si       13.9687060570     2.5613231449     2.5096860349
Si       18.8486618947     2.5323272618     2.5704982896
Si       15.7646398920     1.1237254731     6.4770232189
H       17.9086952614     6.8524361125     3.9121376993
H       15.5664625026     6.9602152912     3.3103856600
H       16.2943357498     7.4706726667     5.6245215377
H       12.8355053271     3.3077979358     3.1080558430
H       13.9595010615     2.8606785038     1.0441213105
H       18.4508202025     3.3179644924     1.3701478856
H       13.7192299266     1.1004806202     2.7094801066
H       18.5492604455     1.0910971826     2.3143875374
H       16.4570629747     0.8929045354     7.7973439775
H       14.2844395241     0.9754441651     6.7074373068
H       20.3441947650     2.6777350581     2.7628203164
H       16.2065627324     0.0608658787     5.5401900266
32
# Point -2 Energy = 0.0
C       20.6854408271     3.6592361092     7.5347654328
H       18.9744343168     3.6047241352     6.1698593797
C       19.4602852849     2.9431184405     6.8995349083
H       18.6973443933     2.7586832387     7.6695687763
H       20.5884494958     1.9026702548     5.4604513742
C       19.8428599737     1.6033344379     6.2037123523
H       18.9062921949     1.2395833911     5.7715024110
H       20.2378175498     0.9981160837     7.0238808035
H       21.3486815925     3.8197857460     6.6791513605
H       21.0564547952     2.9338909325     8.2611038280
H       20.2572271745     4.5775155162     7.9417263767
Si       16.4424726072     3.4049535544     4.3992260022
O       16.3263222633     4.9945729610     4.7441543229
O       17.9478903870     3.0706328803     3.8485369732
O       15.3842735910     2.9949886368     3.2179980359
O       16.1150571880     2.5694060957     5.7635761016
Si       16.5154260049     6.5938977030     4.4074827626
Si       13.9652384019     2.5611409051     2.5054554010
Si       18.8451235090     2.5337714182     2.5718752509
Si       15.7570434080     1.1261308296     6.4756120159
H       17.9022080357     6.8542650890     3.9103036393
H       15.5606349582     6.9609678039     3.3057987028
H       16.2856717723     7.4728255247     5.6205156074
H       12.8311190020     3.3075458809     3.1021539479
H       13.9576402294     2.8597641093     1.0397404675
H       18.4484298374     3.3186997927     1.3707130630
H       13.7160314648     1.1003216478     2.7057039009
H       18.5465171580     1.0923386063     2.3161821693
H       16.4480667859     0.8962010345     7.7968224323
H       14.2766739072     0.9774757631     6.7043713236
H       20.3404092892     2.6797947846     2.7658874612
H       16.2004432012     0.0629486932     5.5397987754
32
# Point -1 Energy = 0.0
C       20.6660799228     3.6573246203     7.5308996774
H       18.9748897942     3.6104217117     6.1697171130
C       19.4530690363     2.9459454736     6.9006952965
H       18.6943087160     2.7574347193     7.6725747990
H       20.5875411809     1.8485740467     5.4522149540
C       19.8327528025     1.6183407897     6.2124993490
H       18.9308520516     1.1958297953     5.7564411634
H       20.2400156155     0.9559237444     6.9824822220
H       21.3811098589     3.8495035552     6.7236555055
H       21.0886340117     2.9840917218     8.2806779423
H       20.3065895485     4.5923701062     7.9687037087
Si       16.4371935822     3.4064195121     4.3976387119
O       16.3202653124     4.9960820992     4.7416947724
O       17.9433706934     3.0721856905     3.8486191470
O       15.3803868184     2.9955631357     3.2155417466
O       16.1086770551     2.5713173402     5.7620005772
Si       16.5092425557     6.5953433150     4.4044948144
Si       13.9621390416     2.5609636711     2.5017315976
Si       18.8419556541     2.5350337895     2.5730566303
Si       15.7503266618     1.1282983186     6.4743821128
H       17.8964514953     6.8558871739     3.9085960978
H       15.5554585047     6.9616282936     3.3016802885
H       16.2780097295     7.4747563738     5.6168930990
H       12.8272168157     3.3073148796     3.0969535684
H       13.9559491241     2.8589198850     1.0358826666
H       18.4462685083     3.3193212388     1.3711756187
H       13.7131737563     1.1001686916     2.7024063224
H       18.5440522529     1.0934213380     2.3177616413
H       16.4401301075     0.8991752458     7.7963710897
H       14.2698170197     0.9793151341     6.7016927058
H       20.3370258142     2.6816078481     2.7685502631
H       16.1950275582     0.0648187417     5.5394801578
32
# Point 0 Energy = 0
C       20.6477110000     3.6549790000     7.5266840000
H       18.9761800000     3.6157410000     6.1694560000
C       19.4467280000     2.9484220000     6.9016430000
H       18.6922510000     2.7558520000     7.6754250000
H       20.5840390000     1.7980300000     5.4478400000
C       19.8234060000     1.6330100000     6.2209870000
H       18.9571360000     1.1573250000     5.7446630000
H       20.2404540000     0.9200090000     6.9405780000
H       21.4074060000     3.8754920000     6.7676150000
H       21.1161610000     3.0334640000     8.2953550000
H       20.3536290000     4.6012450000     7.9917750000
Si       16.4325060000     3.4077350000     4.3962220000
O       16.3148940000     4.9974300000     4.7394840000
O       17.9393640000     3.0735620000     3.8486780000
O       15.3769370000     2.9960700000     3.2133680000
O       16.1030250000     2.5730330000     5.7606000000
Si       16.5037570000     6.5966350000     4.4017980000
Si       13.9593780000     2.5607940000     2.4984440000
Si       18.8391290000     2.5361430000     2.5740860000
Si       15.7443760000     1.1302530000     6.4733110000
H       17.8913405600     6.8573308000     3.9070238400
H       15.5508605600     6.9622108000     3.2979838400
H       16.2712205600     7.4764908000     5.6136238400
H       12.8237502400     3.3071035200     3.0923555200
H       13.9544302400     2.8581435200     1.0324755200
H       18.4443303200     3.3198514400     1.3715668800
H       13.7106302400     1.1000235200     2.6995155200
H       18.5418503200     1.0943714400     2.3191668800
H       16.4331100800     0.9018602400     7.7959848800
H       14.2637500800     0.9809802400     6.6993448800
H       20.3340103200     2.6832114400     2.7708868800
H       16.1902300800     0.0665002400     5.5392248800
32
# Point 1 Energy = 0.0
C       20.6301319401     3.6522620027     7.5222203147
H       18.9781435564     3.6207275786     6.1691246134
C       19.4410841409     2.9505997552     6.9024447849
H       18.6909721913     2.7539857737     7.6781636925
H       20.5783835626     1.7503924929     5.4466407527
C       19.8146711891     1.6473925827     6.2292602470
H       18.9848153465     1.1231083733     5.7355901246
H       20.2394035861     0.8892367094     6.8982095183
H       21.4286189808     3.8984034005     6.8109627927
H       21.1400189189     3.0822611385     8.3060046761
H       20.3988467025     4.6052788032     8.0115876627
Si       16.4283008913     3.4089235368     4.3949525655
O       16.3100803007     4.9986412665     4.7374882063
O       17.9357795493     3.0747909614     3.8487351711
O       15.3738513715     2.9965213898     3.2114243262
O       16.0979572503     2.5745811349     5.7593457492
Si       16.4988420099     6.5977969252     4.3993566479
Si       13.9569051975     2.5606329264     2.4955007983
Si       18.8365929808     2.5371271157     2.5750130948
Si       15.7390351892     1.1320242094     6.4723664527
H       17.8867611635     6.8586254168     3.9055900526
H       15.5467433116     6.9627291291     3.2946440353
H       16.2651368038     7.4780574493     5.6106618613
H       12.8206474021     3.3069094676     3.0882319106
H       13.9530741809     2.8574291630     1.0294252164
H       18.4425948827     3.3203107128     1.3719211750
H       13.7083532892     1.0998866413     2.6969391458
H       18.5398763158     1.0952140444     2.3204454319
H       16.4268137513     0.9042953050     7.7956530133
H       14.2583106881     0.9824933708     6.6972534536
H       20.3313062084     2.6846427249     2.7729897644
H       16.1859277472     0.0680204984     5.5390181082
32
# Point 2 Energy = 0.0
C       20.6131898503     3.6492187556     7.5175896551
H       18.9806588430     3.6254141712     6.1687634837
C       19.4360028877     2.9525158099     6.9031546756
H       18.6903213753     2.7518722851     7.6808276211
H       20.5708602535     1.7051468348     5.4481311182
C       19.8064359867     1.6615247876     6.2373865995
H       19.0137016452     1.0924712340     5.7287981960
H       20.2370406807     0.8627979363     6.8553594201
H       21.4455433433     3.9187516260     6.8537344474
H       21.1609011516     3.1307075748     8.3131953558
H       20.4426522103     4.6052685932     8.0285749554
Si       16.4244973333     3.4100018440     4.3938150373
O       16.3057289910     4.9997333882     4.7356843167
O       17.9325503376     3.0758934353     3.8488099666
O       15.3710769404     2.9969258482     3.2096727489
O       16.0933657695     2.5759816670     5.7582180554
Si       16.4944033209     6.5988462920     4.3971466821
Si       13.9546851306     2.5604809511     2.4928335177
Si       18.8343114804     2.5380063017     2.5758788510
Si       15.7341861883     1.1336327396     6.4715254946
H       17.8826292980     6.8597921072     3.9043007915
H       15.5430354565     6.9631930265     3.2916140250
H       16.2596334162     7.4794766941     5.6079753090
H       12.8178562032     3.3067307290     3.0844865469
H       13.9518769757     2.8567724143     1.0266618801
H       18.4410496377     3.3207136746     1.3722677950
H       13.7063089167     1.0997581541     2.6946079077
H       18.5381057520     1.0959671960     2.3216361655
H       16.4210945994     0.9065083761     7.7953689642
H       14.2533760661     0.9838701756     6.6953628032
H       20.3288726676     2.6859284737     2.7749329068
H       16.1820278914     0.0693989034     5.5388500669
32
# Point 3 Energy = 0.0
C       20.5967757149     3.6458786281     7.5128553985
H       18.9836398969     3.6298219562     6.1684063473
C       19.4313886546     2.9541940456     6.9038157915
H       18.6901907214     2.7495345705     7.6834470235
H       20.5616647420     1.6619397903     5.4519645061
C       19.7986206847     1.6754301486     6.2454183850
H       19.0436553314     1.0649236330     5.7239845562
H       20.2334831599     0.8401384698     6.8120263622
H       21.4587500133     3.9369073305     6.8959455933
H       21.1792796055     3.1789432614     8.3172926920
H       20.4853212087     4.6017781968     8.0430098503
Si       16.4210399319     3.4109807635     4.3928010869
O       16.3017744422     5.0007176316     4.7340590929
O       17.9296312232     3.0768832454     3.8489197503
O       15.3685790520     2.9972890292     3.2080878898
O       16.0891747321     2.5772471770     5.7572048393
Si       16.4903764419     6.5997942882     4.3951549726
Si       13.9526961026     2.5603384874     2.4903938205
Si       18.8322622228     2.5387943103     2.5767165024
Si       15.7297453345     1.1350915272     6.4707728757
H       17.8788881567     6.8608448545     3.9031655438
H       15.5396897445     6.9636089647     3.2888639134
H       16.2546231972     7.4807615002     5.6055456942
H       12.8153427993     3.3065658400     3.0810508051
H       13.9508405181     2.8561708220     1.0241363166
H       18.4396900919     3.3210706919     1.3726317314
H       13.7044761719     1.0996381247     2.6924720804
H       18.5365246431     1.0966432757     2.3227700152
H       16.4158476492     0.9085168241     7.7951296022
H       14.2488590150     0.9851200231     6.6936332512
H       20.3266839235     2.6870868649     2.7767742640
H       16.1784654734     0.0706477234     5.5387148062
32
# Point 4 Energy = 0.0
C       20.5808061971     3.6422643368     7.5080666553
H       18.9870209254     3.6339672192     6.1680800392
C       19.4271683864     2.9556528147     6.9044619255
H       18.6904977213     2.7469903509     7.6860458775
H       20.5509323013     1.6204875988     5.4578795061
C       19.7911641942     1.6891267180     6.2533964284
H       19.0745894168     1.0400906121     5.7209168723
H       20.2288118481     0.8208563545     6.7681998547
H       21.4686957282     3.9531710823     6.9376484993
H       21.1954877221     3.2270711968     8.3185427604
H       20.5270697869     4.5952214581     8.0550839662
Si       16.4178865819     3.4118684127     4.3919049528
O       16.2981666547     5.0016024626     4.7326028912
O       17.9269879626     3.0777707978     3.8490785499
O       15.3663315747     2.9976149704     3.2066509193
O       16.0853263408     2.5783871908     5.7562974850
Si       16.4867122192     6.6006493076     4.3933718639
Si       13.9509219791     2.5602054742     2.4881452567
Si       18.8304285418     2.5395014354     2.5775523342
Si       15.7256488333     1.1364104024     6.4700976213
H       17.8754944658     6.8617942004     3.9021920402
H       15.5366702909     6.9639816300     3.2863711450
H       16.2500395201     7.4819216970     5.6033591663
H       12.8130817236     3.3064133102     3.0778725778
H       13.9499668096     2.8556220367     1.0218114214
H       18.4385132477     3.3213893785     1.3730329002
H       13.7028395220     1.0995262277     2.6904942360
H       18.5351227266     1.0972514979     2.3238715928
H       16.4109927085     0.9103339786     7.7949332686
H       14.2446930503     0.9862499849     6.6920350429
H       20.3247205901     2.6881316355     2.7785591237
H       16.1751910292     0.0717762265     5.5386085859
32
# Point 5 Energy = 0.0
C       20.5652192396     3.6383931792     7.5032606779
H       18.9907528837     3.6378622787     6.1678054959
C       19.4232877542     2.9569059634     6.9051189913
H       18.6911809180     2.7442529664     7.6886427818
H       20.5387603302     1.5805748876     5.4656763014
C       19.7840210125     1.7026281124     6.2613518506
H       19.1064421137     1.0176908537     5.7194177412
H       20.2230837395     0.8046661642     6.7238792828
H       21.4757417120     3.9677794544     6.9788987633
H       21.2097556148     3.2751500648     8.3171106027
H       20.5680525935     4.5859053341     8.0649296734
Si       16.4150062112     3.4126707502     4.3911228423
O       16.2948685542     5.0023941109     4.7313089571
O       17.9245953891     3.0785638200     3.8492974535
O       15.3643154645     2.9979064874     3.2053482456
O       16.0817777778     2.5794087434     5.7554900662
Si       16.4833741384     6.6014175299     4.3917905543
Si       13.9493512600     2.5600815675     2.4860610113
Si       18.8287984905     2.5401353269     2.5784066675
Si       15.7218494315     1.1375966258     6.4694920658
H       17.8724161019     6.8626479869     3.9013865384
H       15.5339505411     6.9643143487     3.2841192240
H       16.2458327067     7.4829645664     5.6014057395
H       12.8110544420     3.3062716898     3.0749132623
H       13.9492579595     2.8551239586     1.0196598907
H       18.4375173936     3.3216753251     1.3734868258
H       13.7013879886     1.0994219100     2.6886468616
H       18.5338929352     1.0977986763     2.3249600022
H       16.4064702109     0.9119697922     7.7947792938
H       14.2408289199     0.9872651900     6.6905464046
H       20.3229686562     2.6890730920     2.7803220799
H       16.1721681155     0.0727912431     5.5385292111
32
# Point 6 Energy = 0.0
C       20.5499689045     3.6342783984     7.4984655743
H       18.9947994071     3.6415164996     6.1675989902
C       19.4197066255     2.9579639699     6.9058067451
H       18.6921948294     2.7413324654     7.6912520671
H       20.5252222315     1.5420422568     5.4751985324
C       19.7771574848     1.7159446442     6.2693082233
H       19.1391637357     0.9975133469     5.7193502926
H       20.2163406523     0.7913665788     6.6790782418
H       21.4801757518     3.9809177815     7.0197441883
H       21.2222407906     3.3232002917     8.3131079739
H       20.6083734862     4.5740625404     8.0726382242
Si       16.4123760629     3.4133921488     4.3904523110
O       16.2918528001     5.0030971555     4.7301726081
O       17.9224351709     3.0792680824     3.8495851488
O       15.3625169861     2.9981655251     3.2041701063
O       16.0784975588     2.5803170107     5.7547785480
Si       16.4803351785     6.6021035076     4.3904063065
Si       13.9479758843     2.5599662604     2.4841214420
Si       18.8273636473     2.5407017292     2.5792951053
Si       15.7183124197     1.1386555272     6.4689508903
H       17.8696293024     6.8634120810     3.9007540648
H       15.5315109022     6.9646094722     3.2820961634
H       16.2419658442     7.4838954917     5.5996782799
H       12.8092475969     3.3061395920     3.0721443903
H       13.9487160614     2.8546747477     1.0176617184
H       18.4367017129     3.3219326992     1.3740055190
H       13.7001139915     1.0993244924     2.6869098117
H       18.5328305843     1.0982899048     2.3260499570
H       16.4022362532     0.9134316637     7.7946675890
H       14.2372304382     0.9881692943     6.6891514698
H       20.3214181390     2.6899190508     2.7820894060
H       16.1693701657     0.0736977898     5.5384754713
32
# Point 7 Energy = 0.0
C       20.5350212145     3.6299302761     7.4937025228
H       18.9991335262     3.6449371010     6.1674731777
C       19.4163954037     2.9588348578     6.9065402234
H       18.6935058438     2.7382364911     7.6938847469
H       20.5103759811     1.5047738570     5.4863205865
C       19.7705487623     1.7290842196     6.2772833649
H       19.1727101406     0.9793988894     5.7206072501
H       20.2086147296     0.7808162460     6.6338241718
H       21.4822302986     3.9927318630     7.0602216995
H       21.2330502658     3.3712118488     8.3066117334
H       20.6480965800     4.5598740807     8.0782724791
Si       16.4099795054     3.4140358407     4.3898918076
O       16.2890992236     5.0037149841     4.7291906013
O       17.9204940009     3.0798879495     3.8499484093
O       15.3609262824     2.9983934173     3.2031094849
O       16.0754625900     2.5811158191     5.7541601948
Si       16.4775752964     6.6027106211     4.3892158216
Si       13.9467902709     2.5598589544     2.4823121512
Si       18.8261181458     2.5412050296     2.5802295989
Si       15.7150123975     1.1395910285     6.4684704137
H       17.8671164357     6.8640909286     3.9002986177
H       15.5293368598     6.9648686620     3.2802932426
H       16.2384114359     7.4847184766     5.5981716858
H       12.8076516006     3.3060156973     3.0695449577
H       13.9483431019     2.8542727915     1.0158022344
H       18.4360659683     3.3221646708     1.3745982402
H       13.6990124127     1.0992332295     2.6852683277
H       18.5319327031     1.0987290569     2.3271527591
H       16.3982585779     0.9147251212     7.7945983834
H       14.2338711173     0.9889648765     6.6878386735
H       20.3200619899     2.6906755457     2.7838810291
H       16.1667779377     0.0744995686     5.5384467693
32
# Point 8 Energy = 0.0
C       20.5203513931     3.6253566722     7.4889876093
H       19.0037355510     3.6481295471     6.1674380984
C       19.4133326168     2.9595246393     6.9073310065
H       18.6950894738     2.7349707035     7.6965494228
H       20.4942680874     1.4686888566     5.4989407001
C       19.7641768124     1.7420527802     6.2852908352
H       19.2070400821     0.9632288552     5.7231045747
H       20.1999304159     0.7729204988     6.5881554392
H       21.4820937359     4.0033355766     7.1003564966
H       21.2422530396     3.4191515070     8.2976720695
H       20.6872546914     4.5434811802     8.0818733870
Si       16.4078047271     3.4146041287     4.3894405455
O       16.2865932767     5.0042500092     4.7283609096
O       17.9187625636     3.0804266547     3.8503926595
O       15.3595366250     2.9985910067     3.2021615089
O       16.0726562876     2.5818078783     5.7536333207
Si       16.4750799414     6.6032412953     4.3882170553
Si       13.9457909134     2.5597589837     2.4806227491
Si       18.8250582540     2.5416485426     2.5812194323
Si       15.7119311470     1.1404058792     6.4680482220
H       17.8648647312     6.8646878308     3.9000236063
H       15.5274179698     6.9650930247     3.2787043756
H       16.2351493156     7.4854363863     5.5968825787
H       12.8062599144     3.3058987356     3.0670996519
H       13.9481412047     2.8539166861     1.0140708517
H       18.4356105833     3.3223736409     1.3752722775
H       13.6980801802     1.0991473263     2.6837117278
H       18.5311978084     1.0991190468     2.3282771869
H       16.3945138615     0.9158541324     7.7945721782
H       14.2307319413     0.9896536015     6.6865997124
H       20.3188955814     2.6913471961     2.7857121915
H       16.1643778730     0.0751991974     5.5384429791
32
# Point 9 Energy = 0.0
C       20.5059405204     3.6205644275     7.4843326753
H       19.0085902578     3.6510985979     6.1675012860
C       19.4105019108     2.9600385103     6.9081876419
H       18.6969270972     2.7315399976     7.6992524264
H       20.4769407545     1.4337280215     5.5129698330
C       19.7580278487     1.7548554453     6.2933406953
H       19.2421121093     0.9489079144     5.7267713268
H       20.1903109043     0.7676074062     6.5421207289
H       21.4799273777     4.0128231740     7.1401664179
H       21.2498991675     3.4669689357     8.2863314677
H       20.7258594351     4.5250051813     8.0834727211
Si       16.4058425876     3.4150989479     4.3890977556
O       16.2843235959     5.0047042646     4.7276817229
O       17.9172336280     3.0808869387     3.8509218183
O       15.3583427361     2.9987589445     3.2013223638
O       16.0700660135     2.5823954922     5.7531965363
Si       16.4728375793     6.6036975708     4.3874080778
Si       13.9449750006     2.5596656786     2.4790453023
Si       18.8241809923     2.5420350681     2.5822714609
Si       15.7090549552     1.1411024245     6.4676824769
H       17.8628639642     6.8652055867     3.8999311813
H       15.5257457452     6.9652834406     3.2773245688
H       16.2321636384     7.4860516557     5.5958079676
H       12.8050673712     3.3057875155     3.0647967903
H       13.9481117567     2.8536051038     1.0124594673
H       18.4353356176     3.3225616011     1.3760329327
H       13.6973149631     1.0990660028     2.6822319579
H       18.5306247623     1.0994623232     2.3294298130
H       16.3909845794     0.9168221173     7.7945893430
H       14.2277986136     0.9902368720     6.6854283321
H       20.3179152454     2.6919379410     2.7875942175
H       16.1621598709     0.0757988987     5.5384640532
32
# Point 10 Energy = 0.0
C       20.4917750835     3.6155589251     7.4797466241
H       19.0136867221     3.6538479637     6.1676687376
C       19.4078917173     2.9603804604     6.9091166654
H       18.6990054608     2.7279480808     7.7019986736
H       20.4584303997     1.3998537988     5.5283326649
C       19.7520921184     1.7674961533     6.3014405335
H       19.2778848284     0.9363646811     5.7315502179
H       20.1797751955     0.7648316084     6.4957755963
H       21.4758656251     4.0212691316     7.1796595137
H       21.2560179805     3.5146000513     8.2726187619
H       20.7639030098     4.5045451289     8.0830901712
Si       16.4040868103     3.4155216782     4.3888631121
O       16.2822821517     5.0050791996     4.7271519441
O       17.9159023465     3.0812708660     3.8515390169
O       15.3573412161     2.9988975909     3.2005894776
O       16.0676829722     2.5828802974     5.7528490585
Si       16.4708399412     6.6040809146     4.3867877014
Si       13.9443409835     2.5595783337     2.4775742013
Si       18.8234846848     2.5423667653     2.5833909829
Si       15.7063743374     1.1416823095     6.4673720674
H       17.8611068112     6.8656463077     3.9000231648
H       15.5243141381     6.9654404575     3.2761503744
H       16.2294428947     7.4865660358     5.5949458812
H       12.8040706331     3.3056808798     3.0626279967
H       13.9482562827     2.8533368474     1.0109623464
H       18.4352415803     3.3227300846     1.3768843575
H       13.6967156710     1.0989884550     2.6808233218
H       18.5302133490     1.0997607632     2.3306157296
H       16.3876584524     0.9176315625     7.7946503958
H       14.2250612315     0.9907155461     6.6843201645
H       20.3171187865     2.6924508732     2.7895357020
H       16.1601171846     0.0763002487     5.5385102028
32
# Point 11 Energy = 0.0
C       20.4778453907     3.6103446901     7.4752359786
H       19.0190170109     3.6563807468     6.1679450960
C       19.4054938352     2.9605537809     6.9101229373
H       18.7013151251     2.7241979935     7.7047918537
H       20.4387704306     1.3670437025     5.5449628459
C       19.7463626959     1.7799781442     6.3095959646
H       19.3143160610     0.9255437592     5.7373930536
H       20.1683403260     0.7645642898     6.4491808361
H       21.4700241740     4.0287341445     7.2188368322
H       21.2606259702     3.5619706478     8.2565564240
H       20.8013633671     4.4821860295     8.0807387063
Si       16.4025330239     3.4158733730     4.3887364560
O       16.2804631558     5.0053759250     4.7267707943
O       17.9147654194     3.0815800834     3.8522466314
O       15.3565298300     2.9990071279     3.1999610621
O       16.0655010237     2.5832635606     5.7525904222
Si       16.4690809265     6.6043924538     4.3863550266
Si       13.9438880162     2.5594962177     2.4762054520
Si       18.8229683943     2.5426453722     2.5845819764
Si       15.7038827743     1.1421468043     6.4671163392
H       17.8595878395     6.8660116791     3.9003008472
H       15.5231186385     6.9655644164     3.2751792271
H       16.2269785420     7.4869808896     5.5942948176
H       12.8032674837     3.3055777035     3.0605872303
H       13.9485761559     2.8531107706     1.0095753920
H       18.4353290630     3.3228802965     1.3778296643
H       13.6962819182     1.0989138663     2.6794818129
H       18.5299638225     1.1000158637     2.3318388142
H       16.3845269406     0.9182844551     7.7947558818
H       14.2225129832     0.9910902143     6.6832721803
H       20.3165048758     2.6928885334     2.7915430277
H       16.1582453862     0.0767044649     5.5385817759
32
# Point 12 Energy = 0.0
C       20.4641447158     3.6049256058     7.4708053998
H       19.0245755153     3.6586995949     6.1683339217
C       19.4033026781     2.9605612436     6.9112100025
H       18.7038496143     2.7202922943     7.7076346881
H       20.4179922613     1.3352868720     5.5628008957
C       19.7408348535     1.7923041308     6.3178110741
H       19.3513626057     0.9164018647     5.7442585618
H       20.1560217274     0.7667891528     6.4024005096
H       21.4625041992     4.0352682008     7.2576937781
H       21.2637301619     3.6089989436     8.2381629194
H       20.8382071586     4.4580023899     8.0764266996
Si       16.4011783318     3.4161548325     4.3887177431
O       16.2788625588     5.0055952917     4.7265377089
O       17.9138207435     3.0818159041     3.8530464387
O       15.3559072391     2.9990875875     3.1994359302
O       16.0635160860     2.5835462788     5.7524204052
Si       16.4675561203     6.6046330494     4.3861093252
Si       13.9436157875     2.5594185626     2.4749363157
Si       18.8226317494     2.5428722729     2.5858473855
Si       15.7015760438     1.1424969152     6.4669150073
H       17.8583030873     6.8663030447     3.9007650482
H       15.5221559310     6.9656554854     3.2744091932
H       16.2247643468     7.4872972922     5.5938535776
H       12.8026565682     3.3054768787     3.0586702573
H       13.9490726190     2.8529257324     1.0082957762
H       18.4355987125     3.3230131469     1.3788711417
H       13.6960138525     1.0988413966     2.6782047544
H       18.5298767886     1.1002287981     2.3331020098
H       16.3815844029     0.9187824362     7.7949063833
H       14.2201494509     0.9913612926     6.6822824091
H       20.3160728506     2.6932530066     2.7936208464
H       16.1565418383     0.0770125020     5.5386792528
32
# Point 13 Energy = 0.0
C       20.4506686723     3.5993050656     7.4664580949
H       19.0303584669     3.6608068030     6.1688379134
C       19.4013147234     2.9604052264     6.9123803804
H       18.7066047914     2.7162331931     7.7105291450
H       20.3961259701     1.3045813597     5.5817927399
C       19.7355056019     1.8044764130     6.3260887773
H       19.3889801542     0.9089048960     5.7521107901
H       20.1428332039     0.7714998007     6.3554998219
H       21.4533955092     4.0409129459     7.2962214665
H       21.2653304374     3.6555976494     8.2174542217
H       20.8743919778     4.4320607177     8.0701595017
Si       16.4000210079     3.4163666465     4.3888070217
O       16.2774776965     5.0057379409     4.7264522695
O       17.9130671664     3.0819793531     3.8539397509
O       15.3554728182     2.9991388598     3.1990133749
O       16.0617257014     2.5837292489     5.7523389914
Si       16.4662624584     6.6048033412     4.3860499576
Si       13.9435244134     2.5593445427     2.4737650541
Si       18.8224748318     2.5430485247     2.5871893565
Si       15.6994517286     1.1427334660     6.4667681133
H       17.8572497763     6.8665214534     3.9014161671
H       15.5214236665     6.9657136707     3.2738387822
H       16.2227959200     7.4875160987     5.5936211405
H       12.8022372187     3.3053772967     3.0568742678
H       13.9497468210     2.8527805449     1.0071216782
H       18.4360512318     3.3231292476     1.3800104331
H       13.6959120411     1.0987701644     2.6769905516
H       18.5299531329     1.1004004340     2.3344075613
H       16.3788274760     0.9191269173     7.7951025516
H       14.2179680962     0.9915290949     6.6813497515
H       20.3158225816     2.6935459663     2.7957724619
H       16.1550053069     0.0772251170     5.5388032704
32
# Point 14 Energy = 0.0
C       20.4374147568     3.5934860718     7.4621961577
H       19.0363635937     3.6627043737     6.1694591026
C       19.3995281135     2.9600877927     6.9136358172
H       18.7095783993     2.7120226451     7.7134766337
H       20.3732006601     1.2749318880     5.6018887507
C       19.7303733568     1.8164969482     6.3344311279
H       19.4271233250     0.9030256680     5.7609179314
H       20.1287864991     0.7786983120     6.3085425550
H       21.4427789151     4.0457035300     7.3344081703
H       21.2654211148     3.7016757551     8.1944446774
H       20.9098680948     4.4044212783     8.0619406374
Si       16.3990602911     3.4165092109     4.3890044365
O       16.2763070526     5.0058043268     4.7265141647
O       17.9125043261     3.0820711757     3.8549275456
O       15.3552265440     2.9991606796     3.1986930996
O       16.0601287268     2.5838131119     5.7523463673
Si       16.4651980111     6.6049037635     4.3861763131
Si       13.9436143822     2.5592732418     2.4726907579
Si       18.8224981178     2.5431748409     2.5886094497
Si       15.6975088556     1.1428571570     6.4666760261
H       17.8564261345     6.8666676692     3.9022542266
H       15.5209203312     6.9657388069     3.2734668054
H       16.2210704026     7.4876379867     5.5935965674
H       12.8020093496     3.3052778241     3.0551975979
H       13.9505998757     2.8526739083     1.0060521044
H       18.4366874124     3.3232288683     1.3812487004
H       13.6959774046     1.0986992164     2.6758385318
H       18.5301939857     1.1005313110     2.3357572351
H       16.3762546099     0.9193191697     7.7953451674
H       14.2159678818     0.9915938922     6.6804738665
H       20.3157543990     2.6937686669     2.7980001556
H       16.1536356764     0.0773429094     5.5389546799
32
# Point 15 Energy = 0.0
C       20.4243820279     3.5874712858     7.4580208776
H       19.0425898903     3.6643940343     6.1701990441
C       19.3979423755     2.9596107289     6.9149775277
H       18.7127697297     2.7076624096     7.7164782031
H       20.3492445116     1.2463478397     5.6230432503
C       19.7254377052     1.8283673730     6.3428396138
H       19.4657458356     0.8987421049     5.7706514961
H       20.1138903079     0.7883950176     6.2615875735
H       21.4307279514     4.0496700788     7.3722410378
H       21.2639919709     3.7471402268     8.1691472784
H       20.9445798282     4.3751392919     8.0517727465
Si       16.3982962680     3.4165827122     4.3893102655
O       16.2753501254     5.0057947113     4.7267231794
O       17.9121325672     3.0820918031     3.8560106072
O       15.3551689518     2.9991525857     3.1984751968
O       16.0587251250     2.5837983744     5.7524429589
Si       16.4643618784     6.6049345312     4.3864877709
Si       13.9438865548     2.5592035988     2.4717132448
Si       18.8227024746     2.5432515210     2.5901088517
Si       15.6957476352     1.1428686054     6.4666394919
H       17.8558313241     6.8667421382     3.9032789163
H       15.5206452134     6.9657305165     3.2732922658
H       16.2195862871     7.4876634730     5.5937789257
H       12.8019734227     3.3051772678     3.0536395372
H       13.9516329579     2.8526043192     1.0050867797
H       18.4375082117     3.3233118375     1.3825867909
H       13.6962111980     1.0986274798     2.6747488638
H       18.5306007292     1.1006215641     2.3371525491
H       16.3738657226     0.9193603964     7.7956352408
H       14.2141489953     0.9915559641     6.6796551303
H       20.3158690777     2.6939218733     2.8003054920
H       16.1524337457     0.0773663357     5.5391346526
