32
# Point -15 Energy = 0.0
C       20.6230193423     3.7102920473     7.4831337748
H       18.9428515271     3.6028027743     6.1374273995
C       19.4375480884     2.9619796090     6.8773891789
H       18.6924968866     2.7619724405     7.6582234811
H       20.6073500221     1.8071531049     5.4508745794
C       19.8445269580     1.6421456874     6.2230439280
H       18.9875588558     1.1349411377     5.7638495657
H       20.2783185032     0.9542269303     6.9571078148
H       21.3750807527     3.9329985090     6.7171042494
H       21.1087993264     3.1165185573     8.2629991370
H       20.3085312312     4.6595475079     7.9283947477
Si       16.3858007069     3.2775138474     4.3422742436
O       16.3119229517     4.8828476238     4.6855689705
O       17.8544800687     2.9996315016     3.7870390475
O       15.4616937402     2.8003670241     3.0875285452
O       16.1559243521     2.4637175481     5.7635102167
Si       16.2788374106     6.5178153371     4.4171549430
Si       13.8300494690     2.9073141848     2.8850421774
Si       18.9257029005     2.4331143001     2.7142270936
Si       15.6374516445     1.1321932730     6.6091343722
H       17.8236295679     6.7351795678     3.8923999536
H       15.4831101122     6.8622499822     3.2896742342
H       16.1916034360     7.3408693206     5.5899361692
H       13.1175167301     3.5268227896     3.1467017124
H       14.2426854034     3.0565538782     0.9974224928
H       18.3960364717     3.2411670976     1.3645266039
H       13.5522079290     1.4756064801     2.3215665592
H       18.6008485471     1.0439800624     2.3182089027
H       16.5034228331     0.9125460415     7.8389645634
H       14.3288678618     0.9021631541     6.7917619211
H       20.3073545439     2.6858261187     2.7813732756
H       16.2727524257     -0.0087554381     5.6436015057
32
# Point -14 Energy = 0.0
C       20.6259476730     3.7038011345     7.4891638503
H       18.9472548623     3.6043800180     6.1411910914
C       19.4390654619     2.9603098606     6.8802527394
H       18.6925368687     2.7606481125     7.6597739622
H       20.6065485491     1.8061951994     5.4514175876
C       19.8430787851     1.6410920826     6.2228483184
H       18.9852708215     1.1374846148     5.7611916619
H       20.2744283195     0.9500995709     6.9554561822
H       21.3793709114     3.9264807666     6.7244679665
H       21.1093169576     3.1066628353     8.2679504772
H       20.3135216895     4.6526809063     7.9366692062
Si       16.3920654095     3.2920158791     4.3450018143
O       16.3166386801     4.8960534912     4.6899591000
O       17.8634013404     3.0095585896     3.7908347712
O       15.4592128127     2.8208239771     3.0937716857
O       16.1539091241     2.4751478663     5.7614952242
Si       16.2977693052     6.5294313613     4.4154315361
Si       13.8285809961     2.8757540759     2.8648269116
Si       18.9236392940     2.4419570305     2.7045781276
Si       15.6422733627     1.1340616884     6.5945513779
H       17.8322499842     6.7507127473     3.8933067445
H       15.4921460453     6.8735878276     3.2880668275
H       16.2001482115     7.3568763163     5.5908474515
H       13.0808946943     3.5022724176     3.1391767149
H       14.2059676480     3.0362645952     1.0009354429
H       18.4058192677     3.2506687400     1.3647001190
H       13.5653914277     1.4232553633     2.3635365458
H       18.5973529457     1.0496540914     2.3176150668
H       16.4946858647     0.9103276465     7.8321503483
H       14.3213942045     0.9100824853     6.7768321208
H       20.3138247820     2.6857001599     2.7804107698
H       16.2642743001     -0.0007394514     5.6287536161
32
# Point -13 Energy = 0.0
C       20.6286719187     3.6975896996     7.4946965113
H       18.9513030944     3.6058562075     6.1447245585
C       19.4403953451     2.9587095522     6.8828978624
H       18.6925229171     2.7594253478     7.6612374098
H       20.6054990107     1.8052536227     5.4517435947
C       19.8415076622     1.6400770155     6.2225632374
H       18.9828657680     1.1399123974     5.7586420050
H       20.2705886521     0.9461730385     6.9537433576
H       21.3833249433     3.9202142706     6.7312002602
H       21.1097983221     3.0972605864     8.2724114015
H       20.3182579232     4.6461100662     7.9443563242
Si       16.3977994280     3.3058590215     4.3479330657
O       16.3207077724     4.9086305636     4.6943702661
O       17.8717396672     3.0188913131     3.7946991224
O       15.4561386999     2.8404991492     3.1004109080
O       16.1515956168     2.4861416908     5.7597837811
Si       16.3162635540     6.5403103574     4.4139566910
Si       13.8288204469     2.8450711634     2.8437027582
Si       18.9208623511     2.4506733145     2.6949026247
Si       15.6473289443     1.1357850832     6.5807186141
H       17.8403931206     6.7652460221     3.8942873415
H       15.5006253704     6.8844653735     3.2869396020
H       16.2084539114     7.3720526906     5.5920019150
H       13.0465360501     3.4782777550     3.1318482397
H       14.1719867798     3.0159661768     1.0042268304
H       18.4144653112     3.2597301403     1.3648977544
H       13.5798478365     1.3750786394     2.4040280363
H       18.5934950301     1.0551741796     2.3170388142
H       16.4864444250     0.9083556706     7.8257725581
H       14.3142737264     0.9178507622     6.7631435936
H       20.3194296312     2.6856120726     2.7793970791
H       16.2560373697     0.0070490562     5.6148892422
32
# Point -12 Energy = 0.0
C       20.6311988673     3.6916920581     7.4997417617
H       18.9550065360     3.6072299198     6.1480275431
C       19.4415538132     2.9571897770     6.8853355537
H       18.6924696312     2.7583127248     7.6626240099
H       20.6042372995     1.8043377150     5.4518813124
C       19.8398479756     1.6391075875     6.2222159858
H       18.9803843498     1.1422145599     5.7562281577
H       20.2668399921     0.9424660306     6.9520078659
H       21.3869506454     3.9142360419     6.7373116589
H       21.1102551618     3.0883590324     8.2764025117
H       20.3227336581     4.6398716326     7.9514542922
Si       16.4030200380     3.3189910202     4.3510535577
O       16.3241259190     4.9205293262     4.6987715096
O       17.8795204972     3.0275916090     3.7986290139
O       15.4525029875     2.8593115156     3.1074327886
O       16.1490047833     2.4966545299     5.7583729737
Si       16.3342825555     6.5503983529     4.4126923676
Si       13.8307188383     2.8153433633     2.8216723717
Si       18.9174132905     2.4592203207     2.6852212336
Si       15.6526455612     1.1373213875     6.5676566026
H       17.8480250625     6.7787558478     3.8953222414
H       15.5085163865     6.8948196843     3.2862508380
H       16.2164617183     7.3863498227     5.5933618125
H       13.0145230461     3.4550655587     3.1248187826
H       14.1406954481     2.9959345160     1.0072735783
H       18.4220159620     3.2683001150     1.3651248848
H       13.5951201097     1.3310880719     2.4427725704
H       18.5893464307     1.0604891806     2.3165061680
H       16.4787273675     0.9066192257     7.8198737578
H       14.3075342191     0.9254013185     6.7507161895
H       20.3242120239     2.6855467602     2.7783541064
H       16.2480904250     0.0145533937     5.6020573583
32
# Point -11 Energy = 0.0
C       20.6335350447     3.6861409692     7.5043105159
H       18.9583757008     3.6085004006     6.1510998567
C       19.4425564596     2.9557613199     6.8875765487
H       18.6923906858     2.7573184725     7.6639430927
H       20.6027986837     1.8034565200     5.4518588172
C       19.8381330873     1.6381906353     6.2218327077
H       18.9778660680     1.1443818275     5.7539756991
H       20.2632211063     0.9389960623     6.9502866784
H       21.3902559867     3.9085815658     6.7428141876
H       21.1106982954     3.0800028519     8.2799450234
H       20.3269427593     4.6340006937     7.9579628393
Si       16.4077451247     3.3313636081     4.3543474610
O       16.3268903486     4.9317039100     4.7031316222
O       17.8867700561     3.0356248708     3.8026205973
O       15.4483377306     2.8771853111     3.1148213807
O       16.1461572034     2.5066445566     5.7572575738
Si       16.3517914480     6.5596460865     4.4116013220
Si       13.8342226845     2.7866487466     2.7987470186
Si       18.9133340878     2.4675572414     2.6755534026
Si       15.6582492100     1.1386313146     6.5553822869
H       17.8551144900     6.7912222626     3.8963931557
H       15.5157910708     6.9045925836     3.2859590724
H       16.2241148447     7.3997226119     5.5948900583
H       12.9849240063     3.4328602276     3.1181869760
H       14.1120395046     2.9764362792     1.0100661011
H       18.4285144067     3.2763314469     1.3653866774
H       13.6107721928     1.2912588089     2.4795116051
H       18.5849785936     1.0655509786     2.3160406751
H       16.4715609076     0.9051083017     7.8144926342
H       14.3012019886     0.9326712145     6.7395641695
H       20.3282161113     2.6854908048     2.7773036023
H       16.2404807117     0.0217195154     5.5903020009
32
# Point -10 Energy = 0.0
C       20.6356866206     3.6809673107     7.5084144025
H       18.9614212086     3.6096674552     6.1539413220
C       19.4434182563     2.9544345029     6.8896311642
H       18.6922987073     2.7564503591     7.6652030115
H       20.6012175280     1.8026186517     5.4517032798
C       19.8363950721     1.6373326359     6.2214381478
H       18.9753489786     1.1464056039     5.7519080202
H       20.2597687277     0.9357793331     6.9486148829
H       21.3932490014     3.9032844230     6.7477211478
H       21.1111374840     3.0722338064     8.2830604828
H       20.3308792249     4.6285304174     7.9638831072
Si       16.4119930790     3.3429327094     4.3577977012
O       16.3289998582     4.9421122427     4.7074193799
O       17.8935151745     3.0429600525     3.8066692950
O       15.4436752797     2.8940504242     3.1225583909
O       16.1430729541     2.5160728272     5.7564301072
Si       16.3687582777     6.5680091907     4.4106474870
Si       13.8392740213     2.7590654682     2.7749465623
Si       18.9086671912     2.4756454845     2.6659172457
Si       15.6641644603     1.1396787010     6.5439090099
H       17.8616328979     6.8026289786     3.8974833033
H       15.5224251522     6.9137309654     3.2860235101
H       16.2313588585     7.4121296326     5.5965506725
H       12.9577923677     3.4118802651     3.1120445196
H       14.0859607970     2.9577263460     1.0126079794
H       18.4340053983     3.2837810734     1.3656880396
H       13.6263911965     1.2555335924     2.5140007775
H       18.5804623264     1.0703147659     2.3156632283
H       16.4649683707     0.9038140122     7.8096638125
H       14.2953016069     0.9396018096     6.7296962518
H       20.3314869224     2.6854324451     2.7762669734
H       16.2332536000     0.0284965141     5.5796621442
32
# Point -9 Energy = 0.0
C       20.6376592601     3.6761997902     7.5120656059
H       18.9641536742     3.6107313271     6.1565517087
C       19.4441533916     2.9532190350     6.8915091647
H       18.6922051107     2.7557155690     7.6664110162
H       20.5995270564     1.8018321883     5.4514407442
C       19.8346644792     1.6365396222     6.2210554405
H       18.9728694464     1.1482779876     5.7500461333
H       20.2565172654     0.9328306192     6.9470254044
H       21.3959376430     3.8983759716     6.7520469530
H       21.1115812348     3.0650904187     8.2857705413
H       20.3345370927     4.6234917174     7.9692175476
Si       16.4157827318     3.3536585576     4.3613860298
O       16.3304548389     4.9517161158     4.7116036905
O       17.8997831716     3.0495697208     3.8107697985
O       15.4385481928     2.9098426784     3.1306232677
O       16.1397714980     2.5249034196     5.7558808531
Si       16.3851541287     6.5754482743     4.4097962515
Si       13.8458105279     2.7326715553     2.7502992350
Si       18.9034553401     2.4834488454     2.6563294156
Si       15.6704142250     1.1404307492     6.5332464180
H       17.8675547772     6.8129634129     3.8985776404
H       15.5283981671     6.9221869854     3.2864043178
H       16.2381419200     7.4235331928     5.5983091198
H       12.9331661668     3.3923348450     3.1064740434
H       14.0623994317     2.9400455168     1.0149152453
H       18.4385351123     3.2906102304     1.3660335473
H       13.6415891738     1.2238277957     2.5460144781
H       18.5758674865     1.0747392888     2.3153919006
H       16.4589699329     0.9027287737     7.8054176291
H       14.2898556850     0.9461392005     6.7211155572
H       20.3340701131     2.6853615626     2.7752651293
H       16.2264523246     0.0348370328     5.5701715322
32
# Point -8 Energy = 0.0
C       20.6394579144     3.6718646990     7.5152767387
H       18.9665835685     3.6116925650     6.1589306567
C       19.4447750768     2.9521238686     6.8932196364
H       18.6921198916     2.7551205767     7.6675731214
H       20.5977591422     1.8011045855     5.4510959606
C       19.8329701060     1.6358171078     6.2207059363
H       18.9704619328     1.1499917703     5.7484085018
H       20.2534985237     0.9301631916     6.9455487828
H       21.3983295922     3.8938850835     6.7558070101
H       21.1120365376     3.0586077125     8.2880967815
H       20.3379102559     4.6189129594     7.9739698298
Si       16.4191333093     3.3635057215     4.3650930199
O       16.3312572810     4.9604811626     4.7156536429
O       17.9056017803     3.0554300437     3.8149160298
O       15.4329892095     2.9245039847     3.1389931983
O       16.1362715775     2.5331034878     5.7555977741
Si       16.4009531982     6.5819289019     4.4090146187
Si       13.8537657393     2.7075445424     2.7248412066
Si       18.8977414692     2.4909336383     2.6468049825
Si       15.6770195398     1.1408581761     6.5234003031
H       17.8728577425     6.8222166491     3.8996630042
H       15.5336934817     6.9299181230     3.2870627761
H       16.2444149193     7.4338992963     5.6001325152
H       12.9110680468     3.3744205550     3.1015482813
H       14.0412954413     2.9236185866     1.0170153611
H       18.4421510997     3.2967845290     1.3664273506
H       13.6560048563     1.1960352502     2.5753503616
H       18.5712627921     1.0787870367     2.3152417975
H       16.4535823492     0.9018464245     7.8017798710
H       14.2848846547     0.9522345282     6.7138194659
H       20.3360117885     2.6852696552     2.7743183629
H       16.2201177822     0.0406975874     5.5618584805
32
# Point -7 Energy = 0.0
C       20.6410865529     3.6679857115     7.5180607314
H       18.9687210462     3.6125518808     6.1610775816
C       19.4452953173     2.9511570661     6.8947708670
H       18.6920513712     2.7546710251     7.6686939694
H       20.5959441106     1.8004426022     5.4506922626
C       19.8313387720     1.6351700172     6.2204090623
H       18.9681588002     1.1515404150     5.7470108951
H       20.2507414212     0.9277887576     6.9442130082
H       21.4004320163     3.8898379308     6.7590176273
H       21.1125085402     3.0528170174     8.2900605817
H       20.3409921938     4.6148197164     7.9781447441
Si       16.4220643881     3.3724430401     4.3688979931
O       16.3314107434     4.9683767537     4.7195384593
O       17.9109990851     3.0605207101     3.8191010692
O       15.4270312574     2.9379823663     3.1476430265
O       16.1325910974     2.5406432421     5.7555663900
Si       16.4161328100     6.5874214771     4.4082712399
Si       13.8630693300     2.6837609630     2.6986159890
Si       18.8915686681     2.4980687683     2.6373573147
Si       15.6839993411     1.1409352772     6.5143724060
H       17.8775225945     6.8303833269     3.9007281530
H       15.5382982668     6.9368871157     3.2879612904
H       16.2501315124     7.4431975224     5.6019896884
H       12.8915058136     3.3583183680     3.0973307437
H       14.0225899195     2.9086528383     1.0189460091
H       18.4449022982     3.3022739455     1.3668730558
H       13.6693056785     1.1720347468     2.6018334234
H       18.5667157168     1.0824243557     2.3152249342
H       16.4488186607     0.9011622933     7.7987715004
H       14.2804065460     0.9578441667     6.7077994138
H       20.3373583705     2.6851497808     2.7734462577
H       16.2142883601     0.0460388018     5.5547456718
32
# Point -6 Energy = 0.0
C       20.6425478517     3.6645837261     7.5204307229
H       18.9705757375     3.6133100013     6.1629915609
C       19.4457246517     2.9503256778     6.8961702260
H       18.6920059041     2.7543716148     7.6697766905
H       20.5941105356     1.7998522268     5.4502514789
C       19.8297950823     1.6346026179     6.2201822115
H       18.9659901145     1.1529180148     5.7458662719
H       20.2482717031     0.9257174196     6.9430434045
H       21.4022512895     3.8862578147     6.7616959265
H       21.1130001830     3.0477458331     8.2916830007
H       20.3437756448     4.6112345700     7.9817480846
Si       16.4245958269     3.3804434832     4.3727789020
O       16.3309202802     4.9753758265     4.7232273702
O       17.9160034485     3.0648247877     3.8233170574
O       15.4207074503     2.9502318703     3.1565451223
O       16.1287469871     2.5474958720     5.7557696218
Si       16.4306733624     6.5919010474     4.4075363393
Si       13.8736474356     2.6613957261     2.6716737325
Si       18.8849801534     2.5048257397     2.6279979620
Si       15.6913702323     1.1406399292     6.5061602174
H       17.8815333110     6.8374614669     3.9017637064
H       15.5422034144     6.9430617856     3.2890632809
H       16.2552480694     7.4514008421     5.6038511202
H       12.8744735093     3.3441908724     3.0938778163
H       14.0062257913     2.8953369488     1.0207538154
H       18.4468390507     3.3070527212     1.3673735850
H       13.6811902918     1.1516970006     2.6253193432
H       18.5622924159     1.0856214824     2.3153501414
H       16.4446878827     0.9006732366     7.7964083938
H       14.2764367476     0.9629298206     6.7030406747
H       20.3381564711     2.6849964567     2.7726676068
H       16.2089997701     0.0508255671     5.5488499718
32
# Point -5 Energy = 0.0
C       20.6438428648     3.6616767399     7.5223999382
H       18.9721565148     3.6139675184     6.1646712052
C       19.4460718724     2.9496356303     6.8974240433
H       18.6919875707     2.7542260103     7.6708227682
H       20.5922850219     1.7993385990     5.4497938589
C       19.8283611774     1.6341184521     6.2200406537
H       18.9639834329     1.1541192331     5.7449846915
H       20.2461116475     0.9239576457     6.9420625485
H       21.4037926928     3.8831650238     6.7638597353
H       21.1135118220     3.0434177409     8.2929846629
H       20.3462522574     4.6081769551     7.9847865039
Si       16.4267476621     3.3874839605     4.3767121948
O       16.3297923225     4.9814546726     4.7266894438
O       17.9206433993     3.0683285321     3.8275550870
O       15.4140510469     2.9612123989     3.1656692425
O       16.1247550342     2.5536374336     5.7561876373
Si       16.4445582177     6.5953470554     4.4067815657
Si       13.8854229799     2.6405214242     2.6440704875
Si       18.8780192137     2.5111786036     2.6187365417
Si       15.6991462317     1.1399535510     6.4987568135
H       17.8848769682     6.8434522456     3.9027620002
H       15.5454033909     6.9484147910     3.2903329984
H       16.2597235609     7.4584853963     5.6056887873
H       12.8599529078     3.3321797852     3.0912419633
H       13.9921484561     2.8838402477     1.0224931131
H       18.4480130794     3.3110991843     1.3679310233
H       13.6913915945     1.1348917831     2.6456969125
H       18.5580576296     1.0883525056     2.3156230037
H       16.4411946833     0.9003776584     7.7947011246
H       14.2729877475     0.9674585630     6.6995221820
H       20.3384527365     2.6848055157     2.7720003296
H       16.2042848628     0.0550271437     5.5441822987
32
# Point -4 Energy = 0.0
C       20.6449707109     3.6592797506     7.5239815406
H       18.9734712496     3.6145247459     6.1661145206
C       19.4463437492     2.9490916284     6.8985374860
H       18.6919978847     2.7542367635     7.6718319157
H       20.5904919673     1.7989059237     5.4493379984
C       19.8270564760     1.6337202673     6.2199974580
H       18.9621635743     1.1551392336     5.7443732543
H       20.2442797760     0.9225162454     6.9412902103
H       21.4050601193     3.8805767127     6.7655274406
H       21.1140408822     3.0398523494     8.2939856236
H       20.3484122642     4.6056630392     7.9872673314
Si       16.4285399578     3.3935451056     4.3806727021
O       16.3280345226     4.9865927119     4.7298934127
O       17.9249474705     3.0710211664     3.8318051003
O       15.4070953438     2.9708894951     3.1749824286
O       16.1206296982     2.5590467259     5.7567977371
Si       16.4577735431     6.5977430654     4.4059798134
Si       13.8983159755     2.6212076296     2.6158674957
Si       18.8707290951     2.5171038619     2.6095806322
Si       15.7073385110     1.1388610485     6.4921507665
H       17.8875436005     6.8483597410     3.9037168874
H       15.5478960282     6.9529233370     3.2917353199
H       16.2635194127     7.4644302630     5.6074759644
H       12.8479152787     3.3224037791     3.0894755205
H       13.9803065395     2.8743122405     1.0242248025
H       18.4484773754     3.3143955170     1.3685464630
H       13.6996801039     1.1214948582     2.6628894906
H       18.5540745209     1.0905952722     2.3160458366
H       16.4383390712     0.9002755276     7.7936548180
H       14.2700688586     0.9714028438     6.6972164415
H       20.3382936305     2.6845739233     2.7714613759
H       16.2001734089     0.0586172273     5.5407475717
32
# Point -3 Energy = 0.0
C       20.6459279112     3.6574041738     7.5251887133
H       18.9745264503     3.6149816595     6.1673186643
C       19.4465443642     2.9486969153     6.8995143156
H       18.6920349213     2.7544051204     7.6728016582
H       20.5887529662     1.7985572342     5.4489006770
C       19.8258968795     1.6334098275     6.2200631547
H       18.9605518352     1.1559737410     5.7440355345
H       20.2427897487     0.9213980145     6.9407429991
H       21.4060556190     3.8785062699     6.7667182500
H       21.1145808929     3.0370645264     8.2947054571
H       20.3502439193     4.6037051120     7.9891987198
Si       16.4299928074     3.3986119760     4.3846328734
O       16.3256560130     4.9907731214     4.7328071151
O       17.9289442437     3.0728953775     3.8360553714
O       15.3998738690     2.9792354283     3.1844480090
O       16.1163836347     2.5637058711     5.7575734208
Si       16.4703090563     6.5990774016     4.4051050241
Si       13.9122444220     2.6035179892     2.5871328297
Si       18.8631531333     2.5225810027     2.6005353843
Si       15.7159545178     1.1373515257     6.4863249680
H       17.8895271211     6.8521912969     3.9046238820
H       15.5496835298     6.9565703073     3.2932354823
H       16.2666002758     7.4692178811     5.6091871971
H       12.8383230438     3.3149536667     3.0886373014
H       13.9706507627     2.8668790992     1.0260169881
H       18.4482867626     3.3169285484     1.3692196100
H       13.7058700256     1.1113918835     2.6768582368
H       18.5504046148     1.0923321013     2.3166170870
H       16.4361152623     0.9003688171     7.7932680489
H       14.2676852610     0.9747413997     6.6960881855
H       20.3377255322     2.6842999887     2.7710666301
H       16.1966912033     0.0615747223     5.5385435713
32
# Point -2 Energy = 0.0
C       20.6467093644     3.6560590554     7.5260337224
H       18.9753274539     3.6153375877     6.1682801409
C       19.4466760788     2.9484535941     6.9003570938
H       18.6920948813     2.7547313437     7.6737281303
H       20.5870874497     1.7982946609     5.4484968790
C       19.8248959750     1.6331881543     6.2202463424
H       18.9591671579     1.1566186288     5.7439729961
H       20.2416523633     0.9206065690     6.9404350462
H       21.4067797817     3.8769645409     6.7674506506
H       21.1151232419     3.0350662534     8.2951623137
H       20.3517342865     4.6023128320     7.9905884317
Si       16.4311255663     3.4026715209     4.3885647946
O       16.3226660758     4.9939804955     4.7353987088
O       17.9326613153     3.0739452305     3.8402937039
O       15.3924190328     2.9862256537     3.1940284326
O       16.1120282515     2.5675984723     5.7584869392
Si       16.4821553605     6.5993405646     4.4041323289
Si       13.9271227315     2.5875156091     2.5579343654
Si       18.8553334992     2.5275906984     2.5916042414
Si       15.7249993324     1.1354162753     6.4812600496
H       17.8908221510     6.8549556962     3.9054790610
H       15.5507687659     6.9593402872     3.2947994327
H       16.2689315446     7.4728322390     5.6107978719
H       12.8311319695     3.3098985469     3.0887877770
H       13.9631414283     2.8616514293     1.0279392613
H       18.4474953055     3.3186867634     1.3699493736
H       13.7098156552     1.1044903420     2.6875950490
H       18.5471067367     1.0935474881     2.3173330272
H       16.4345137137     0.9006604556     7.7935357783
H       14.2658395213     0.9774569973     6.6960984209
H       20.3367932206     2.6839820504     2.7708306773
H       16.1938613878     0.0638819641     5.5375643184
32
# Point -1 Energy = 0.0
C       20.6473071779     3.6552499418     7.5265284421
H       18.9758779423     3.6155913155     6.1689944245
C       19.4467383581     2.9483622556     6.9010668335
H       18.6921704088     2.7552143953     7.6746052662
H       20.5855117401     1.7981190632     5.4481396597
C       19.8240636075     1.6330552299     6.2205530920
H       18.9580247251     1.1570701768     5.7441837779
H       20.2408734173     0.9201436048     6.9403773880
H       21.4072310743     3.8759586340     6.7677434058
H       21.1156553133     3.0338650100     8.2953734836
H       20.3528682660     4.6014920622     7.9914445320
Si       16.4319572038     3.4057144806     4.3924383719
O       16.3190750371     4.9962025918     4.7376354125
O       17.9361258245     3.0741676440     3.8445062775
O       15.3847629739     2.9918415652     3.2036828401
O       16.1075729171     2.5707110804     5.7595070857
Si       16.4933060133     6.5985270688     4.4030376636
Si       13.9428636329     2.5732572476     2.5283456580
Si       18.8473119034     2.5321161853     2.5827882075
Si       15.7344740768     1.1330504900     6.4769315651
H       17.8914265148     6.8566643171     3.9062796530
H       15.5511581098     6.9612226404     3.2963933184
H       16.2704814127     7.4752601069     5.6122843062
H       12.8262923545     3.3072782435     3.0899993170
H       13.9577437118     2.8587174094     1.0300662615
H       18.4461581032     3.3196625082     1.3707331333
H       13.7114190036     1.1007174178     2.6951272927
H       18.5442374509     1.0942299065     2.3181864054
H       16.4335189939     0.9011553453     7.7944468673
H       14.2645298255     0.9795384091     6.6972012045
H       20.3355406651     2.6836192987     2.7707668156
H       16.1917028407     0.0655263544     5.5377973975
32
# Point 0 Energy = 0
C       20.6477110000     3.6549790000     7.5266840000
H       18.9761800000     3.6157410000     6.1694560000
C       19.4467280000     2.9484220000     6.9016430000
H       18.6922510000     2.7558520000     7.6754250000
H       20.5840390000     1.7980300000     5.4478400000
C       19.8234060000     1.6330100000     6.2209870000
H       18.9571360000     1.1573250000     5.7446630000
H       20.2404540000     0.9200090000     6.9405780000
H       21.4074060000     3.8754920000     6.7676150000
H       21.1161610000     3.0334640000     8.2953550000
H       20.3536290000     4.6012450000     7.9917750000
Si       16.4325060000     3.4077350000     4.3962220000
O       16.3148940000     4.9974300000     4.7394840000
O       17.9393640000     3.0735620000     3.8486780000
O       15.3769370000     2.9960700000     3.2133680000
O       16.1030250000     2.5730330000     5.7606000000
Si       16.5037570000     6.5966350000     4.4017980000
Si       13.9593780000     2.5607940000     2.4984440000
Si       18.8391290000     2.5361430000     2.5740860000
Si       15.7443760000     1.1302530000     6.4733110000
H       17.8913405600     6.8573308000     3.9070238400
H       15.5508605600     6.9622108000     3.2979838400
H       16.2712205600     7.4764908000     5.6136238400
H       12.8237502400     3.3071035200     3.0923555200
H       13.9544302400     2.8581435200     1.0324755200
H       18.4443303200     3.3198514400     1.3715668800
H       13.7106302400     1.1000235200     2.6995155200
H       18.5418503200     1.0943714400     2.3191668800
H       16.4331100800     0.9018602400     7.7959848800
H       14.2637500800     0.9809802400     6.6993448800
H       20.3340103200     2.6832114400     2.7708868800
H       16.1902300800     0.0665002400     5.5392248800
32
# Point 1 Energy = 0.0
C       20.6479061152     3.6552463500     7.5265131206
H       18.9762339183     3.6157842580     6.1696586484
C       19.4466385173     2.9486308790     6.9020843872
H       18.6923215709     2.7566405225     7.6761772230
H       20.5826812507     1.7980270454     5.4476090908
C       19.8229269321     1.6330511126     6.2215505448
H       18.9565108428     1.1573801473     5.7454030623
H       20.2403912990     0.9202018683     6.9410436808
H       21.4072979712     3.8755663344     6.7670869075
H       21.1166182979     3.0338638368     8.2951245716
H       20.3539947039     4.6015712799     7.9915896982
Si       16.4327916927     3.4087288029     4.3998797259
O       16.3101354280     4.9976542283     4.7409078882
O       17.9424041670     3.0721294061     3.8527914420
O       15.3689752315     2.9989011310     3.2230342403
O       16.0983908465     2.5745541991     5.7617258597
Si       16.5135065196     6.5936641858     4.4003888024
Si       13.9765798780     2.5501704518     2.4683030281
Si       18.8308293534     2.5396591358     2.5654940045
Si       15.7546993859     1.1270238671     6.4703619665
H       17.8905671720     6.8569709566     3.9077097602
H       15.5498879232     6.9622992201     3.2995349149
H       16.2711191849     7.4765135286     5.6147923315
H       12.8234762415     3.3093654145     3.0959745847
H       13.9531407106     2.8599753696     1.0352404000
H       18.4420739589     3.3192518239     1.3724440192
H       13.7074280125     1.1023894538     2.7008618852
H       18.5400020521     1.0939674440     2.3202622093
H       16.4332586575     0.9027813727     7.7981255799
H       14.2634904399     0.9817808129     6.7024662162
H       20.3322474050     2.6827595840     2.7712049434
H       16.1894549201     0.0667979772     5.5418206227
32
# Point 2 Energy = 0.0
C       20.6478757286     3.6560493674     7.5260276742
H       18.9760385974     3.6157181107     6.1695952925
C       19.4464611696     2.9489857273     6.9023884577
H       18.6923644412     2.7575753448     7.6768502064
H       20.5814477765     1.7981087505     5.4474563361
C       19.8226271068     1.6331764270     6.2222441762
H       18.9561559584     1.1572329867     5.7463940190
H       20.2406785560     0.9207199807     6.9417787215
H       21.4068986793     3.8761803337     6.7661800483
H       21.1170022979     3.0350617394     8.2946986219
H       20.3539421159     4.6024675157     7.9908981329
Si       16.4328333165     3.4086941566     4.4033746253
O       16.3048123438     4.9968688270     4.7418702250
O       17.9452736762     3.0698727757     3.8568283088
O       15.3609108580     3.0003293073     3.2326302533
O       16.0936751319     2.5752667908     5.7628429240
Si       16.5225545825     6.5896170953     4.3987864919
Si       13.9943824850     2.5414250725     2.4379991109
Si       18.8224564755     2.5426544269     2.5570066827
Si       15.7654351974     1.1233661834     6.4680451922
H       17.8891109778     6.8556021094     3.9083361005
H       15.5482537229     6.9614851706     3.3010109827
H       16.2701494445     7.4753193217     5.6157663410
H       12.8254424674     3.3140278281     3.1009843432
H       13.9538205742     2.8642400017     1.0384377894
H       18.4394506000     3.3178643839     1.3733568222
H       13.7018303882     1.1078224839     2.6992936578
H       18.5387464653     1.0930163177     2.3214578251
H       16.4339314941     0.9039265435     7.8008404569
H       14.2637372883     0.9819434440     6.7064976026
H       20.3302953974     2.6822651234     2.7717336653
H       16.1893852852     0.0664183525     5.5455542723
32
# Point 3 Energy = 0.0
C       20.6476032693     3.6573810836     7.5252360800
H       18.9755919057     3.6155389516     6.1692577357
C       19.4461857246     2.9494816803     6.9025504262
H       18.6923610023     2.7586510552     7.6774307463
H       20.5803427630     1.7982711602     5.4473868374
C       19.8225027191     1.6333822039     6.2230648656
H       18.9560723491     1.1568812023     5.7476233413
H       20.2413039746     0.9215585520     6.9427828733
H       21.4061995396     3.8773274194     6.7649111219
H       21.1172879842     3.0370494825     8.2940890370
H       20.3534503426     4.6039259587     7.9897072725
Si       16.4326468898     3.4076342108     4.4066720967
O       16.2989379698     4.9950718746     4.7423372673
O       17.9479955262     3.0667978168     3.8607706752
O       15.3527720623     3.0003559497     3.2421078544
O       16.0888797870     2.5751677296     5.7639113833
Si       16.5309035904     6.5845010535     4.3969713893
Si       14.0126935546     2.5345911742     2.4076184133
Si       18.8140471938     2.5451207544     2.5486166820
Si       15.7765697348     1.1192890174     6.4663229109
H       17.8869786262     6.8532434168     3.9089032375
H       15.5459731403     6.9597724154     3.3023810157
H       16.2682892366     7.4729040897     5.6165261098
H       12.8295932614     3.3210164566     3.1074999104
H       13.9564629711     2.8709442591     1.0421519807
H       18.4365138634     3.3156933214     1.3742976347
H       13.6939163254     1.1163452628     2.6949521254
H       18.5381272994     1.0915201717     2.3227359092
H       16.4350919767     0.9053079512     7.8040996775
H       14.2644722334     0.9814793620     6.7113738243
H       20.3281910436     2.6817287724     2.7724804172
H       16.1900227396     0.0653681904     5.5503945080
32
# Point 4 Energy = 0.0
C       20.6470707352     3.6592316354     7.5241458113
H       18.9748907183     3.6152427228     6.1686370881
C       19.4458000815     2.9501127096     6.9025642996
H       18.6922905279     2.7598614269     7.6779042844
H       20.5793675522     1.7985091827     5.4474038787
C       19.8225468742     1.6336639066     6.2240076598
H       18.9562576618     1.1563229368     5.7490764127
H       20.2422517724     0.9227113587     6.9440534497
H       21.4051908138     3.8789977496     6.7632960410
H       21.1174480852     3.0398152029     8.2933062817
H       20.3524979423     4.6059357395     7.9880236551
Si       16.4322477860     3.4055552200     4.4097371355
O       16.2925265259     4.9922641528     4.7422755582
O       17.9505915918     3.0629123218     3.8646000356
O       15.3445858960     2.9989874727     3.2514180592
O       16.0840052040     2.5742567933     5.7648902029
Si       16.5385583022     6.5783264488     4.3949251555
Si       14.0314203297     2.5296974435     2.3772491524
Si       18.8056368104     2.5470522131     2.5403149738
Si       15.7880857536     1.1148050133     6.4651551929
H       17.8841789855     6.8499158481     3.9094122595
H       15.5430633908     6.9571681903     3.3036152076
H       16.2655194172     7.4692660566     5.6170530511
H       12.8358719842     3.3302291533     3.1156458370
H       13.9610656422     2.8800773165     1.0464663215
H       18.4333164105     3.3127455819     1.3752577999
H       13.6838043842     1.1279974838     2.6879998693
H       18.5381845833     1.0894844243     2.3240768091
H       16.4366987052     0.9069398879     7.8078697823
H       14.2656728684     0.9804055745     6.7170263814
H       20.3259688929     2.6811514517     2.7734511781
H       16.1913643711     0.0636593804     5.5563065353
32
# Point 5 Energy = 0.0
C       20.6462589115     3.6615872150     7.5227636598
H       18.9739311908     3.6148251737     6.1677238889
C       19.4452901479     2.9508713893     6.9024228267
H       18.6921298980     2.7611993026     7.6782547459
H       20.5785200089     1.7988162642     5.4475085877
C       19.8227488127     1.6340159947     6.2250652374
H       18.9567051872     1.1555571827     5.7507358695
H       20.2435009850     0.9241700692     6.9455846925
H       21.4038619974     3.8811770439     6.7613503165
H       21.1174529165     3.0433418447     8.2923595052
H       20.3510636141     4.6084818181     7.9858539333
Si       16.4316509972     3.4024686879     4.4125341935
O       16.2855943106     4.9884512636     4.7416522906
O       17.9530827385     3.0582277219     3.8682971606
O       15.3363784142     2.9962383802     3.2605107511
O       16.0790499771     2.5725384447     5.7657367036
Si       16.5455277121     6.5711088051     4.3926316551
Si       14.0504714308     2.5267642923     2.3469825388
Si       18.7972590462     2.5484467035     2.5320906326
Si       15.7999613493     1.1099321127     6.4644990265
H       17.8807251607     6.8456437090     3.9098660089
H       15.5395458317     6.9536861475     3.3046859391
H       16.2618260909     7.4644075535     5.6173308650
H       12.8442209506     3.3415293537     3.1255559143
H       13.9676256722     2.8916038842     1.0514635969
H       18.4299103430     3.3090330441     1.3762276305
H       13.6716549367     1.1428263665     2.6786223317
H       18.5389538424     1.0869196003     2.3254583874
H       16.4387042049     0.9088396432     7.8121127278
H       14.2673115298     0.9787472388     6.7233824292
H       20.3236612673     2.6805350160     2.7746504584
H       16.1934011238     0.0613107333     5.5632508551
32
# Point 6 Energy = 0.0
C       20.6451479246     3.6644324077     7.5210959024
H       18.9727091705     3.6142818278     6.1665084328
C       19.4446409103     2.9517497464     6.9021182518
H       18.6918549158     2.7626572905     7.6784655056
H       20.5777964241     1.7991852589     5.4477013643
C       19.8230960303     1.6344326247     6.2262295279
H       18.9574063210     1.1545833956     5.7525836199
H       20.2450282818     0.9259257686     6.9473698541
H       21.4022021082     3.8838490908     6.7590889952
H       21.1172715599     3.0476104028     8.2912571039
H       20.3491259924     4.6115473940     7.9832044199
Si       16.4308714958     3.3983878920     4.4150278626
O       16.2781587389     4.9836403793     4.7404349022
O       17.9554893903     3.0527565265     3.8718428558
O       15.3281752687     2.9921261104     3.2693357558
O       16.0740121387     2.5700190321     5.7664078596
Si       16.5518225937     6.5628653105     4.3900754263
Si       14.0697557823     2.5258115649     2.3169094301
Si       18.7889470122     2.5493034933     2.5239319214
Si       15.8121723943     1.1046907286     6.4643106446
H       17.8766317537     6.8404521268     3.9102672454
H       15.5354430750     6.9493413991     3.3055661537
H       16.2571975670     7.4583322199     5.6173434198
H       12.8545848746     3.3547584459     3.1373721282
H       13.9761348579     2.9054803366     1.0572242683
H       18.4263472877     3.3045688216     1.3771969395
H       13.6576528133     1.1608880918     2.6670133134
H       18.5404682198     1.0838383121     2.3268581609
H       16.4410577672     0.9110261918     7.8167883206
H       14.2693578644     0.9765337117     6.7303673526
H       20.3212990695     2.6798811194     2.7760821305
H       16.1961209962     0.0583449776     5.5711862909
32
# Point 7 Energy = 0.0
C       20.6437173863     3.6677480040     7.5191486949
H       18.9712204761     3.6136083820     6.1649808642
C       19.4438359453     2.9527386771     6.9016420381
H       18.6914395116     2.7642273801     7.6785188666
H       20.5771900860     1.7996077189     5.4479810019
C       19.8235725672     1.6349071454     6.2274906052
H       18.9583484344     1.1534021648     5.7545992772
H       20.2468054428     0.9279675307     6.9493996814
H       21.4002001657     3.8869933464     6.7565273176
H       21.1168712787     3.0525967282     8.2900067754
H       20.3466646742     4.6151117008     7.9800820745
Si       16.4299245314     3.3933320099     4.4171824130
O       16.2702401826     4.9778442812     4.7385916725
O       17.9578315685     3.0465153373     3.8752175111
O       15.3200017686     2.9866770288     3.2778419447
O       16.0688884306     2.5667102905     5.7668592297
Si       16.5574589212     6.5536188493     4.3872433631
Si       14.0891859724     2.5268512026     2.2871221590
Si       18.7807329376     2.5496262678     2.5158256459
Si       15.8246902362     1.0991070025     6.4645434200
H       17.8719185829     6.8343700359     3.9106207137
H       15.5307829119     6.9441562582     3.3062311854
H       16.2516285051     7.4510484393     5.6170769608
H       12.8669103897     3.3697224271     3.1512442279
H       13.9865725178     2.9216401002     1.0638280721
H       18.4226790469     3.2993715524     1.3781548463
H       13.6420148879     1.1822336390     2.6533824035
H       18.5427568169     1.0802587396     2.3282516889
H       16.4437027733     0.9135218196     7.8218520443
H       14.2717763090     0.9738030556     6.7379023325
H       20.3189116046     2.6791926418     2.7777491114
H       16.1995057366     0.0547922430     5.5800672168
32
# Point 8 Energy = 0.0
C       20.6419464836     3.6715140497     7.5169286287
H       18.9694611878     3.6128005960     6.1631314668
C       19.4428584119     2.9538289954     6.9009858192
H       18.6908568484     2.7659017159     7.6783970584
H       20.5766938608     1.8000750762     5.4483468002
C       19.8241616636     1.6354329922     6.2288388226
H       18.9595181456     1.1520146436     5.7567625498
H       20.2488027718     0.9302843920     6.9516652424
H       21.3978451356     3.8905882790     6.7536812065
H       21.1162182519     3.0582757658     8.2886166981
H       20.3436591139     4.6191531201     7.9764942045
Si       16.4288263648     3.3873214253     4.4189618104
O       16.2618607630     4.9710768969     4.7360903542
O       17.9601300975     3.0395214864     3.8784016510
O       15.3118842670     2.9799194770     3.2859774279
O       16.0636758508     2.5626254091     5.7670456417
Si       16.5624547252     6.5433933730     4.3841220058
Si       14.1086758207     2.5298977721     2.2577112770
Si       18.7726502810     2.5494198807     2.5077583388
Si       15.8374847943     1.0932088589     6.4651497508
H       17.8666072828     6.8274268378     3.9109304300
H       15.5255948947     6.9381535778     3.3066556337
H       16.2451155595     7.4425654910     5.6165165727
H       12.8811513826     3.3862077795     3.1673319792
H       13.9988978696     2.9400145151     1.0713538642
H       18.4189588750     3.2934606239     1.3790901943
H       13.6249684197     1.2069134944     2.6379405046
H       18.5458485295     1.0762006885     2.3296149914
H       16.4465799407     0.9163501083     7.8272572532
H       14.2745292905     0.9705964686     6.7459061015
H       20.3165284579     2.6784723403     2.7796546681
H       16.2035352582     0.0506858696     5.5898464122
32
# Point 9 Energy = 0.0
C       20.6398145835     3.6757056247     7.5144426107
H       18.9674279607     3.6118548667     6.1609506842
C       19.4416902384     2.9550101947     6.9001405324
H       18.6900782566     2.7676717507     7.6780812272
H       20.5762970448     1.8005771504     5.4487961135
C       19.8248424069     1.6360025918     6.2302622509
H       18.9608970037     1.1504236404     5.7590501843
H       20.2509845294     0.9328625542     6.9541544286
H       21.3951268424     3.8946067302     6.7505673254
H       21.1152771413     3.0646154771     8.2870945824
H       20.3400910510     4.6236449309     7.9724495664
Si       16.4275939089     3.3803852068     4.4203297715
O       16.2530469875     4.9633606408     4.7329002247
O       17.9624055359     3.0317984131     3.8813753844
O       15.3038488780     2.9718947159     3.2936892251
O       16.0583699499     2.5577854107     5.7669202424
Si       16.5668355597     6.5322211980     4.3807015647
Si       14.1281466865     2.5349543118     2.2287679982
Si       18.7647315799     2.5486958358     2.4997149599
Si       15.8505202315     1.0870319547     6.4660783549
H       17.8607271628     6.8196578031     3.9112038550
H       15.5199163349     6.9313672625     3.3068180086
H       16.2376646684     7.4328997928     5.6156512934
H       12.8972660930     3.4039573343     3.1857985771
H       14.0130479771     2.9605036236     1.0798802373
H       18.4152405413     3.2868638562     1.3799912607
H       13.6067700880     1.2349577510     2.6209169912
H       18.5497671759     1.0716918095     2.3309215272
H       16.4496228262     0.9195389333     7.8329520818
H       14.2775726315     0.9669666367     6.7542922339
H       20.3141775963     2.6777252484     2.7818011091
H       16.2081811281     0.0460687495     5.6004709529
32
# Point 10 Energy = 0.0
C       20.6371303892     3.6807463309     7.5118186511
H       18.9650706158     3.6107182461     6.1584197997
C       19.4403361033     2.9564070225     6.8992077010
H       18.6890709659     2.7696102993     7.6776242031
H       20.5763602853     1.8012862768     5.4496718916
C       19.8259335099     1.6367373140     6.2320528184
H       18.9629412157     1.1485315812     5.7617310220
H       20.2537346259     0.9359902907     6.9572804366
H       21.3918839287     3.8995264437     6.7473588224
H       21.1138996940     3.0722212739     8.2856834739
H       20.3355457472     4.6290057700     7.9679371023
Si       16.4263862437     3.3717851772     4.4210596933
O       16.2436275655     4.9539554816     4.7285917692
O       17.9649339607     3.0228402833     3.8840974524
O       15.2962377258     2.9615161995     3.3006918931
O       16.0531608059     2.5515366138     5.7663164829
Si       16.5701517909     6.5193885590     4.3764041273
Si       14.1466980299     2.5436605475     2.2002699447
Si       18.7574736671     2.5469274450     2.4917842468
Si       15.8641949622     1.0799781540     6.4673200475
H       17.8538147502     6.8105471053     3.9109509628
H       15.5133191382     6.9227479872     3.3059936370
H       16.2285294170     7.4214109924     5.6137639905
H       12.9160583490     3.4249749813     3.2083150000
H       14.0280602843     2.9860623302     1.0899063768
H       18.4119867665     3.2788617200     1.3808297971
H       13.5852821897     1.2682762723     2.6012762616
H       18.5553067925     1.0661556905     2.3324145212
H       16.4531232059     0.9227697569     7.8389965554
H       14.2812973823     0.9620515050     6.7629052590
H       20.3123027769     2.6767580918     2.7844051987
H       16.2141277147     0.0403162573     5.6120862204
32
# Point 11 Energy = 0.0
C       20.6347766498     3.6846306928     7.5087051307
H       18.9627214171     3.6096624348     6.1557510824
C       19.4388134249     2.9574359167     6.8978458147
H       18.6879679406     2.7713463039     7.6768477704
H       20.5753496321     1.8014584807     5.4495466006
C       19.8260370310     1.6371016324     6.2329590632
H       18.9636491401     1.1468451272     5.7635808118
H       20.2552935517     0.9383281800     6.9592283878
H       21.3889172502     3.9031182004     6.7435584738
H       21.1127066429     3.0782118315     8.2835042781
H       20.3319145555     4.6332310413     7.9632677897
Si       16.4246951725     3.3650621902     4.4221444432
O       16.2346079432     4.9464003276     4.7251329030
O       17.9666932298     3.0151344563     3.8867726012
O       15.2877322629     2.9539389551     3.3081611128
O       16.0473205462     2.5469669096     5.7658978963
Si       16.5746190830     6.5083577151     4.3736703213
Si       14.1675695320     2.5485090739     2.1724741881
Si       18.7489150352     2.5465417137     2.4835478619
Si       15.8766710144     1.0747192056     6.4685691533
H       17.8481337435     6.8027011481     3.9121885701
H       15.5079164450     6.9170388407     3.3071517098
H       16.2212204418     7.4113365049     5.6138504444
H       12.9329027719     3.4396896815     3.2275050641
H       14.0467571396     3.0033738811     1.0991919741
H       18.4075183272     3.2727980389     1.3817026983
H       13.5707063255     1.2974237193     2.5847162702
H       18.5589437965     1.0622404615     2.3330453979
H       16.4556184886     0.9272512892     7.8448127158
H       14.2838431216     0.9596988404     6.7718784016
H       20.3092075420     2.6763825688     2.7864687488
H       16.2182414017     0.0363666367     5.6234876808
32
# Point 12 Energy = 0.0
C       20.6187800060     3.6861376539     7.5191537549
H       18.9583909197     3.6089710962     6.1520988296
C       19.4291451258     2.9571827192     6.8979988803
H       18.6720841355     2.7696536537     7.6706768703
H       20.5790274219     1.8042571286     5.4578898132
C       19.8241507221     1.6379394011     6.2354915504
H       18.9665678866     1.1464915356     5.7584529862
H       20.2488498768     0.9395164719     6.9647850140
H       21.3788119748     3.9064458829     6.7603356973
H       21.0914098753     3.0800991084     8.2975131377
H       20.3104168084     4.6338657116     7.9718691100
Si       16.4360145706     3.3620965851     4.3998414596
O       16.2354796152     4.9417509669     4.7005285938
O       17.9861998116     3.0130150145     3.8785210586
O       15.3020327794     2.9525282953     3.2814345398
O       16.0431703048     2.5427436870     5.7368192544
Si       16.5915309780     6.5012182821     4.3571932059
Si       14.1479894571     2.5370032381     2.1829062097
Si       18.7703516475     2.5557294670     2.4700764896
Si       15.8853540080     1.0684397096     6.4364810417
H       17.8588379194     6.8002895275     3.9116047558
H       15.5241317981     6.9179989652     3.2865604626
H       16.2152779325     7.4015964692     5.5995307913
H       12.9690281149     3.4583755359     3.3365339515
H       13.9663099761     2.9809499557     1.1440315578
H       18.4421952206     3.2789855171     1.3762719866
H       13.5394586121     1.3196950480     2.6648344034
H       18.5947399600     1.0683504452     2.3228424513
H       16.4424847723     0.9278454814     7.8218074323
H       14.2800641267     0.9551700013     6.7336262577
H       20.3333645903     2.6855089233     2.7971819342
H       16.2263296519     0.0334505215     5.6022718783
32
# Point 13 Energy = 0.0
C       20.6164934525     3.6894257623     7.5152927020
H       18.9558692565     3.6078097369     6.1489675988
C       19.4274031447     2.9579477890     6.8960547259
H       18.6708410325     2.7712594860     7.6694363971
H       20.5772645606     1.8039820920     5.4569154429
C       19.8235875626     1.6379960130     6.2356747465
H       18.9664077833     1.1447380746     5.7597012223
H       20.2496835903     0.9414024767     6.9659000206
H       21.3758423158     3.9093051693     6.7556680304
H       21.0902566497     3.0853331160     8.2944722636
H       20.3071700580     4.6375333230     7.9665571452
Si       16.4337801157     3.3560068386     4.4008852171
O       16.2264098947     4.9347668217     4.6971456110
O       17.9872653047     3.0056233426     3.8810144444
O       15.2928075208     2.9460560892     3.2889023220
O       16.0367465667     2.5387954023     5.7362717777
Si       16.5963358297     6.4907281399     4.3560353518
Si       14.1690215746     2.5401281326     2.1550993226
Si       18.7609013084     2.5561965179     2.4616499658
Si       15.8971119548     1.0646041658     6.4384474014
H       17.8535924805     6.7926929701     3.9146616409
H       15.5192296276     6.9142019795     3.2897744561
H       16.2084622919     7.3912184541     5.6015606521
H       12.9866977333     3.4687143205     3.3544767513
H       13.9904434534     2.9929315030     1.1519314183
H       18.4365856744     3.2741150450     1.3772695981
H       13.5290181191     1.3487454472     2.6491697602
H       18.5977829608     1.0656231581     2.3226192919
H       16.4443046846     0.9341081275     7.8279697461
H       14.2819195384     0.9548192375     6.7436593649
H       20.3291798864     2.6858555783     2.7991553395
H       16.2295646729     0.0306376897     5.6148256314
32
# Point 14 Energy = 0.0
C       20.5999364418     3.6912889403     7.5244762619
H       18.9508581701     3.6068415554     6.1444807569
C       19.4172527417     2.9576973148     6.8954317272
H       18.6546982129     2.7696628994     7.6626371877
H       20.5802985117     1.8065705431     5.4647042055
C       19.8212701921     1.6387235564     6.2378100163
H       18.9689468442     1.1440118648     5.7545218043
H       20.2430236263     0.9427521969     6.9711560948
H       21.3649498360     3.9128991943     6.7710171543
H       21.0686042198     3.0878675517     8.3072676642
H       20.2850712453     4.6385943815     7.9736248536
Si       16.4442407288     3.3518927311     4.3784285485
O       16.2263190874     4.9289367839     4.6718147728
O       18.0057638871     3.0024728013     3.8726510235
O       15.3062041172     2.9431033572     3.2621958479
O       16.0321426793     2.5337186098     5.7070738049
Si       16.6118815119     6.4823964815     4.3400350408
Si       14.1475079651     2.5300061385     2.1656989708
Si       18.7814250749     2.5647697105     2.4481805639
Si       15.9058125113     1.0584679276     6.4078533624
H       17.8627124511     6.7891453240     3.9145562006
H       15.5340332408     6.9144985660     3.2699791324
H       16.2008907550     7.3796711828     5.5874801628
H       13.0328798524     3.4892338548     3.4618838160
H       13.9173411872     2.9727322884     1.1999264232
H       18.4696303505     3.2794796555     1.3720394044
H       13.5017580984     1.3759027067     2.7289869562
H       18.6334880966     1.0713187183     2.3124778503
H       16.4311858195     0.9358816379     7.8058882581
H       14.2782186861     0.9504514894     6.7071088618
H       20.3518810457     2.6949152476     2.8099564525
H       16.2377534118     0.0273967886     5.5958221795
32
# Point 15 Energy = 0.0
C       20.5977866502     3.6939741700     7.5199218763
H       18.9482408535     3.6055770697     6.1409182970
C       19.4153537261     2.9582017463     6.8929480668
H       18.6533635363     2.7711616417     7.6609690517
H       20.5778513509     1.8058170250     5.4629419851
C       19.8200945664     1.6384603951     6.2373241803
H       18.9679682339     1.1421860575     5.7552139360
H       20.2431707770     0.9441748505     6.9715027682
H       21.3620612239     3.9149998023     6.7655427666
H       21.0675457276     3.0923391424     8.3034302257
H       20.2822844643     4.6417088809     7.9677161048
Si       16.4415496309     3.3464553662     4.3794286977
O       16.2172976470     4.9225585864     4.6684943637
O       18.0062264722     2.9953832986     3.8749773512
O       15.2963576425     2.9377559249     3.2696518962
O       16.0251985949     2.5304378961     5.7064025136
Si       16.6170442399     6.4724601325     4.3404270829
Si       14.1686587334     2.5313911203     2.1380053802
Si       18.7711911042     2.5660535212     2.4396175551
Si       15.9168171029     1.0561127034     6.4105456582
H       17.8579243783     6.7818416159     3.9194408794
H       15.5296644780     6.9125794719     3.2752390520
H       16.1945347733     7.3690039504     5.5914100011
H       13.0508459403     3.4954442633     3.4786196796
H       13.9460646849     2.9793235346     1.2059903857
H       18.4630141097     3.2757473638     1.3731923907
H       13.4954227545     1.4044367822     2.7138211454
H       18.6360337931     1.0697465510     2.3114572549
H       16.4322602045     0.9440282667     7.8124156765
H       14.2793372935     0.9522336077     6.7181382558
H       20.3467152756     2.6959086517     2.8119012160
H       16.2401006364     0.0257986101     5.6095596657
