32
# Point -15 Energy = 0.0
C       20.6887055216     3.6596876472     7.5118470639
H       18.6459883488     4.0897523856     5.6413922948
C       19.5824555517     2.9235949110     6.8572372987
H       17.8783711056     2.5537429769     8.5232903529
H       20.8307484244     1.8480670616     5.2118594466
C       19.8441213998     1.6424882134     6.2153971544
H       18.9532261097     1.1315958754     5.7096409786
H       20.3400739514     0.8136764326     7.0282794289
H       21.4226437741     3.8637383532     6.7681542042
H       21.1282416716     3.0759946936     8.2195820145
H       20.4622021551     4.4152973801     7.8833105933
Si       16.4572241306     3.4064674777     4.4002983241
O       16.3429326029     4.9961479881     4.7441511852
O       17.9605335002     3.0708762522     3.8449555289
O       15.3947074889     2.9955432493     3.2238567402
O       16.1352070745     2.5727314528     5.7674578851
Si       16.5311929757     6.5953328425     4.4047194266
Si       13.9726368518     2.5614697940     2.5167874029
Si       18.8525706508     2.5320785070     2.5647766183
Si       15.7789734283     1.1301983067     6.4825455595
H       17.9161000524     6.8546100832     3.9018948875
H       15.5722274757     6.9612973463     3.3063654409
H       16.3064013000     7.4756634268     5.6176437405
H       12.8411093456     3.3090171648     3.1169163012
H       13.9598255937     2.8585401139     1.0508445836
H       18.4514026739     3.3158025621     1.3643624636
H       13.7236368349     1.1009962896     2.7195870164
H       18.5524796960     1.0905444744     2.3121108554
H       16.4752225590     0.9019690092     7.8013535722
H       14.2996377410     0.9825350610     6.7172217554
H       20.3485965362     2.6779764334     2.7529339303
H       16.2185840741     0.0658682344     5.5463913112
32
# Point -14 Energy = 0.0
C       20.6859037376     3.6596733443     7.5130633003
H       18.6704346752     4.0584652312     5.6747402092
C       19.5732662821     2.9253522387     6.8603589617
H       17.9342616379     2.5653704836     8.4683547944
H       20.8136654653     1.8446182750     5.2276042562
C       19.8422795042     1.6416292995     6.2159327292
H       18.9529527488     1.1330946790     5.7122301214
H       20.3329873714     0.8206896488     7.0227587389
H       21.4214209277     3.8648989907     6.7682233777
H       21.1274540037     3.0734259621     8.2247844493
H       20.4550236987     4.4280222858     7.8907953740
Si       16.4554904799     3.4066044653     4.3999587786
O       16.3409455271     4.9962854229     4.7437649957
O       17.9590529924     3.0711323672     3.8451617163
O       15.3934512928     2.9955928772     3.2230877016
O       16.1329680435     2.5727929742     5.7669257772
Si       16.5292258705     6.5954734500     4.4044467266
Si       13.9716939263     2.5613973135     2.5154916782
Si       18.8516376218     2.5324386443     2.5653704413
Si       15.7765875864     1.1302340950     6.4818438732
H       17.9143170501     6.8548661318     3.9021807124
H       15.5706764500     6.9613920007     3.3057101522
H       16.3038828109     7.4757733940     5.6172921351
H       12.8398709512     3.3088407251     3.1151940148
H       13.9594064882     2.8584709450     1.0495427368
H       18.4509008141     3.3161515701     1.3648060176
H       13.7227450322     1.1008999717     2.7181896021
H       18.5517629373     1.0908828696     2.3125523860
H       16.4723190467     0.9020016066     7.8009214198
H       14.2971631468     0.9824356516     6.7159194971
H       20.3475830379     2.6784410245     2.7541293221
H       16.2166494411     0.0659540611     5.5458293631
32
# Point -13 Energy = 0.0
C       20.6831114351     3.6596157255     7.5142481547
H       18.6945529801     4.0271341946     5.7083593617
C       19.5640968933     2.9270950133     6.8634576847
H       17.9899044064     2.5772721083     8.4131703178
H       20.7966801033     1.8411870477     5.2433493205
C       19.8405040045     1.6408029623     6.2164406344
H       18.9527566655     1.1346265347     5.7147761016
H       20.3259611331     0.8277106167     7.0171859285
H       21.4202287457     3.8660055620     6.7682800837
H       21.1266624254     3.0708183748     8.2299669620
H       20.4478360501     4.4406997196     7.8982450441
Si       16.4537687118     3.4067334492     4.3996300326
O       16.3389746827     4.9964148970     4.7433906662
O       17.9575819447     3.0713772895     3.8453747375
O       15.3922047883     2.9956398313     3.2223299337
O       16.1307424423     2.5728480064     5.7664055407
Si       16.5272775161     6.5956058746     4.4041862756
Si       13.9707588472     2.5613279806     2.5142079087
Si       18.8507092949     2.5327860731     2.5659687736
Si       15.7742135705     1.1302646518     6.4811557256
H       17.9125518251     6.8551112877     3.9024754124
H       15.5691422726     6.9614811725     3.3050699626
H       16.3013881496     7.4758749671     5.6169536210
H       12.8386435766     3.3086702977     3.1134856385
H       13.9589949787     2.8584071801     1.0482534916
H       18.4504023408     3.3164892542     1.3652555972
H       13.7218564167     1.1008073366     2.7168022099
H       18.5510470204     1.0912093473     2.3129987699
H       16.4694300328     0.9020280006     7.8005009718
H       14.2947008653     0.9823347092     6.7146345489
H       20.3465748210     2.6788894361     2.7553253226
H       16.2147216594     0.0660330977     5.5452806256
32
# Point -12 Energy = 0.0
C       20.6803286086     3.6595149791     7.5154014068
H       18.7183387037     3.9957587341     5.7422483390
C       19.5549474299     2.9288231780     6.8665334439
H       18.0453028465     2.5894453831     8.3577422847
H       20.7797907406     1.8377729371     5.2590941126
C       19.8387948055     1.6400091181     6.2169219244
H       18.9526376708     1.1361908444     5.7172805789
H       20.3189960756     0.8347400717     7.0115623717
H       21.4190669017     3.8670582158     6.7683237739
H       21.1258671837     3.0681722440     8.2351292462
H       20.4406391741     4.4533298752     7.9056593090
Si       16.4520589251     3.4068545580     4.3993118044
O       16.3370202421     4.9965365465     4.7430279146
O       17.9561204681     3.0716110535     3.8455943843
O       15.3909681114     2.9956842816     3.2215831021
O       16.1285302470     2.5728966928     5.7658968763
Si       16.5253481950     6.5957302420     4.4039378045
Si       13.9698317631     2.5612620276     2.5129356897
Si       18.8497858165     2.5331207702     2.5665714478
Si       15.7718512316     1.1302901384     6.4804807920
H       17.9108047054     6.8553455958     3.9027787882
H       15.5676252997     6.9615650429     3.3044445517
H       16.2989175868     7.4759682856     5.6166279238
H       12.8374273733     3.3085061745     3.1117907091
H       13.9585913002     2.8583490411     1.0469764404
H       18.4499075078     3.3168156146     1.3657110121
H       13.7209710589     1.1007186289     2.7154244282
H       18.5503320141     1.0915239018     2.3134498206
H       16.4665552885     0.9020483076     7.8000919417
H       14.2922507213     0.9822324818     6.7133665094
H       20.3455720366     2.6793215525     2.7565218409
H       16.2128005666     0.0661054815     5.5447447872
32
# Point -11 Energy = 0.0
C       20.6775552844     3.6593712696     7.5165228261
H       18.7417872981     3.9643384253     5.7764057399
C       19.5458179382     2.9305366913     6.8695862160
H       18.1004603773     2.6018878699     8.3020759572
H       20.7629957889     1.8343755398     5.2748381234
C       19.8371518003     1.6392477001     6.2173776419
H       18.9525955621     1.1377870461     5.7197451870
H       20.3120930091     0.8417787380     7.0058894105
H       21.4179350951     3.8680570655     6.7683538830
H       21.1250685538     3.0654878367     8.2402709690
H       20.4334330985     4.4659129245     7.9130378803
Si       16.4503612134     3.4069679157     4.3990038204
O       16.3350823657     4.9966505029     4.7426764652
O       17.9546686691     3.0718336958     3.8458204541
O       15.3897413927     2.9957263874     3.2208468837
O       16.1263314358     2.5729391725     5.7653994944
Si       16.5234381696     6.5958466736     4.4037010481
Si       13.9689128179     2.5611996682     2.5116746320
Si       18.8488673278     2.5334427175     2.5671782999
Si       15.7695004323     1.1303107110     6.4798187598
H       17.9090759960     6.8555691031     3.9030906410
H       15.5661258629     6.9616437829     3.3038336051
H       16.2964713715     7.4760534857     5.6163147723
H       12.8362224856     3.3083486239     3.1101087801
H       13.9581956782     2.8582967294     1.0457111906
H       18.4494165576     3.3171306531     1.3661720760
H       13.7200890320     1.1006340735     2.7140558633
H       18.5496179891     1.0918265307     2.3139053580
H       16.4636946002     0.9020626443     7.7996940542
H       14.2898125523     0.9821292055     6.7121149928
H       20.3445748302     2.6797372708     2.7577187858
H       16.2108860145     0.0661713457     5.5442215490
32
# Point -10 Energy = 0.0
C       20.6747915190     3.6591847382     7.5176121729
H       18.7648942264     3.9328729571     5.8108301731
C       19.5367084670     2.9322355277     6.8726159778
H       18.1553803993     2.6145971593     8.2461764973
H       20.7462936701     1.8309944915     5.2905808606
C       19.8355748710     1.6385186589     6.2178088170
H       18.9526301234     1.1394146141     5.7221715322
H       20.3052527149     0.8488273294     7.0001683551
H       21.4168330502     3.8690021893     6.7683698302
H       21.1242668367     3.0627653739     8.2453917724
H       20.4262179144     4.4784490170     7.9203804774
Si       16.4486756658     3.4070736423     4.3987058151
O       16.3331612025     4.9967568934     4.7423360488
O       17.9532266495     3.0720452555     3.8460527491
O       15.3885247573     2.9957662970     3.2201209667
O       16.1241459898     2.5729755804     5.7649131153
Si       16.5215476816     6.5959552873     4.4034757455
Si       13.9680021503     2.5611410973     2.5104243617
Si       18.8479539649     2.5337519024     2.5677891699
Si       15.7671610466     1.1303265212     6.4791693287
H       17.9073659793     6.8557818586     3.9034107725
H       15.5646442696     6.9617175537     3.3032368145
H       16.2940497310     7.4761307000     5.6160138989
H       12.8350290508     3.3081978911     3.1084394224
H       13.9578083281     2.8582504257     1.0444573651
H       18.4489297209     3.3174343737     1.3666386065
H       13.7192104116     1.1005538760     2.7126961393
H       18.5489050173     1.0921172352     2.3143652083
H       16.4608477703     0.9020711271     7.7993070447
H       14.2873862088     0.9820251044     6.7108796297
H       20.3435833422     2.6801365012     2.7589160666
H       16.2089778693     0.0662308199     5.5437106248
32
# Point -9 Energy = 0.0
C       20.6720373982     3.6589555030     7.5186691993
H       18.7876549620     3.9013621292     5.8455202537
C       19.5276190678     2.9339196770     6.8756227066
H       18.2100662934     2.6275708698     8.1900489676
H       20.7296828165     1.8276294664     5.3063218476
C       19.8340638882     1.6378219621     6.2182164665
H       18.9527411255     1.1410730583     5.7245611928
H       20.2984759457     0.8558865492     6.9944004831
H       21.4157605166     3.8698936308     6.7683710213
H       21.1234623580     3.0600050310     8.2504912745
H       20.4189937755     4.4909382807     7.9276868294
Si       16.4470023669     3.4071718537     4.3984175314
O       16.3312568903     4.9968558413     4.7420064025
O       17.9517945070     3.0722457746     3.8462910765
O       15.3873183252     2.9958041482     3.2194050509
O       16.1219738932     2.5730060481     5.7644374693
Si       16.5196769534     6.5960561973     4.4032616397
Si       13.9670998942     2.5610864919     2.5091845207
Si       18.8470458596     2.5340483176     2.5684039012
Si       15.7648329603     1.1303377156     6.4785322110
H       17.9056749154     6.8559839143     3.9037389848
H       15.5631808029     6.9617865069     3.3026538774
H       16.2916528716     7.4762000580     5.6157250391
H       12.8338471998     3.3080541982     3.1067822244
H       13.9574294557     2.8582102906     1.0432146018
H       18.4484472171     3.3177267821     1.3671104248
H       13.7183352762     1.1004782229     2.7113448983
H       18.5481931725     1.0923960203     2.3148292037
H       16.4580146170     0.9020738734     7.7989306597
H       14.2849715545     0.9819203914     6.7096600666
H       20.3425977076     2.6805191664     2.7601135922
H       16.2070760120     0.0662840297     5.5432117414
32
# Point -8 Energy = 0.0
C       20.6692930353     3.6586836586     7.5196936497
H       18.8100649871     3.8698058484     5.8804746008
C       19.5185497950     2.9355891445     6.8786063798
H       18.2645214197     2.6408066466     8.1336983309
H       20.7131616711     1.8242801771     5.3220606227
C       19.8326187116     1.6371575942     6.2186015931
H       18.9529283263     1.1427619247     5.7269157182
H       20.2917634256     0.8629570903     6.9885870404
H       21.4147172679     3.8707313998     6.7683568502
H       21.1226554651     3.0572069378     8.2555690709
H       20.4117608977     4.5033808218     7.9349566767
Si       16.4453413975     3.4072626623     4.3981387202
O       16.3293695560     4.9969474657     4.7416872701
O       17.9503723354     3.0724352976     3.8465352485
O       15.3861222112     2.9958400685     3.2186988476
O       16.1198151335     2.5730307031     5.7639722964
Si       16.5178261881     6.5961495143     4.4030584774
Si       13.9662061792     2.5610360107     2.5079547664
Si       18.8461431388     2.5343319612     2.5690223411
Si       15.7625160714     1.1303444369     6.4779071317
H       17.9040030423     6.8561753242     3.9040750801
H       15.5617357223     6.9618507845     3.3020844974
H       16.2892809792     7.4762616863     5.6154479317
H       12.8326770565     3.3079177449     3.1051367921
H       13.9570592569     2.8581764648     1.0419825544
H       18.4479692544     3.3180078860     1.3675873557
H       13.7174637073     1.1004072817     2.7100018008
H       18.5474825302     1.0926628945     2.3152971826
H       16.4551949752     0.9020710009     7.7985646566
H       14.2825684667     0.9818152681     6.7084559666
H       20.3416180565     2.6808852025     2.7613112710
H       16.2051803387     0.0663310975     5.5427246383
32
# Point -7 Energy = 0.0
C       20.6665585700     3.6583692770     7.5206852618
H       18.8321197921     3.8382041252     5.9156918342
C       19.5095007068     2.9372439509     6.8815669748
H       18.3187491162     2.6543021607     8.0771294510
H       20.6967286883     1.8209463735     5.3377967383
C       19.8312391901     1.6365255562     6.2189651847
H       18.9531914712     1.1444807943     5.7292366283
H       20.2851158507     0.8700396358     6.9827292409
H       21.4137031020     3.8715154729     6.7683267003
H       21.1218465261     3.0543711785     8.2606247354
H       20.4045195582     4.5157767251     7.9421897722
Si       16.4436928342     3.4073461767     4.3978691405
O       16.3274993162     4.9970318823     4.7413784014
O       17.9489602248     3.0726138722     3.8467850821
O       15.3849365256     2.9958741754     3.2180020795
O       16.1176697021     2.5730496700     5.7635173466
Si       16.5159955695     6.5962353458     4.4028660095
Si       13.9653211301     2.5609897949     2.5067347724
Si       18.8452459249     2.5346028371     2.5696443395
Si       15.7602102904     1.1303468233     6.4772938281
H       17.9023505768     6.8563561453     3.9044188608
H       15.5603092640     6.9619105196     3.3015283836
H       16.2869342197     7.4763157087     5.6151823188
H       12.8315187389     3.3077887085     3.1035027493
H       13.9566979179     2.8581490691     1.0407608920
H       18.4474960296     3.3182776954     1.3680692275
H       13.7165957888     1.1003412013     2.7086665257
H       18.5467731675     1.0929178702     2.3157689891
H       16.4523886966     0.9020626282     7.7982088038
H       14.2801768366     0.9817099252     6.7072670093
H       20.3406445143     2.6812345583     2.7625090107
H       16.2032907601     0.0663721424     5.5422490679
32
# Point -6 Energy = 0.0
C       20.6638341665     3.6580124076     7.5216437674
H       18.8538148740     3.8065570711     5.9511705718
C       19.5004718651     2.9388841319     6.8845044688
H       18.3727526981     2.6680551076     8.0203470932
H       20.6803823341     1.8176278429     5.3535297596
C       19.8299251619     1.6359258657     6.2193082141
H       18.9535302933     1.1462292830     5.7315254128
H       20.2785338891     0.8771348589     6.9768282664
H       21.4127178400     3.8722457943     6.7682799463
H       21.1210359278     3.0514977925     8.2656578221
H       20.3972700951     4.5281260544     7.9493858834
Si       16.4420567504     3.4074225020     4.3976085595
O       16.3256462772     4.9971092032     4.7410795527
O       17.9475582614     3.0727815489     3.8470403987
O       15.3837613735     2.9959065763     3.2173144809
O       16.1155375940     2.5730630697     5.7630723798
Si       16.5141852634     6.5963137962     4.4026839905
Si       13.9644448672     2.5609479683     2.5055242279
Si       18.8443543360     2.5348609547     2.5702697501
Si       15.7579155403     1.1303450090     6.4766920502
H       17.9007177142     6.8565264373     3.9047701290
H       15.5589016412     6.9619658359     3.3009852516
H       16.2846127395     7.4763622462     5.6149279457
H       12.8303723583     3.3076672445     3.1018797377
H       13.9563456154     2.8581282053     1.0395492995
H       18.4470277283     3.3185362223     1.3685558717
H       13.7157316078     1.1002801127     2.7073387701
H       18.5460651636     1.0931609639     2.3162444732
H       16.4495956499     0.9020488748     7.7978628807
H       14.2777965694     0.9816045426     6.7060928910
H       20.3396772015     2.6815671958     2.7637067181
H       16.2014072025     0.0664072805     5.5417847955
32
# Point -5 Energy = 0.0
C       20.6611200131     3.6576130773     7.5225688931
H       18.8751457357     3.7748648946     5.9869094273
C       19.4914633360     2.9405097384     6.8874188389
H       18.4265354573     2.6820632066     7.9633559248
H       20.6641210866     1.8143244088     5.3692592644
C       19.8286764554     1.6353585559     6.2196316380
H       18.9539445139     1.1480070412     5.7337835307
H       20.2720181819     0.8842434235     6.9708852675
H       21.4117613259     3.8729222767     6.7682159556
H       21.1202240736     3.0485867744     8.2706678658
H       20.3900129062     4.5404288523     7.9565447932
Si       16.4404332159     3.4074917403     4.3973567525
O       16.3238105357     4.9971795369     4.7407904867
O       17.9461665286     3.0729383813     3.8473010246
O       15.3825968560     2.9959373693     3.2166357976
O       16.1134188087     2.5730710205     5.7626371656
Si       16.5123954172     6.5963849669     4.4025121787
Si       13.9635775068     2.5609106375     2.5043228383
Si       18.8434684858     2.5351063292     2.5708984289
Si       15.7556317572     1.1303391247     6.4761015607
H       17.8991046294     6.8566862626     3.9051286868
H       15.5575130443     6.9620168485     3.3004548224
H       16.2823166661     7.4764014177     5.6146845609
H       12.8292380204     3.3075534869     3.1002674172
H       13.9560025163     2.8581139559     1.0383474773
H       18.4465645251     3.3187834814     1.3690471228
H       13.7148712542     1.1002241288     2.7060182500
H       18.5453585992     1.0933921958     2.3167234902
H       16.4468157214     0.9020298615     7.7975266775
H       14.2754275848     0.9814992901     6.7049333244
H       20.3387162341     2.6818830896     2.7649042985
H       16.1995296073     0.0664366249     5.5413315991
32
# Point -4 Energy = 0.0
C       20.6584163197     3.6571712913     7.5234603611
H       18.8961078846     3.7431278986     6.0229070066
C       19.4824751905     2.9421208363     6.8903100615
H       18.4801006614     2.6963241999     7.9061605159
H       20.6479434364     1.8110359305     5.3849848417
C       19.8274928888     1.6348236761     6.2199363970
H       18.9544338431     1.1498137526     5.7360124100
H       20.2655693435     0.8913659843     6.9649013637
H       21.4108334263     3.8735448019     6.7681340897
H       21.1194113820     3.0456380744     8.2756543836
H       20.3827484484     4.5526851412     7.9636663014
Si       16.4388222975     3.4075539904     4.3971135025
O       16.3219921788     4.9972429890     4.7405109723
O       17.9447851062     3.0730844264     3.8475667900
O       15.3814430694     2.9959666427     3.2159657869
O       16.1113133501     2.5730736375     5.7622114837
Si       16.5106261606     6.5964489565     4.4023503364
Si       13.9627191607     2.5608778926     2.5031303249
Si       18.8425884840     2.5353389815     2.5715302349
Si       15.7533588901     1.1303292973     6.4755221346
H       17.8975114767     6.8568356868     3.9054943360
H       15.5561436419     6.9620636639     3.2999368234
H       16.2800461084     7.4764333393     5.6144519160
H       12.8281158246     3.3074475484     3.0986654658
H       13.9556687779     2.8581063850     1.0371551419
H       18.4461065835     3.3190194894     1.3695428181
H       13.7140148209     1.1001733450     2.7047046997
H       18.5446535570     1.0936115905     2.3172059007
H       16.4440488150     0.9020057099     7.7971999955
H       14.2730698170     0.9813943270     6.7037880393
H       20.3377617237     2.6821822277     2.7661016559
H       16.1976579315     0.0664602861     5.5408892695
32
# Point -3 Energy = 0.0
C       20.6557233174     3.6566870333     7.5243178898
H       18.9166968314     3.7113464768     6.0591619061
C       19.4735075042     2.9437175059     6.8931781128
H       18.5334515536     2.7108358513     7.8487653404
H       20.6318478869     1.8077623022     5.4007060911
C       19.8263742711     1.6343212904     6.2202234149
H       18.9549979803     1.1516491340     5.7382134472
H       20.2591879626     0.8985031870     6.9588776433
H       21.4099340294     3.8741132220     6.7680337057
H       21.1185982850     3.0426515994     8.2806168760
H       20.3754772360     4.5648949231     7.9707502265
Si       16.4372240591     3.4076093482     4.3968786007
O       16.3201912847     4.9972996617     4.7402407844
O       17.9434140712     3.0732197443     3.8478375297
O       15.3803001060     2.9959944761     3.2153042176
O       16.1092212269     2.5730710332     5.7617951233
Si       16.5088776061     6.5965058610     4.4021982293
Si       13.9618699364     2.5608498071     2.5019464251
Si       18.8417144360     2.5355589385     2.5721650294
Si       15.7510969015     1.1303156500     6.4749535595
H       17.8959383907     6.8569747782     3.9058668778
H       15.5547935801     6.9621063803     3.2994309878
H       16.2778011576     7.4764581253     5.6142297659
H       12.8270058647     3.3073495211     3.0970735800
H       13.9553445478     2.8581055383     1.0359720252
H       18.4456540562     3.3192442661     1.3700427977
H       13.7131624035     1.1001278394     2.7033978722
H       18.5439501214     1.0938191768     2.3176915703
H       16.4412948526     0.9019765432     7.7968826464
H       14.2707232147     0.9812898030     6.7026567819
H       20.3368137773     2.6824646108     2.7672986921
H       16.1957921475     0.0664783719     5.5404576098
32
# Point -2 Energy = 0.0
C       20.6530412566     3.6561602662     7.5251411944
H       18.9369080892     3.6795211111     6.0956727098
C       19.4645603583     2.9452998421     6.8960229680
H       18.5865913520     2.7255959462     7.7911747766
H       20.6158329549     1.8045034520     5.4164226221
C       19.8253204025     1.6338514782     6.2204935985
H       18.9556366147     1.1535129340     5.7403880075
H       20.2528746024     0.9056556690     6.9528151647
H       21.4090630443     3.8746273604     6.7679141576
H       21.1177852265     3.0396272128     8.2855548278
H       20.3681998403     4.5770581805     7.9777964059
Si       16.4356385619     3.4076579070     4.3966518461
O       16.3184079225     4.9973496546     4.7399797044
O       17.9420534978     3.0733443986     3.8481130822
O       15.3791680537     2.9960209398     3.2146508698
O       16.1071424527     2.5730633173     5.7613878834
Si       16.5071498494     6.5965557739     4.4020556270
Si       13.9610299375     2.5608264386     2.5007708926
Si       18.8408464432     2.5357662329     2.5728026760
Si       15.7488457673     1.1302983030     6.4743956353
H       17.8943854862     6.8571036084     3.9062461133
H       15.5534629840     6.9621450877     3.2989370546
H       16.2755818874     7.4764758874     5.6140178687
H       12.8259082290     3.3072594765     3.0954914746
H       13.9550299641     2.8581114437     1.0347978752
H       18.4452070848     3.3194578336     1.3705469040
H       13.7123141008     1.1000876735     2.7020975390
H       18.5432483786     1.0940149877     2.3181803696
H       16.4385537743     0.9019424857     7.7965744528
H       14.2683877419     0.9811858576     6.7015393153
H       20.3358724979     2.6827302525     2.7684953071
H       16.1939322435     0.0664909877     5.5400364360
32
# Point -1 Energy = 0.0
C       20.6503704061     3.6555909318     7.5259299878
H       18.9567371711     3.6476523676     6.1324379870
C       19.4556338396     2.9468679535     6.8988446016
H       18.6395232460     2.7406022941     7.7333931056
H       20.5998971711     1.8012593413     5.4321340534
C       19.8243310746     1.6334143326     6.2207478372
H       18.9563494264     1.1554049323     5.7425374241
H       20.2466298021     0.9128240592     6.9467149562
H       21.4082204011     3.8750870121     6.7677747976
H       21.1169726606     3.0365647359     8.2904677096
H       20.3609168878     4.5891748760     7.9848046980
Si       16.4340658647     3.4076997571     4.3964330452
O       16.3166421532     4.9973930641     4.7397275200
O       17.9407034576     3.0734584562     3.8483932900
O       15.3780469967     2.9960460955     3.2140055353
O       16.1050770464     2.5730505971     5.7609895725
Si       16.5054429697     6.5965987860     4.4019223031
Si       13.9601992633     2.5608078289     2.4996034970
Si       18.8399846032     2.5359609035     2.5734430402
Si       15.7466054772     1.1302773727     6.4738481744
H       17.8928528593     6.8572222521     3.9066318430
H       15.5521519573     6.9621798680     3.2984547696
H       16.2733883548     7.4764867357     5.6138159860
H       12.8248230000     3.3071774662     3.0939188831
H       13.9547251550     2.8581241114     1.0336324557
H       18.4447658002     3.3196602170     1.3710549817
H       13.7114700142     1.1000528919     2.7008034905
H       18.5425484166     1.0941990606     2.3186721734
H       16.4358255390     0.9019036630     7.7962752477
H       14.2660633777     0.9810826210     6.7004354194
H       20.3349379843     2.6829791794     2.7696913981
H       16.1920782232     0.0664982363     5.5396255761
32
# Point 0 Energy = 0
C       20.6477110000     3.6549790000     7.5266840000
H       18.9761800000     3.6157410000     6.1694560000
C       19.4467280000     2.9484220000     6.9016430000
H       18.6922510000     2.7558520000     7.6754250000
H       20.5840390000     1.7980300000     5.4478400000
C       19.8234060000     1.6330100000     6.2209870000
H       18.9571360000     1.1573250000     5.7446630000
H       20.2404540000     0.9200090000     6.9405780000
H       21.4074060000     3.8754920000     6.7676150000
H       21.1161610000     3.0334640000     8.2953550000
H       20.3536290000     4.6012450000     7.9917750000
Si       16.4325060000     3.4077350000     4.3962220000
O       16.3148940000     4.9974300000     4.7394840000
O       17.9393640000     3.0735620000     3.8486780000
O       15.3769370000     2.9960700000     3.2133680000
O       16.1030250000     2.5730330000     5.7606000000
Si       16.5037570000     6.5966350000     4.4017980000
Si       13.9593780000     2.5607940000     2.4984440000
Si       18.8391290000     2.5361430000     2.5740860000
Si       15.7443760000     1.1302530000     6.4733110000
H       17.8913405600     6.8573308000     3.9070238400
H       15.5508605600     6.9622108000     3.2979838400
H       16.2712205600     7.4764908000     5.6136238400
H       12.8237502400     3.3071035200     3.0923555200
H       13.9544302400     2.8581435200     1.0324755200
H       18.4443303200     3.3198514400     1.3715668800
H       13.7106302400     1.1000235200     2.6995155200
H       18.5418503200     1.0943714400     2.3191668800
H       16.4331100800     0.9018602400     7.7959848800
H       14.2637500800     0.9809802400     6.6993448800
H       20.3340103200     2.6832114400     2.7708868800
H       16.1902300800     0.0665002400     5.5392248800
32
# Point 1 Energy = 0.0
C       20.6450634255     3.6543242334     7.5274029766
H       18.9952317823     3.5837877438     6.2067255804
C       19.4378429569     2.9499621181     6.9044181395
H       18.7447771367     2.7713436376     7.6172740801
H       20.5682571104     1.7948155293     5.4635400726
C       19.8225450262     1.6326386508     6.2212118734
H       18.9579960838     1.1592730585     5.7467658809
H       20.2343477240     0.9272111315     6.9344051969
H       21.4066199345     3.8758419023     6.7674341848
H       21.1153507461     3.0303245444     8.3002161647
H       20.3463370630     4.6132683420     7.9987072838
Si       16.4309590333     3.4077637048     4.3960185437
O       16.3131635164     4.9974605375     4.7392489533
O       17.9380352018     3.0736550907     3.8489670684
O       15.3758381465     2.9960926804     3.2127380940
O       16.1009863618     2.5730106139     5.7602190074
Si       16.5020919914     6.5966644861     4.4016825043
Si       13.9585662428     2.5607849439     2.4972922256
Si       18.8382797305     2.5363125606     2.5747314285
Si       15.7421573778     1.1302252810     6.4727839669
H       17.8898486485     6.8574293193     3.9074219041
H       15.5495888537     6.9622379302     3.2975240322
H       16.2690785337     7.4764881717     5.6134412041
H       12.8226900269     3.3070376305     3.0908011824
H       13.9541453257     2.8581696258     1.0313268856
H       18.4439007543     3.3200315181     1.3720824520
H       13.7097948913     1.0999995512     2.6982334786
H       18.5411541901     1.0945321585     2.3196643800
H       16.4304074239     0.9018123348     7.7957032193
H       14.2614478845     0.9808788085     6.6982675343
H       20.3330896030     2.6834270780     2.7720816431
H       16.1883878729     0.0664970824     5.5388342184
32
# Point 2 Energy = 0.0
C       20.6424279649     3.6536264917     7.5280866961
H       19.0138885569     3.5517936196     6.2442449220
C       19.4289787463     2.9514885374     6.9071700192
H       18.7971055230     2.7870741595     7.5589449816
H       20.5525500142     1.7916161342     5.4792338610
C       19.8217478453     1.6323005519     6.2214232224
H       18.9589292386     1.1612491825     5.7488471906
H       20.2283113227     0.9344311379     6.9281973895
H       21.4058622006     3.8761364054     6.7672318149
H       21.1145422949     3.0271460009     8.3050507005
H       20.3390418727     4.6252447867     8.0056015708
Si       16.4294249755     3.4077859696     4.3958224875
O       16.3114506847     4.9974847855     4.7390221398
O       17.9367170944     3.0737378212     3.8492603530
O       15.3747504816     2.9961141657     3.2121156197
O       16.0989611154     2.5729835751     5.7598464240
Si       16.5004479158     6.5966873445     4.4015755302
Si       13.9577640613     2.5607806322     2.4961479602
Si       18.8374368653     2.5364696418     2.5753792197
Si       15.7399495909     1.1301943693     6.4722669364
H       17.8883771094     6.8575179099     3.9078257746
H       15.5483368308     6.9622613097     3.2970750227
H       16.2669622059     7.4764789896     5.6132677620
H       12.8216423999     3.3069797708     3.0892556043
H       13.9538705082     2.8582023409     1.0301863271
H       18.4434771955     3.3202004628     1.3726015545
H       13.7089640643     1.0999809596     2.6969572004
H       18.5404601163     1.0946812606     2.3201646050
H       16.4277175211     0.9017601499     7.7954301538
H       14.2591567633     0.9807784702     6.6972032111
H       20.3321759018     2.6836261703     2.7732756142
H       16.1865516184     0.0664888930     5.5384534913
32
# Point 3 Energy = 0.0
C       20.6398049955     3.6528855983     7.5287348427
H       19.0321453747     3.5197593480     6.2820128129
C       19.4201355266     2.9530013720     6.9098985945
H       18.8492385676     2.8030422718     7.5004410635
H       20.5369163918     1.7884318497     5.4949210280
C       19.8210143057     1.6319957982     6.2216218735
H       18.9599352169     1.1632531854     5.7509081430
H       20.2223453441     0.9416695949     6.9219555210
H       21.4051328475     3.8763751574     6.7670072175
H       21.1137361791     3.0239279918     8.3098580071
H       20.3317443108     4.6371741833     8.0124577841
Si       16.4279039058     3.4078018597     4.3956336836
O       16.3097555720     4.9975028120     4.7388034014
O       17.9354097629     3.0738102562     3.8495577103
O       15.3736740920     2.9961344838     3.2115004336
O       16.0969493390     2.5729519549     5.7594821064
Si       16.4988248301     6.5967036414     4.4014769088
Si       13.9569715496     2.5607810567     2.4950110649
Si       18.8366004976     2.5366142986     2.5760292332
Si       15.7377527221     1.1301603377     6.4717597695
H       17.8869260028     6.8575966428     3.9082352836
H       15.5471045464     6.9622809882     3.2966366352
H       16.2648716235     7.4764633303     5.6131033412
H       12.8206074386     3.3069299246     3.0877186365
H       13.9536058774     2.8582416324     1.0290537017
H       18.4430597355     3.3203583152     1.3731240376
H       13.7081378785     1.0999677364     2.6956865660
H       18.5397681968     1.0948187973     2.3206674235
H       16.4250404525     0.9017037704     7.7951655502
H       14.2568767955     0.9806792899     6.6961517673
H       20.3312693121     2.6838087794     2.7744686555
H       16.1847214091     0.0664757413     5.5380825621
32
# Point 4 Energy = 0.0
C       20.6371948477     3.6521014159     7.5293471199
H       19.0499977229     3.4876858481     6.3200276987
C       19.4113134167     2.9545007934     6.9126038315
H       18.9011793839     2.8192458241     7.4417661878
H       20.5213548477     1.7852627819     5.5106012272
C       19.8203441697     1.6317245437     6.2218086307
H       18.9610136672     1.1652849780     5.7529499223
H       20.2164502289     0.9489270989     6.9156804877
H       21.4044318847     3.8765578478     6.7667597462
H       21.1129328776     3.0206701632     8.3146374966
H       20.3244452399     4.6490564192     8.0192758879
Si       16.4263958735     3.4078114550     4.3954519751
O       16.3080782026     4.9975147022     4.7385925562
O       17.9341132675     3.0738724804     3.8498589985
O       15.3726090424     2.9961536591     3.2108923824
O       16.0949510793     2.5729158498     5.7591259084
Si       16.4972227399     6.5967134586     4.4013864333
Si       13.9561887859     2.5607861906     2.4938813887
Si       18.8357707045     2.5367465999     2.5766813394
Si       15.7355668288     1.1301232882     6.4712623360
H       17.8854953378     6.8576656090     3.9086502293
H       15.5458920070     6.9622970137     3.2962086479
H       16.2628067706     7.4764412952     5.6129477221
H       12.8195851992     3.3068880548     3.0861901053
H       13.9533515122     2.8582874345     1.0279288511
H       18.4426484513     3.3205051171     1.3736497534
H       13.7073164462     1.0999598538     2.6944214556
H       18.5390785248     1.0949448288     2.3211727267
H       16.4223762692     0.9016433272     7.7949092896
H       14.2546080348     0.9805813543     6.6951130635
H       20.3303699120     2.6839749931     2.7756606460
H       16.1828973238     0.0664577206     5.5377213150
32
# Point 5 Energy = 0.0
C       20.6345978636     3.6512737901     7.5299232318
H       19.0674410858     3.4555741100     6.3582879966
C       19.4025125423     2.9559869855     6.9152856947
H       18.9529310589     2.8356826837     7.3829241281
H       20.5058640022     1.7821090649     5.5262741172
C       19.8197371938     1.6314869535     6.2219842798
H       18.9621642327     1.1673444962     5.7549736812
H       20.2106263986     0.9562042395     6.9093731595
H       21.4037593386     3.8766841446     6.7664887588
H       21.1121328723     3.0173721235     8.3193885718
H       20.3171455697     4.6608913653     8.0260558726
Si       16.4249009260     3.4078148330     4.3952772127
O       16.3064185941     4.9975205387     4.7383894282
O       17.9328276659     3.0739245820     3.8501640785
O       15.3715553941     2.9961717087     3.2102913238
O       16.0929663893     2.5728753538     5.7587776931
Si       16.4956416363     6.5967168756     4.4013039010
Si       13.9554158442     2.5607959929     2.4927587962
Si       18.8349475597     2.5368666207     2.5773354092
Si       15.7333919830     1.1300833198     6.4707745173
H       17.8840851065     6.8577249027     3.9090704091
H       15.5446991999     6.9623094278     3.2957908452
H       16.2607676168     7.4764129840     5.6128006886
H       12.8185757325     3.3068541061     3.0846698559
H       13.9531074817     2.8583396665     1.0268116324
H       18.4422434089     3.3206409133     1.3741785550
H       13.7064998822     1.0999572695     2.6931617678
H       18.5383911948     1.0950594206     2.3216804088
H       16.4197250416     0.9015789525     7.7946612627
H       14.2523505508     0.9804847411     6.6940869766
H       20.3294777759     2.6841249122     2.7768514604
H       16.1810794572     0.0664349219     5.5373696455
32
# Point 6 Energy = 0.0
C       20.6320143954     3.6504025503     7.5304628835
H       19.0844709460     3.4234251927     6.3967920921
C       19.3937330365     2.9574601444     6.9179441467
H       19.0044966571     2.8523507306     7.3239185732
H       20.4904424912     1.7789708590     5.5419393617
C       19.8191931296     1.6312832039     6.2221495883
H       18.9633865513     1.1694317005     5.7569805415
H       20.2048742562     0.9635016003     6.9030343803
H       21.4031152513     3.8767536952     6.7661936184
H       21.1113366460     3.0140334452     8.3241106282
H       20.3098462551     4.6726788762     8.0327977547
Si       16.4234191093     3.4078120696     4.3951092538
O       16.3047767572     4.9975204021     4.7381938475
O       17.9315530144     3.0739666527     3.8504728140
O       15.3705132045     2.9961886425     3.2096971263
O       16.0909953280     2.5728305590     5.7584373323
Si       16.4940814962     6.5967139705     4.4012291130
Si       13.9546527947     2.5608104093     2.4916431678
Si       18.8341311329     2.5369744424     2.5779913138
Si       15.7312282710     1.1300405287     6.4702962063
H       17.8826952842     6.8577746216     3.9094956200
H       15.5435260930     6.9623182652     3.2953830184
H       16.2587541179     7.4763784947     5.6126620286
H       12.8175790843     3.3068280058     3.0831577519
H       13.9528738449     2.8583982326     1.0257019185
H       18.4418446638     3.3207657526     1.3747102963
H       13.7056883037     1.0999599270     2.6919074188
H       18.5377063026     1.0951626427     2.3221903666
H       16.4170868595     0.9015107794     7.7944213695
H       14.2501044287     0.9803895191     6.6930733995
H       20.3285929741     2.6842586497     2.7780409687
H       16.1792679194     0.0664074346     5.5370274601
32
# Point 7 Energy = 0.0
C       20.6294448048     3.6494875095     7.5309657820
H       19.1010827846     3.3912402220     6.4355383366
C       19.3849750401     2.9589204770     6.9205791486
H       19.0558792125     2.8692478671     7.2647531236
H       20.4750889672     1.7758483502     5.5575966285
C       19.8187117243     1.6311134807     6.2223053053
H       18.9646802566     1.1715465742     5.7589715943
H       20.1991941877     0.9708197584     6.8966649690
H       21.4024996802     3.8767661268     6.7658736942
H       21.1105446819     3.0106536647     8.3288030537
H       20.3025482947     4.6844187908     8.0395015782
Si       16.4219504681     3.4078032385     4.3949479633
O       16.3031526962     4.9975143707     4.7380056502
O       17.9302893671     3.0739987880     3.8507850710
O       15.3694825277     2.9962044632     3.2091096692
O       16.0890379611     2.5727815549     5.7581047067
Si       16.4925422827     6.5967048194     4.4011618745
Si       13.9538997033     2.5608293723     2.4905344001
Si       18.8333214902     2.5370701527     2.5786489249
Si       15.7290757933     1.1299950077     6.4698273067
H       17.8813258297     6.8578148666     3.9099256584
H       15.5423726355     6.9623235542     3.2949849656
H       16.2567662163     7.4763379233     5.6125315344
H       12.8165952957     3.3068096641     3.0816536762
H       13.9526506511     2.8584630230     1.0245995980
H       18.4414522607     3.3208796874     1.3752448320
H       13.7048818298     1.0999677558     2.6906583431
H       18.5370239453     1.0952545702     2.3227024989
H       16.4144618321     0.9014389414     7.7941895192
H       14.2478697694     0.9802957483     6.6920722410
H       20.3277155736     2.6843763311     2.7792290365
H       16.1774628364     0.0663753457     5.5366946757
32
# Point 8 Energy = 0.0
C       20.6268894633     3.6485284628     7.5314316366
H       19.1172720831     3.3590203861     6.4745250458
C       19.3762387028     2.9603681989     6.9231906598
H       19.1070816925     2.8863720593     7.2054312695
H       20.4598021011     1.7727417467     5.5732455898
C       19.8182927234     1.6309779769     6.2224521617
H       18.9660449810     1.1736891199     5.7609479001
H       20.1935865644     0.9781592823     6.8902657202
H       21.4019126986     3.8767210454     6.7655283626
H       21.1097574641     3.0072322808     8.3334652304
H       20.2952527313     4.6961109293     8.0461674151
Si       16.4204950470     3.4077884101     4.3947932142
O       16.3015464108     4.9975025192     4.7378246807
O       17.9290367778     3.0740210858     3.8511007193
O       15.3684634151     2.9962191662     3.2085288441
O       16.0870943618     2.5727284272     5.7577797067
Si       16.4910239471     6.5966894954     4.4011019980
Si       13.9531566326     2.5608528016     2.4894324062
Si       18.8325186947     2.5371538446     2.5793081142
Si       15.7269346661     1.1299468445     6.4693677339
H       17.8799766873     6.8578457407     3.9103603230
H       15.5412387602     6.9623253166     3.2945964950
H       16.2548038434     7.4762913625     5.6124090055
H       12.8156244033     3.3067989743     3.0801575321
H       13.9524379399     2.8585339144     1.0235045761
H       18.4410662347     3.3209827739     1.3757820185
H       13.7040805827     1.0999806720     2.6894144932
H       18.5363442215     1.0953352826     2.3232167069
H       16.4118500897     0.9013635698     7.7939656301
H       14.2456466907     0.9802034781     6.6910834266
H       20.3268456381     2.6844780930     2.7804155246
H       16.1756643503     0.0663387389     5.5363712194
32
# Point 9 Energy = 0.0
C       20.6243486368     3.6475253790     7.5318601456
H       19.1330344038     3.3267671053     6.5137503598
C       19.3675240892     2.9618037000     6.9257786129
H       19.1581094656     2.9037184011     7.1459580407
H       20.4445804315     1.7696514059     5.5888858839
C       19.8179357344     1.6308770425     6.2225908522
H       18.9674801992     1.1758595192     5.7629104978
H       20.1880516115     0.9855208837     6.8838373846
H       21.4013542877     3.8766182334     6.7651570026
H       21.1089753607     3.0037689621     8.3380965336
H       20.2879605120     4.7077552852     8.0527953388
Si       16.4190528179     3.4077677220     4.3946448189
O       16.2999578016     4.9974849963     4.7376506815
O       17.9277952358     3.0740337191     3.8514195871
O       15.3674558597     2.9962327682     3.2079544847
O       16.0851645328     2.5726713584     5.7574621812
Si       16.4895263207     6.5966681396     4.4010491541
Si       13.9524235982     2.5608805993     2.4883370433
Si       18.8317227622     2.5372256674     2.5799687327
Si       15.7248049512     1.1298962365     6.4689173958
H       17.8786476811     6.8578674230     3.9107992744
H       15.5401242820     6.9623235996     3.2942172570
H       16.2528667889     7.4762390004     5.6122940758
H       12.8146663817     3.3067958104     3.0786691395
H       13.9522357102     2.8586107284     1.0224166942
H       18.4406865704     3.3210750879     1.3763216681
H       13.7032846571     1.0999985751     2.6881758011
H       18.5356672056     1.0954049044     2.3237329051
H       16.4092517019     0.9012849496     7.7937496239
H       14.2434352567     0.9801128515     6.6901068674
H       20.3259831809     2.6845641555     2.7816002800
H       16.1738725711     0.0662977900     5.5360570417
32
# Point 10 Energy = 0.0
C       20.6218233018     3.6464771256     7.5322510332
H       19.1483636469     3.2944807771     6.5532138350
C       19.3588318473     2.9632264522     6.9283430328
H       19.2089540246     2.9212985213     7.0863290307
H       20.4294234781     1.7665769576     5.6045173951
C       19.8176412296     1.6308101775     6.2227221777
H       18.9689863925     1.1780570069     5.7648603724
H       20.1825903918     0.9929044540     6.8773808670
H       21.4008251108     3.8764563109     6.7647589727
H       21.1081994329     3.0002621737     8.3426962956
H       20.2806734753     4.7193507648     8.0593855380
Si       16.4176241873     3.4077409284     4.3945029571
O       16.2983873298     4.9974615278     4.7374839875
O       17.9265651055     3.0740364566     3.8517417174
O       15.3664601792     2.9962451317     3.2073868110
O       16.0832489558     2.5726099822     5.7571522554
Si       16.4880498732     6.5966405048     4.4010038115
Si       13.9517008618     2.5609127010     2.4872485954
Si       18.8309339591     2.5372854828     2.5806307086
Si       15.7226871480     1.1298427581     6.4684763054
H       17.8773392549     6.8578796827     3.9112429077
H       15.5390295991     6.9623182738     3.2938478176
H       16.2509556232     7.4761804857     5.6121873138
H       12.8137215415     3.3068000714     3.0771889281
H       13.9520441215     2.8586935213     1.0213362615
H       18.4403134674     3.3211566071     1.3768638057
H       13.7024943153     1.1000213872     2.6869424436
H       18.5349931128     1.0954633266     2.3242509093
H       16.4066672555     0.9012025179     7.7935414474
H       14.2412359758     0.9800234518     6.6891426647
H       20.3251284887     2.6846343286     2.7827831404
H       16.1720879128     0.0662521512     5.5357520207
32
# Point 11 Energy = 0.0
C       20.6193131993     3.6453844752     7.5326039817
H       19.1632566913     3.2621637847     6.5929123699
C       19.3501616216     2.9646375723     6.9308837718
H       19.2596312902     2.9390949358     7.0265562922
H       20.4143290775     1.7635193848     5.6201395663
C       19.8174081525     1.6307784069     6.2228466884
H       18.9705622636     1.1802825470     5.7667985093
H       20.1772024576     1.0003113149     6.8708967192
H       21.4003246623     3.8762359106     6.7643336865
H       21.1074295168     2.9967124128     8.3472639035
H       20.2733919932     4.7308981492     8.0659380797
Si       16.4162087876     3.4077084516     4.3943671842
O       16.2968344431     4.9974325751     4.7373239158
O       17.9253460813     3.0740297946     3.8520667800
O       15.3654761033     2.9962563714     3.2068253967
O       16.0813472879     2.5725448849     5.7568495925
Si       16.4865938979     6.5966070220     4.4009650598
Si       13.9509882332     2.5609489455     2.4861666432
Si       18.8301520941     2.5373336894     2.5812938277
Si       15.7205810321     1.1297870610     6.4680443175
H       17.8760506997     6.8578830248     3.9116903351
H       15.5379540132     6.9623095039     3.2934871677
H       16.2490694911     7.4761164057     5.6120876723
H       12.8127895799     3.3068115579     3.0757163166
H       13.9518630111     2.8587819009     1.0202628125
H       18.4399467061     3.3212275090     1.3774080813
H       13.7017095288     1.1000489499     2.6857142156
H       18.5343219111     1.0955108786     2.3247707044
H       16.4040964916     0.9011171921     7.7933410220
H       14.2390486255     0.9799358069     6.6881906282
H       20.3242813499     2.6846891952     2.7839639369
H       16.1703103056     0.0662023854     5.5354561815
32
# Point 12 Energy = 0.0
C       20.6168273014     3.6442334713     7.5329186961
H       19.1776868519     3.2298047046     6.6328620158
C       19.3415203372     2.9660258788     6.9334019362
H       19.3099738702     2.9573091388     6.9665331292
H       20.3993087868     1.7604691668     5.6357562378
C       19.8172476118     1.6307712595     6.2229675704
H       18.9722209739     1.1825239017     5.7687259785
H       20.1718988775     1.0077319721     6.8643891290
H       21.3998613622     3.8759414723     6.7638798254
H       21.1066742202     2.9931044915     8.3517982878
H       20.2661283165     4.7423841730     8.0724533889
Si       16.4148119563     3.4076657645     4.3942414649
O       16.2953062104     4.9973931881     4.7371769983
O       17.9241427803     3.0740086489     3.8523970695
O       15.3645076880     2.9962647647     3.2062743677
O       16.0794651285     2.5724697286     5.7565571130
Si       16.4851666869     6.5965630888     4.4009417755
Si       13.9502888204     2.5609900251     2.4850957137
Si       18.8293803204     2.5373663384     2.5819588576
Si       15.7184914067     1.1297220341     6.4676223791
H       17.8747901793     6.8578723226     3.9121497804
H       15.5369053095     6.9622952874     3.2931454737
H       16.2472184204     7.4760404945     5.6120055800
H       12.8118747371     3.3068310936     3.0742578563
H       13.9516946444     2.8588788300     1.0192013352
H       18.4395892488     3.3212860780     1.3779567776
H       13.7009322172     1.1000818754     2.6844935664
H       18.5336552201     1.0955442847     2.3252910385
H       16.4015450111     0.9010191656     7.7931484205
H       14.2368780350     0.9798438347     6.6872525994
H       20.3234452115     2.6847231056     2.7851425278
H       16.1685428581     0.0661424164     5.5351684696
32
# Point 13 Energy = 0.0
C       20.6143279727     3.6430983506     7.5332109574
H       19.1919099228     3.1974641425     6.6729025898
C       19.3328734032     2.9674407471     6.9359023951
H       19.3607143866     2.9750592471     6.9067457617
H       20.3842890776     1.7574537264     5.6513581639
C       19.8170913644     1.6308108267     6.2230798367
H       18.9738836514     1.1848100295     5.7706490052
H       20.1666081708     1.0151938236     6.8578614847
H       21.3993917651     3.8756584458     6.7634100433
H       21.1059018390     2.9895154469     8.3563143352
H       20.2588410801     4.7538830965     8.0789452528
Si       16.4134074536     3.4076335562     4.3941066689
O       16.2937674123     4.9973654836     4.7370143917
O       17.9229325029     3.0739981597     3.8527203314
O       15.3635337328     2.9962778331     3.2057145410
O       16.0775760205     2.5724108078     5.7562591672
Si       16.4837262568     6.5965297822     4.4008963214
Si       13.9495854444     2.5610312547     2.4840158633
Si       18.8286028970     2.5374057691     2.5826195583
Si       15.7163968108     1.1296759526     6.4672014347
H       17.8735161127     6.8578726392     3.9125866011
H       15.5358432781     6.9622855019     3.2927797676
H       16.2453521009     7.4759797789     5.6118975266
H       12.8109542829     3.3068515199     3.0727861882
H       13.9515237980     2.8589704171     1.0181299195
H       18.4392253688     3.3213457253     1.3784977584
H       13.7001526092     1.1001153781     2.6832691365
H       18.5329853638     1.0955829112     2.3258130132
H       16.3989882586     0.9009472893     7.7929581114
H       14.2347026973     0.9797694690     6.6863155407
H       20.3226030139     2.6847670860     2.7863167637
H       16.1667725509     0.0660978026     5.5348869293
32
# Point 14 Energy = 0.0
C       20.6193032194     3.6432803908     7.5254255151
H       19.2115296125     3.1668408236     6.7065454869
C       19.3308379395     2.9707997233     6.9315342282
H       19.2992256539     2.9621819221     6.9646284413
H       20.3751120819     1.7554334900     5.6603660854
C       19.8231315911     1.6322996017     6.2170492433
H       18.9814668150     1.1882049965     5.7672824498
H       20.1679142314     1.0245686727     6.8454176386
H       21.4058599237     3.8761818486     6.7541620356
H       21.1129732215     2.9870861160     8.3524062783
H       20.2600702329     4.7669433063     8.0775401931
Si       16.4147022683     3.4085043635     4.3914346531
O       16.2951687568     4.9982919183     4.7341615234
O       17.9236632486     3.0750388757     3.8483011869
O       15.3635411385     2.9967643200     3.2042842190
O       16.0805840591     2.5734836716     5.7541059455
Si       16.4844416397     6.5974131222     4.3975390256
Si       13.9488522468     2.5611509184     2.4842853079
Si       18.8279450397     2.5383869333     2.5772855143
Si       15.7205209953     1.1308488320     6.4657734712
H       17.8736163155     6.8589285276     3.9075620986
H       15.5352034664     6.9627954457     3.2904543472
H       16.2473141779     7.4770482292     5.6086523748
H       12.8107617449     3.3068767208     3.0742221806
H       13.9490647115     2.8588345307     1.0183428325
H       18.4370301828     3.3220268759     1.3734665184
H       13.6998955603     1.1002258623     2.6840747078
H       18.5322981177     1.0964581083     2.3210884471
H       16.4046879695     0.9024920199     7.7907800458
H       14.2391025438     0.9807033766     6.6866361472
H       20.3221616765     2.6860546599     2.7792134361
H       16.1700002175     0.0671537965     5.5331437815
32
# Point 15 Energy = 0.0
C       20.6168181393     3.6420918707     7.5256339950
H       19.2248898506     3.1345119674     6.7470422997
C       19.3222283535     2.9722234448     6.9339802971
H       19.3501260785     2.9797553875     6.9048553266
H       20.3602104746     1.7524937303     5.6759481041
C       19.8230886884     1.6324387972     6.2171420144
H       18.9832598230     1.1905743973     5.7691777683
H       20.1627627781     1.0321052371     6.8388268668
H       21.4054315275     3.8758202770     6.7536295477
H       21.1122004860     2.9834479499     8.3568494069
H       20.2527838096     4.7783824572     8.0839520262
Si       16.4133049429     3.4084735577     4.3913003179
O       16.2936390375     4.9982662350     4.7339971423
O       17.9224568073     3.0750284039     3.8486152636
O       15.3625694346     2.9967798847     3.2037282188
O       16.0787106987     2.5734315979     5.7538143820
Si       16.4830077083     6.5973812549     4.3974872738
Si       13.9481476212     2.5611964789     2.4832140102
Si       18.8271629614     2.5384233827     2.5779317733
Si       15.7184462371     1.1308125045     6.4653672369
H       17.8723457741     6.8589297734     3.9079826146
H       15.5341401264     6.9627846888     3.2900876946
H       16.2454622406     7.4769911997     5.6085382301
H       12.8098428749     3.3069034354     3.0727626872
H       13.9488881781     2.8589298494     1.0172794064
H       18.4366534613     3.3220808074     1.3739935269
H       13.6991129886     1.1002641445     2.6828604103
H       18.5316215491     1.0964931867     2.3216013220
H       16.4021598537     0.9024349543     7.7906012606
H       14.2369480292     0.9806400027     6.6857241669
H       20.3213166421     2.6860959994     2.7803627629
H       16.1682434240     0.0671151418     5.5328780060
