32
# Point -15 Energy = 0.0
C       20.7207541704     3.6179972198     7.4097272237
H       19.1316828253     3.4434798721     6.2843182024
C       19.4849811323     2.9688502297     6.7889287569
H       18.5718827808     2.7069375033     7.7860706930
H       20.1596431436     1.7526335089     5.7193718622
C       19.8275075355     1.7009020790     6.0259927663
H       19.1878982005     1.3080981175     5.7347512929
H       20.6995207877     0.2033100376     7.6122729615
H       21.2590094998     3.8069121149     6.8511316732
H       21.0992192134     3.1321399539     8.0485408200
H       20.2651442679     5.0012270647     8.1094172094
Si       16.4306977183     3.4222191409     4.3620080626
O       16.3166295943     5.0099659598     4.7163825175
O       17.9289749590     3.0926166468     3.7904502388
O       15.3577605192     3.0166587433     3.1924240327
O       16.1213523498     2.5791781027     5.7264697687
Si       16.4994707256     6.6110718485     4.3852872972
Si       13.9303935655     2.5844757336     2.4958598458
Si       18.8108429338     2.5632876107     2.5000564660
Si       15.7744254060     1.1322218442     6.4355268534
H       17.8794563398     6.8758303763     3.8718003759
H       15.5302335502     6.9823873520     3.2977149574
H       16.2840591088     7.4837112102     5.6055304788
H       12.8030077756     3.3263757218     3.1106993354
H       13.9036908845     2.8903745202     1.0318757197
H       18.3977981999     3.3537103991     1.3078644385
H       13.6856094035     1.1223408909     2.6919794208
H       18.5108132535     1.1228097298     2.2408846446
H       16.4826109330     0.8965683748     7.7467681350
H       14.2973678314     0.9803476407     6.6824863983
H       20.3082317260     2.7104473360     2.6756195059
H       16.2073102647     0.0742151163     5.4889534055
32
# Point -14 Energy = 0.0
C       20.7159433951     3.6205354422     7.4176244964
H       19.1207844326     3.4551355775     6.2770146554
C       19.4824032463     2.9676032363     6.7964439959
H       18.5794192932     2.7105920591     7.7784013212
H       20.1895484585     1.7541685410     5.7023479473
C       19.8272924045     1.6963647818     6.0388291016
H       19.1722708560     1.2969481313     5.7365868458
H       20.6697279616     0.2500622532     7.5659846341
H       21.2686276650     3.8122292700     6.8454872457
H       21.1003323999     3.1258513762     8.0653394440
H       20.2715625905     4.9748855258     8.1015019224
Si       16.4307429291     3.4213314677     4.3642476636
O       16.3164134738     5.0092120430     4.7178680690
O       17.9296114028     3.0914293961     3.7943016244
O       15.3589732816     3.0153445298     3.1937632119
O       16.1200517447     2.5788550202     5.7287191761
Si       16.4996390375     6.6101915556     4.3863179277
Si       13.9322632303     2.5829370354     2.4959604132
Si       18.8126959732     2.5615553904     2.5049643556
Si       15.7723539819     1.1321789236     6.4380360043
H       17.8801414586     6.8746861331     3.8740840067
H       15.5314895336     6.9811078892     3.2976425811
H       16.2830618651     7.4833216034     5.6059994600
H       12.8043044421     3.3251281296     3.1093915404
H       13.9070209310     2.8882528916     1.0318294235
H       18.4008658403     3.3515179741     1.3120635069
H       13.6872309485     1.1208913324     2.6924233616
H       18.5128678913     1.1209852629     2.2460850806
H       16.4792387676     0.8970261612     7.7500579092
H       14.2950482990     0.9804687232     6.6835911536
H       20.3099244190     2.7087211488     2.6819558836
H       16.2061284458     0.0737831943     5.4923013974
32
# Point -13 Energy = 0.0
C       20.7111242865     3.6230636478     7.4255078894
H       19.1099617647     3.4667675720     6.2696598171
C       19.4798293738     2.9663396851     6.8039591129
H       18.5870267682     2.7141892175     7.7707728045
H       20.2192385030     1.7559164919     5.6851717152
C       19.8270694582     1.6918285853     6.0516888736
H       19.1566670394     1.2859516982     5.7382560397
H       20.6398212571     0.2969569162     7.5199033809
H       21.2782852715     3.8174411982     6.8398517476
H       21.1014465772     3.1195198539     8.0820893700
H       20.2779058004     4.9484985477     8.0935945539
Si       16.4307986621     3.4204329264     4.3664936978
O       16.3162113243     5.0084465581     4.7193624692
O       17.9302555766     3.0902309454     3.7981576102
O       15.3601951127     3.0140225078     3.1951111026
O       16.1187624122     2.5785193239     5.7309725506
Si       16.4998235320     6.6092997753     4.3873601352
Si       13.9341415204     2.5813931931     2.4960718309
Si       18.8145532847     2.5598133423     2.5098761528
Si       15.7702925579     1.1321228559     6.4405463684
H       17.8808411817     6.8735297774     3.8763783575
H       15.5327617892     6.9798195450     3.2975849362
H       16.2820842674     7.4829186831     5.6064803748
H       12.8056131031     3.3238754342     3.1080968428
H       13.9103579642     2.8861284752     1.0317961978
H       18.4039377883     3.3493178730     1.3162697280
H       13.6888590044     1.1194367970     2.6928758075
H       18.5149243349     1.1191518840     2.2512877022
H       16.4758773404     0.8974680614     7.7533460665
H       14.2927402942     0.9805777234     6.6846985862
H       20.3116203925     2.7069835404     2.6882942235
H       16.2049530572     0.0733393640     5.4956493144
32
# Point -12 Energy = 0.0
C       20.7062968559     3.6255816931     7.4333772943
H       19.0992148824     3.4783756245     6.2622538609
C       19.4772595276     2.9650595582     6.8114740922
H       18.5947049410     2.7177292104     7.7631853678
H       20.2487098326     1.7578779633     5.6678427127
C       19.8268385995     1.6872935548     6.0645720357
H       19.1410891596     1.2751097368     5.7397585214
H       20.6098000026     0.3439950742     7.4740312749
H       21.2879822693     3.8225475711     6.8342255897
H       21.1025620895     3.1131456626     8.0987904412
H       20.2841741322     4.9220659023     8.0856956089
Si       16.4308649846     3.4195234355     4.3687460510
O       16.3160232488     5.0076694556     4.7208654952
O       17.9309075561     3.0890211205     3.8020181354
O       15.3614260883     3.0126925471     3.1964675862
O       16.1174843657     2.5781710396     5.7332298363
Si       16.5000243645     6.6083964305     4.3884135899
Si       13.9360285085     2.5798440744     2.4961939736
Si       18.8164149608     2.5580611686     2.5147918459
Si       15.7682410906     1.1320537274     6.4430579846
H       17.8815556884     6.8723611487     3.8786831092
H       15.5340505028     6.9785221975     3.2975416392
H       16.2811264686     7.4825024690     5.6069728360
H       12.8069338342     3.3226175872     3.1068150453
H       13.9137020961     2.8840010343     1.0317758868
H       18.4070141826     3.3471097271     1.3204830196
H       13.6904935985     1.1179771723     2.6933367282
H       18.5169826414     1.1173092838     2.2564925879
H       16.4725265759     0.8978942320     7.7566326858
H       14.2904437583     0.9806747956     6.6858087128
H       20.3133197449     2.7052341750     2.6946345391
H       16.2037840481     0.0728836271     5.4989972721
32
# Point -11 Energy = 0.0
C       20.7014611073     3.6280894509     7.4412326054
H       19.0885438429     3.4899595175     6.2547969581
C       19.4746937127     2.9637628531     6.8189889215
H       18.6024535401     2.7212122806     7.7556392374
H       20.2779589832     1.7600533766     5.6503605033
C       19.8265997247     1.6827597691     6.0774785469
H       19.1255396840     1.2644231236     5.7410939392
H       20.5796635869     0.3911777768     7.4283703675
H       21.2977186135     3.8275480725     6.8286091999
H       21.1036792701     3.1067291018     8.1154425138
H       20.2903678140     4.8955873706     8.0778056103
Si       16.4309419604     3.4186029195     4.3710046061
O       16.3158493460     5.0068806926     4.7223769169
O       17.9315674151     3.0877997527     3.8058831398
O       15.3626662836     3.0113545199     3.1978325410
O       16.1162176129     2.5778102028     5.7354909754
Si       16.5002416862     6.6074814500     4.3894779517
Si       13.9379242680     2.5782895466     2.4963267109
Si       18.8182810941     2.5562985745     2.5197114272
Si       15.7661995306     1.1319716357     6.4455708925
H       17.8822851540     6.8711800920     3.8809979343
H       15.5353558571     6.9772157271     3.2975122937
H       16.2801886145     7.4820729894     5.6074764436
H       12.8082667103     3.3213545408     3.1055459415
H       13.9170534415     2.8818703284     1.0317683290
H       18.4100951636     3.3448931674     1.3247033006
H       13.6921347589     1.1165123461     2.6938060916
H       18.5190428691     1.1154571558     2.2616998233
H       16.4691863903     0.8983048449     7.7599178484
H       14.2881586267     0.9807601047     6.6869215488
H       20.3150225741     2.7034727213     2.7009768500
H       16.2026213637     0.0724159946     5.5023453904
32
# Point -10 Energy = 0.0
C       20.6966170366     3.6305868112     7.4490737196
H       19.0779486999     3.5015190480     6.2472892785
C       19.4721319251     2.9624495827     6.8265035923
H       18.6102722869     2.7246386832     7.7481346408
H       20.3069824749     1.7624429683     5.6327246682
C       19.8263527228     1.6782273224     6.0904083733
H       19.1100211390     1.2538926896     5.7422619441
H       20.5494114613     0.4385060685     7.3829226809
H       21.3074942637     3.8324423999     6.8230030238
H       21.1047984410     3.1002704965     8.1320454578
H       20.2964870670     4.8690627440     8.0699250989
Si       16.4310296499     3.4176713096     4.3732692430
O       16.3156897097     5.0060802332     4.7238964973
O       17.9322352245     3.0865666800     3.8097525639
O       15.3639157723     3.0100083013     3.1992058414
O       16.1149621562     2.5774368586     5.7377559087
Si       16.5004756431     6.6065547687     4.3905528699
Si       13.9398288727     2.5767294767     2.4964699075
Si       18.8201517768     2.5545252689     2.5246348927
Si       15.7641678223     1.1318766900     6.4480851332
H       17.8830297492     6.8699864583     3.8833224969
H       15.5366780319     6.9759000166     3.2974964903
H       16.2792708432     7.4816302817     5.6079907840
H       12.8096118055     3.3200862472     3.1042893159
H       13.9204121182     2.8797361129     1.0317733576
H       18.4131808731     3.3426678252     1.3289304919
H       13.6937825143     1.1150422065     2.6942838637
H       18.5211050771     1.1135951968     2.2669095009
H       16.4658566914     0.8987000870     7.7632016383
H       14.2858848281     0.9808338264     6.6880371083
H       20.3167289773     2.7016988537     2.7073211822
H       16.2014649453     0.0719364869     5.5056937941
32
# Point -9 Energy = 0.0
C       20.6917646311     3.6330736823     7.4569005371
H       19.0674295029     3.5130540277     6.2397309901
C       19.4695741526     2.9611197774     6.8340181002
H       18.6181608956     2.7280086856     7.7406718077
H       20.3357768171     1.7650467852     5.6149348077
C       19.8260974757     1.6736963248     6.1033614874
H       19.0945361110     1.2435192191     5.7432621920
H       20.5190431413     0.4859809825     7.3376901984
H       21.3173091834     3.8372302657     6.8174075256
H       21.1059199118     3.0937701980     8.1485991573
H       20.3025321051     4.8424918252     8.0620546347
Si       16.4311281095     3.4167285432     4.3755398390
O       16.3155444279     5.0052680488     4.7254239923
O       17.9329110525     3.0853217467     3.8136263498
O       15.3651746271     3.0086537688     3.2005873587
O       16.1137179920     2.5770510623     5.7400245754
Si       16.5007263748     6.6056163278     4.3916379834
Si       13.9417423967     2.5751637311     2.4966234232
Si       18.8220271013     2.5527409652     2.5295622433
Si       15.7621459041     1.1317690111     6.4506007487
H       17.8837896395     6.8687801048     3.8856564525
H       15.5380172027     6.9745749513     3.2974938065
H       16.2783732840     7.4811743922     5.6085154300
H       12.8109691929     3.3188126582     3.1030449443
H       13.9237782470     2.8775981383     1.0317908005
H       18.4162714548     3.3404333327     1.3331645164
H       13.6954368947     1.1135666413     2.6947700088
H       18.5231693260     1.1117231066     2.2721217208
H       16.4625373786     0.8990801615     7.7664841425
H       14.2836222854     0.9808961475     6.6891554042
H       20.3184390509     2.6999122527     2.7136675686
H       16.2003147303     0.0714451344     5.5090426128
32
# Point -8 Energy = 0.0
C       20.6869038692     3.6355499924     7.4647129616
H       19.0569862969     3.5245642837     6.2321222594
C       19.4670203733     2.9597734853     6.8415324449
H       18.6261190727     2.7313225690     7.7332509700
H       20.3643385127     1.7678646798     5.5969905427
C       19.8258338579     1.6691669037     6.1163378696
H       19.0790872470     1.2333034470     5.7440943448
H       20.4885582089     0.5336035339     7.2926748562
H       21.3271633401     3.8419113988     6.8118231882
H       21.1070439795     3.0872285858     8.1651035110
H       20.3085031345     4.8158744298     8.0541947967
Si       16.4312373916     3.4157745650     4.3778162690
O       16.3154135828     5.0044441186     4.7269591510
O       17.9335949644     3.0840648048     3.8175044405
O       15.3664429191     3.0072908024     3.2019769608
O       16.1124851108     2.5766528795     5.7422969132
Si       16.5009940147     6.6046660753     4.3927329201
Si       13.9436649150     2.5735921754     2.4967871131
Si       18.8239071594     2.5509453818     2.5344934844
Si       15.7601337082     1.1316487320     6.4531177828
H       17.8845649840     6.8675608958     3.8879994481
H       15.5393735401     6.9732404190     3.2975038065
H       16.2774960563     7.4807053771     5.6090499411
H       12.8123389444     3.3175337252     3.1018125932
H       13.9271519520     2.8754561507     1.0318204805
H       18.4193670539     3.3381893229     1.3374052992
H       13.6970979316     1.1120855378     2.6952644896
H       18.5252356779     1.1098405896     2.2773365911
H       16.4592283427     0.8994452881     7.7697654511
H       14.2813709149     0.9809472657     6.6902764483
H       20.3201528907     2.6981126064     2.7200160496
H       16.1991706528     0.0709419779     5.5123919816
32
# Point -7 Energy = 0.0
C       20.6820347200     3.6380156904     7.4725109004
H       19.0466191225     3.5360496593     6.2244632513
C       19.4644705562     2.9584107733     6.8490466310
H       18.6341465167     2.7345806284     7.7258723622
H       20.3926640628     1.7708963066     5.5788915152
C       19.8255617367     1.6646392045     6.1293375079
H       19.0636772553     1.2232460570     5.7447580725
H       20.4579563140     0.5813747130     7.2478785340
H       21.3370567041     3.8464855458     6.8062505142
H       21.1081709277     3.0806460680     8.1815584329
H       20.3144003534     4.7892103872     8.0463461839
Si       16.4313575443     3.4148093271     4.3800984054
O       16.3152972500     5.0036084293     4.7285017154
O       17.9342870224     3.0827957140     3.8213867810
O       15.3677207181     3.0059192850     3.2033745123
O       16.1112634972     2.5762423864     5.7445728589
Si       16.5012786885     6.6037039660     4.3938372976
Si       13.9455965027     2.5720146739     2.4969608276
Si       18.8257920432     2.5491382425     2.5394286268
Si       15.7581311607     1.1315159979     6.4556362809
H       17.8853559351     6.8663287028     3.8903511223
H       15.5407472095     6.9718963102     3.2975260416
H       16.2766392692     7.4802233020     5.6095938629
H       12.8137211310     3.3162493984     3.1005920200
H       13.9305333600     2.8733098908     1.0318622149
H       18.4224678169     3.3359354308     1.3416527678
H       13.6987656577     1.1105987828     2.6957672674
H       18.5273041967     1.1079473548     2.2825542285
H       16.4559294660     0.8997957032     7.7730456575
H       14.2791306267     0.9809873898     6.6914002514
H       20.3218705912     2.6962996105     2.7263666731
H       16.1980326436     0.0704270683     5.5157420411
32
# Point -6 Energy = 0.0
C       20.6771571425     3.6404707471     7.4802942645
H       19.0363280149     3.5475100138     6.2167541291
C       19.4619246604     2.9570317280     6.8565606680
H       18.6422429182     2.7377831734     7.7185362220
H       20.4207499715     1.7741411183     5.5606373899
C       19.8252809715     1.6601133919     6.1423603988
H       19.0483089052     1.2133476801     5.7452530544
H       20.4272371765     0.6292954784     7.2033030454
H       21.3469892487     3.8509524723     6.8006900266
H       21.1093010265     3.0740230832     8.1979638525
H       20.3202239514     4.7624995412     8.0385094161
Si       16.4314886110     3.4138327888     4.3823861181
O       16.3151954980     5.0027609757     4.7300514210
O       17.9349872853     3.0815143421     3.8252733179
O       15.3690080922     3.0045391022     3.2047798750
O       16.1100531291     2.5758196703     5.7468523479
Si       16.5015805136     6.6027299620     4.3949507230
Si       13.9475372359     2.5704310899     2.4971444124
Si       18.8276818441     2.5473192777     2.5443676866
Si       15.7561381819     1.1313709667     6.4581562902
H       17.8861626373     6.8650834054     3.8927111057
H       15.5421383696     6.9705425181     3.2975600497
H       16.2758030197     7.4797282429     5.6101467275
H       12.8151158219     3.3149596265     3.0993829733
H       13.9339226013     2.8711590941     1.0319158163
H       18.4255738918     3.3336712935     1.3459068530
H       13.7004401079     1.1091062623     2.6962783022
H       18.5293749482     1.1060431164     2.2877747581
H       16.4526406221     0.9001316605     7.7763248586
H       14.2769013251     0.9810167395     6.6925268236
H       20.3235922463     2.6944729701     2.7327194952
H       16.1969006304     0.0699004677     5.5190929377
32
# Point -5 Energy = 0.0
C       20.6722710852     3.6429151562     7.4880629696
H       19.0261130041     3.5589452234     6.2089950547
C       19.4593826346     2.9556364566     6.8640745703
H       18.6504079594     2.7409305292     7.7112427904
H       20.4485927508     1.7775983627     5.5422278544
C       19.8249914142     1.6555896503     6.1554065471
H       19.0329850273     1.2036088926     5.7455789811
H       20.3964005875     0.6773667503     7.1589501289
H       21.3569609493     3.8553119639     6.7951422689
H       21.1104345312     3.0673601012     8.2143197157
H       20.3259741095     4.7357417516     8.0306851340
Si       16.4316306306     3.4128449173     4.3846792754
O       16.3151083878     5.0019017610     4.7316079966
O       17.9356958086     3.0802205661     3.8291640002
O       15.3703051080     3.0031501425     3.2061929075
O       16.1088539782     2.5753848293     5.7491353150
Si       16.5018995987     6.6017440326     4.3960727930
Si       13.9494871908     2.5688412851     2.4973377085
Si       18.8295766537     2.5454882243     2.5493106857
Si       15.7541546856     1.1312138087     6.4606778598
H       17.8869852270     6.8638248914     3.8950790208
H       15.5435471725     6.9691789385     3.2976053559
H       16.2749873928     7.4792202858     5.6107080538
H       12.8165230852     3.3136643567     3.0981851922
H       13.9373198091     2.8690034906     1.0319810921
H       18.4286854278     3.3313965512     1.3501674885
H       13.7021213190     1.1076078611     2.6967975525
H       18.5314480003     1.1041275946     2.2929983140
H       16.4493616764     0.9004534310     7.7796031551
H       14.2746829079     0.9810355453     6.6936561741
H       20.3253179485     2.6926324001     2.7390745806
H       16.1957745380     0.0693622489     5.5224448237
32
# Point -4 Energy = 0.0
C       20.6673764861     3.6453489348     7.4958169354
H       19.0159741145     3.5703551814     6.2011861887
C       19.4568444174     2.9542250872     6.8715883583
H       18.6586413142     2.7440230362     7.7039923122
H       20.4761889256     1.7812670799     5.5236626206
C       19.8246929091     1.6510681853     6.1684759669
H       19.0177085132     1.1940302154     5.7457355562
H       20.3654464111     0.7255894034     7.1148214380
H       21.3669717831     3.8595638278     6.7896078061
H       21.1115716829     3.0606576235     8.2306259845
H       20.3316509997     4.7089368947     8.0228740003
Si       16.4317836366     3.4118456879     4.3869777435
O       16.3150359724     5.0010307970     4.7331711649
O       17.9364126442     3.0789142720     3.8330587792
O       15.3716118301     3.0017522972     3.2076134661
O       16.1076660096     2.5749379728     5.7514216940
Si       16.5022360428     6.6007461552     4.3972030944
Si       13.9514464444     2.5672451200     2.4975405529
Si       18.8314765629     2.5436448272     2.5542576520
Si       15.7521805801     1.1310447072     6.4632010410
H       17.8878238311     6.8625530575     3.8974544826
H       15.5449737623     6.9678054704     3.2976614725
H       16.2741924598     7.4786995273     5.6112773472
H       12.8179429872     3.3123635338     3.0969984074
H       13.9407251201     2.8668428048     1.0320578450
H       18.4318025752     3.3291108474     1.3544346115
H       13.7038093299     1.1061034628     2.6973249759
H       18.5335234233     1.1022005164     2.2982250400
H       16.4460924854     0.9007613033     7.7828806513
H       14.2724752671     0.9810440482     6.6947883113
H       20.3270477895     2.6907776262     2.7454320025
H       16.1946542890     0.0688124958     5.5257978576
32
# Point -3 Energy = 0.0
C       20.6624732719     3.6477721251     7.5035560865
H       19.0059113642     3.5817397983     6.1933276902
C       19.4543099366     2.9527977699     6.8791020579
H       18.6669426477     2.7470610511     7.6967850365
H       20.5035350379     1.7851461001     5.5049414249
C       19.8243852926     1.6465492240     6.1815686812
H       19.0024823147     1.1846121122     5.7457224976
H       20.3343745855     0.7739642610     7.0709185323
H       21.3770217289     3.8637078935     6.7840872250
H       21.1127127070     3.0539161850     8.2468826384
H       20.3372547851     4.6820848642     8.0150767000
Si       16.4319476577     3.4108350841     4.3892813870
O       16.3149782965     5.0001481038     4.7347406421
O       17.9371378400     3.0775953558     3.8369576088
O       15.3729283212     3.0003454608     3.2090414042
O       16.1064891814     2.5744792216     5.7537114184
Si       16.5025899345     6.5997363147     4.3983412043
Si       13.9534150742     2.5656424531     2.4977527781
Si       18.8333816623     2.5417888394     2.5592086200
Si       15.7502157676     1.1308638580     6.4657258872
H       17.8886785667     6.8612678096     3.8998370989
H       15.5464182750     6.9664220156     3.2977278996
H       16.2734182780     7.4781660745     5.6118541006
H       12.8193755926     3.3110571003     3.0958223404
H       13.9441386738     2.8646767555     1.0321458732
H       18.4349254852     3.3268138297     1.3587081632
H       13.7055041822     1.1045929497     2.6978605289
H       18.5356012900     1.1002616157     2.3034550888
H       16.4428328976     0.9010555840     7.7861574556
H       14.2702782890     0.9810424998     6.6959232428
H       20.3287818593     2.6889083860     2.7517918436
H       16.1935398033     0.0682513040     5.5291522037
32
# Point -2 Energy = 0.0
C       20.6575613576     3.6501847939     7.5112803525
H       18.9959247656     3.5930990021     6.1854197169
C       19.4517791091     2.9513546773     6.8866157008
H       18.6753116164     2.7500449468     7.6896212168
H       20.5306276525     1.7892340426     5.4860640288
C       19.8240683932     1.6420330161     6.1946847226
H       18.9873094435     1.1753549891     5.7455395397
H       20.3031851245     0.8224920876     7.0272428672
H       21.3871107662     3.8677440142     6.7785811350
H       21.1138578135     3.0471363539     8.2630896739
H       20.3427856193     4.6551855718     8.0072939414
Si       16.4321227167     3.4098130977     4.3915900690
O       16.3149353957     4.9992537106     4.7363161391
O       17.9378714402     3.0762637238     3.8408604458
O       15.3742546422     2.9989295308     3.2104765734
O       16.1053234453     2.5740087079     5.7560044211
Si       16.5029613516     6.5987145043     4.3994866903
Si       13.9553931580     2.5640331413     2.4979742127
Si       18.8352920423     2.5399200227     2.5641636305
Si       15.7482601445     1.1306714698     6.4682524540
H       17.8895495405     6.8599690635     3.9022264704
H       15.5478808373     6.9650284789     3.2978041251
H       16.2726648895     7.4776200449     5.6124377944
H       12.8208209640     3.3097449959     3.0946567045
H       13.9475606130     2.8625050561     1.0322449706
H       18.4380543100     3.3245051509     1.3629880888
H       13.7072059200     1.1030762024     2.6984041669
H       18.5376816757     1.0983106346     2.3086886232
H       16.4395827528     0.9013365970     7.7894336801
H       14.2680918537     0.9810311618     6.6970609759
H       20.3305202468     2.6870244296     2.7581541957
H       16.1924309990     0.0676787800     5.5325080329
32
# Point -1 Energy = 0.0
C       20.6526406469     3.6525870341     7.5189896678
H       18.9860143243     3.6044327383     6.1774624253
C       19.4492518409     2.9498960044     6.8941293251
H       18.6837478680     2.7529751130     7.6825011112
H       20.5574633607     1.7935293139     5.4670302189
C       19.8237420318     1.6375198342     6.2078241330
H       18.9721929700     1.1662591937     5.7451864342
H       20.2718781167     0.8711735853     6.9837957882
H       21.3972388754     3.8716720671     6.7730901682
H       21.1150071969     3.0403187326     8.2792471050
H       20.3482436472     4.6282389476     7.9995264563
Si       16.4323088313     3.4087797292     4.3939036517
O       16.3149072966     4.9983476554     4.7378973610
O       17.9386134848     3.0749192929     3.8447672502
O       15.3755908518     2.9975044080     3.2119188227
O       16.1041687458     2.5735265751     5.7583006348
Si       16.5033503602     6.5976807253     4.4006391115
Si       13.9573807744     2.5624170398     2.4982046813
Si       18.8372077924     2.5380381490     2.5691227310
Si       15.7463136016     1.1304677636     6.4707807994
H       17.8904368476     6.8586567451     3.9046221920
H       15.5493615662     6.9636247684     3.2978896256
H       16.2719323208     7.4770615668     5.6130278971
H       12.8222791622     3.3084271573     3.0935012043
H       13.9509910833     2.8603274143     1.0323549267
H       18.4411892023     3.3221844691     1.3672743377
H       13.7089145902     1.1015531003     2.6989558446
H       18.5397646586     1.0963473234     2.3139258155
H       16.4363418829     0.9016046839     7.7927094408
H       14.2659158362     0.9810103056     6.6982015167
H       20.3322630394     2.6851255210     2.7645191603
H       16.1913277925     0.0670950421     5.5358655219
32
# Point 0 Energy = 0
C       20.6477110000     3.6549790000     7.5266840000
H       18.9761800000     3.6157410000     6.1694560000
C       19.4467280000     2.9484220000     6.9016430000
H       18.6922510000     2.7558520000     7.6754250000
H       20.5840390000     1.7980300000     5.4478400000
C       19.8234060000     1.6330100000     6.2209870000
H       18.9571360000     1.1573250000     5.7446630000
H       20.2404540000     0.9200090000     6.9405780000
H       21.4074060000     3.8754920000     6.7676150000
H       21.1161610000     3.0334640000     8.2953550000
H       20.3536290000     4.6012450000     7.9917750000
Si       16.4325060000     3.4077350000     4.3962220000
O       16.3148940000     4.9974300000     4.7394840000
O       17.9393640000     3.0735620000     3.8486780000
O       15.3769370000     2.9960700000     3.2133680000
O       16.1030250000     2.5730330000     5.7606000000
Si       16.5037570000     6.5966350000     4.4017980000
Si       13.9593780000     2.5607940000     2.4984440000
Si       18.8391290000     2.5361430000     2.5740860000
Si       15.7443760000     1.1302530000     6.4733110000
H       17.8913405600     6.8573308000     3.9070238400
H       15.5508605600     6.9622108000     3.2979838400
H       16.2712205600     7.4764908000     5.6136238400
H       12.8237502400     3.3071035200     3.0923555200
H       13.9544302400     2.8581435200     1.0324755200
H       18.4443303200     3.3198514400     1.3715668800
H       13.7106302400     1.1000235200     2.6995155200
H       18.5418503200     1.0943714400     2.3191668800
H       16.4331100800     0.9018602400     7.7959848800
H       14.2637500800     0.9809802400     6.6993448800
H       20.3340103200     2.6832114400     2.7708868800
H       16.1902300800     0.0665002400     5.5392248800
32
# Point 1 Energy = 0.0
C       20.6427723213     3.6573608068     7.5343632590
H       18.9664218192     3.6270237021     6.1614005665
C       19.4442075007     2.9469328521     6.9091567574
H       18.7008206893     2.7586759639     7.6683931422
H       20.6103509590     1.8027344819     5.4284930453
C       19.8230601335     1.6285037771     6.2341733734
H       18.9421416078     1.1485528599     5.7439690253
H       20.2089128014     0.9689991279     6.8975909965
H       21.4176121343     3.8792036811     6.7621562587
H       21.1173194061     3.0265727787     8.3114133607
H       20.3589418098     4.5742036474     7.9840403426
Si       16.4327142498     3.4066789042     4.3985449740
O       16.3148955426     4.9965007744     4.7410757633
O       17.9401230342     3.0721917586     3.8525926520
O       15.3782931548     2.9946262031     3.2148239533
O       16.1018921630     2.5725281164     5.7629024444
Si       16.5041813470     6.5955773222     4.4029629209
Si       13.9613849228     2.5591638731     2.4986919927
Si       18.8410557615     2.5342343481     2.5790534810
Si       15.7424472415     1.1300273890     6.4758431045
H       17.8922607819     6.8559911490     3.9094310156
H       15.5523779455     6.9607864758     3.2980862537
H       16.2705296446     7.4759078619     5.6142250993
H       12.8252342687     3.3057740140     3.0912193575
H       13.9578782372     2.8559530805     1.0326065414
H       18.4474778221     3.3175057249     1.3758656643
H       13.7123529260     1.0984873367     2.7000831429
H       18.5439387445     1.0923827364     2.3244119817
H       16.4298871875     0.9021035932     7.7992601023
H       14.2615944720     0.9809412233     6.7004910634
H       20.3357621821     2.6812819521     2.7772574515
H       16.1891377880     0.0658944839     5.5425862727
32
# Point 2 Energy = 0.0
C       20.6378244379     3.6597326676     7.5420274219
H       18.9567397208     3.6382808368     6.1532963120
C       19.4416901901     2.9454288338     6.9166706907
H       18.7094565169     2.7614474688     7.6614058405
H       20.6363960615     1.8076407624     5.4089894372
C       19.8227042153     1.6240015044     6.2473833911
H       18.9272128680     1.1399431575     5.7431044245
H       20.1772552270     1.0181438468     6.8548350107
H       21.4278571943     3.8828070937     6.7567146414
H       21.1184825082     3.0196458112     8.3274222858
H       20.3641821891     4.5471149494     7.9763232798
Si       16.4329335756     3.4056114693     4.4008724429
O       16.3149119194     4.9955600476     4.7426723381
O       17.9408906125     3.0708085102     3.8565111998
O       15.3796593703     2.9931729237     3.2162865312
O       16.1007701401     2.5720121143     5.7652079146
Si       16.5046234367     6.5945077191     4.4041333945
Si       13.9634016282     2.5575265041     2.4989484705
Si       18.8429881704     2.5323119740     2.5840252769
Si       15.7405271714     1.1297912080     6.4783772004
H       17.8931975834     6.8546377415     3.9118432909
H       15.5539138240     6.9593517096     3.2981962866
H       16.2698595514     7.4753129232     5.6148310875
H       12.8267313064     3.3044385701     3.0900923806
H       13.9613352474     2.8537557713     1.0327477637
H       18.4506318802     3.3151469712     1.3801706795
H       13.7140827030     1.0969444221     2.7006586725
H       18.5460300215     1.0903809680     2.3296613657
H       16.4266729736     0.9023351639     7.8025352653
H       14.2594488393     0.9808935813     6.7016400839
H       20.3375187132     2.6793368385     2.7836310504
H       16.1880508027     0.0652779364     5.5459499290
32
# Point 3 Energy = 0.0
C       20.6328672398     3.6620947353     7.5496764094
H       18.9471337246     3.6495123792     6.1451433532
C       19.4391759600     2.9439101941     6.9241848329
H       18.7181581426     2.7641669159     7.6544633527
H       20.6621708432     1.8127465680     5.3893288837
C       19.8223380586     1.6195035175     6.2606170905
H       18.9123530833     1.1314960433     5.7420689816
H       20.1454813578     1.0674440026     6.8123114609
H       21.4381411995     3.8863021615     6.7512908451
H       21.1196504752     3.0126837849     8.3433818172
H       20.3693502560     4.5199788407     7.9686246416
Si       16.4331639857     3.4045327152     4.4032042611
O       16.3149431358     4.9946078751     4.7442734205
O       17.9416667677     3.0694122056     3.8604335990
O       15.3810357015     2.9917100718     3.2177555757
O       16.0996588714     2.5714851551     5.7675163328
Si       16.5050833027     6.5934262100     4.4053089708
Si       13.9654281967     2.5558817439     2.4992132498
Si       18.8449263139     2.5303756913     2.5890014347
Si       15.7386156859     1.1295446945     6.4809133339
H       17.8941510247     6.8532705339     3.9142602544
H       15.5554682796     6.9579064175     3.2983134067
H       16.2692102665     7.4747061281     5.6154412617
H       12.8282414110     3.3030971100     3.0889742828
H       13.9648014183     2.8515512949     1.0328989706
H       18.4537926406     3.3127748742     1.3844818755
H       13.7158196309     1.0953946499     2.7012420548
H       18.5481242376     1.0883659254     2.3349152039
H       16.4234672747     0.9025553172     7.8058104725
H       14.2573130644     0.9808375878     6.7027919338
H       20.3392799952     2.6773759192     2.7900077792
H       16.1869690545     0.0646507362     5.5493160167
32
# Point 4 Energy = 0.0
C       20.6279005694     3.6644472301     7.5573101826
H       18.9376038016     3.6607183556     6.1369418402
C       19.4366646604     2.9423772409     6.9316992543
H       18.7269251710     2.7668347736     7.6475659645
H       20.6876720791     1.8180493141     5.3695113051
C       19.8219614452     1.6150102060     6.2738745617
H       18.8975655850     1.1232115967     5.7408625611
H       20.1135916793     1.1168998945     6.7700210022
H       21.4484641281     3.8896888856     6.7458856192
H       21.1208234201     3.0056874701     8.3592920594
H       20.3744461128     4.4927953428     7.9609452863
Si       16.4334054685     3.4034426850     4.4055402886
O       16.3149891692     4.9936443382     4.7458786957
O       17.9424515181     3.0680028178     3.8643598280
O       15.3824221956     2.9902375650     3.2192309294
O       16.0985582673     2.5709474357     5.7698276327
Si       16.5055609490     6.5923328370     4.4064891747
Si       13.9674647086     2.5542294391     2.4994861395
Si       18.8468702779     2.5284253262     2.5939820377
Si       15.7367126496     1.1292881273     6.4834515739
H       17.8951211398     6.8518895049     3.9166814795
H       15.5570413757     6.9564505240     3.2984370446
H       16.2685817326     7.4740876546     5.6160550426
H       12.8297646321     3.3017495529     3.0878647325
H       13.9682769096     2.8493393345     1.0330599354
H       18.4569602571     3.3103891279     1.3887992274
H       13.7175637715     1.0938378910     2.7018332407
H       18.5502214851     1.0863374083     2.3401737166
H       16.4202698843     0.9027644754     7.8090858579
H       14.2551869964     0.9807735554     6.7039466159
H       20.3410461065     2.6753990335     2.7963877891
H       16.1858924534     0.0640130560     5.5526847409
32
# Point 5 Energy = 0.0
C       20.6229242561     3.6667903995     7.5649287084
H       18.9281499151     3.6718988087     6.1286919216
C       19.4341561300     2.9408303057     6.9392140322
H       18.7357571983     2.7694515264     7.6407139682
H       20.7128965965     1.8235462091     5.3495366470
C       19.8215741497     1.6105219849     6.2871559042
H       18.8828537544     1.1150898385     5.7394850542
H       20.0815867568     1.1665117240     6.7279641252
H       21.4588259574     3.8929672956     6.7404997386
H       21.1220014389     2.9986576722     8.3751531352
H       20.3794698541     4.4655644974     7.9532860993
Si       16.4336580057     3.4023414307     4.4078803861
O       16.3150499858     4.9926695271     4.7474878462
O       17.9432448771     3.0665803331     3.8682898696
O       15.3838188969     2.9887553247     3.2207124343
O       16.0974682312     2.5703991639     5.7721417484
Si       16.5060563645     6.5912276509     4.4076735261
Si       13.9695112441     2.5525694348     2.4997669460
Si       18.8488201471     2.5264607184     2.5989671769
Si       15.7348179221     1.1290217964     6.4859919912
H       17.8961079478     6.8504946457     3.9191065372
H       15.5586331624     6.9549839578     3.2985666239
H       16.2679738731     7.4734576909     5.6166718435
H       12.8313010171     3.3003958141     3.0867633915
H       13.9717618832     2.8471195694     1.0332304292
H       18.4601348825     3.3079894370     1.3931227165
H       13.7193151904     1.0922740146     2.7024321808
H       18.5523218594     1.0842952292     2.3454371339
H       16.4170805891     0.9029630763     7.8123615591
H       14.2530704803     0.9807018040     6.7051041320
H       20.3428171233     2.6734060396     2.8027712416
H       16.1848209096     0.0633650792     5.5560563117
32
# Point 6 Energy = 0.0
C       20.6179381164     3.6691245179     7.5725319600
H       18.9187720205     3.6830537980     6.1203937459
C       19.4316501957     2.9392697443     6.9467292512
H       18.7446538117     2.7720176758     7.6339076629
H       20.7378412790     1.8292342577     5.3294048804
C       19.8211759388     1.6060392950     6.3004612276
H       18.8682210203     1.1071307324     5.7379363806
H       20.0494672379     1.2162795867     6.6861411432
H       21.4692266632     3.8961374502     6.7351340042
H       21.1231846109     2.9915952317     8.3909651868
H       20.3844215664     4.4382863665     7.9456479936
Si       16.4339215725     3.4012290139     4.4102244151
O       16.3151255401     4.9916835416     4.7491005526
O       17.9440468535     3.0651447509     3.8722237112
O       15.3852258467     2.9872632767     3.2221999324
O       16.0963886592     2.5698405576     5.7744586151
Si       16.5065695233     6.5901107116     4.4088615411
Si       13.9715678836     2.5509015748     2.5000554737
Si       18.8507760050     2.5244817222     2.6039569514
Si       15.7329313588     1.1287460026     6.4885346586
H       17.8971114528     6.8490859597     3.9215349975
H       15.5602436761     6.9535066514     3.2987015623
H       16.2673865913     7.4728164350     5.6172910717
H       12.8328506103     3.2990358045     3.0856699160
H       13.9752565033     2.8448916752     1.0334102208
H       18.4633166692     3.3055755171     1.3974523303
H       13.7210739569     1.0907028883     2.7030388250
H       18.5544254591     1.0822392137     2.3507056953
H       16.4138991687     0.9031515728     7.8156377168
H       14.2509633565     0.9806226594     6.7062644832
H       20.3445931196     2.6713968147     2.8091583089
H       16.1837543330     0.0627070003     5.5594309444
32
# Point 7 Energy = 0.0
C       20.6129419534     3.6714498867     7.5801199165
H       18.9094700654     3.6941833988     6.1120474607
C       19.4291466726     2.9376959356     6.9542450031
H       18.7536145902     2.7745337386     7.6271473546
H       20.7625030701     1.8351102643     5.3091160011
C       19.8207665719     1.6015626022     6.3137906504
H       18.8536708567     1.0993341858     5.7362164892
H       20.0172338503     1.2662034711     6.6445521887
H       21.4796662196     3.8991994373     6.7297892428
H       21.1243729982     2.9845010232     8.4067283753
H       20.3893013293     4.4109610319     7.9380319103
Si       16.4341961374     3.4001055051     4.4125722381
O       16.3152157750     4.9906864900     4.7507164940
O       17.9448574506     3.0636960843     3.8761613452
O       15.3866430835     2.9857613511     3.2236932657
O       16.0953194406     2.5692718451     5.7767781689
Si       16.5071003838     6.5889820880     4.4100527328
Si       13.9736347077     2.5492257016     2.5003515250
Si       18.8527379341     2.5224882069     2.6089514680
Si       15.7310528104     1.1284610565     6.4910796510
H       17.8981316432     6.8476634634     3.9239664299
H       15.5618729392     6.9520185418     3.2988412726
H       16.2668197706     7.4721640944     5.6179121293
H       12.8344134529     3.2976694310     3.0845839566
H       13.9787609364     2.8426553242     1.0335990776
H       18.4665057686     3.3031470957     1.4017880630
H       13.7228401437     1.0891243780     2.7036531226
H       18.5565323860     1.0801692015     2.3559796497
H       16.4107253963     0.9033304319     7.8189144750
H       14.2488654616     0.9805364532     6.7074276698
H       20.3463741665     2.6693712566     2.8155491738
H       16.1826926341     0.0620390244     5.5628088587
32
# Point 8 Energy = 0.0
C       20.6079355581     3.6737668323     7.5876925625
H       18.9002439899     3.7052877013     6.1036532122
C       19.4266453654     2.9361092809     6.9617613857
H       18.7626391052     2.7770002467     7.6204333556
H       20.7868789774     1.8411708372     5.2886700278
C       19.8203458017     1.5970923975     6.3271442990
H       18.8392067803     1.0917000511     5.7343253585
H       19.9848873945     1.3162832652     6.6031972215
H       21.4901445997     3.9021533731     6.7244663067
H       21.1255666476     2.9773759538     8.4224428793
H       20.3941092167     4.3835885940     7.9304388177
Si       16.4344816624     3.3989709841     4.4149237189
O       16.3153206219     4.9896784897     4.7523353492
O       17.9456766669     3.0622343599     3.8801027683
O       15.3880706427     2.9842494824     3.2251922763
O       16.0942604584     2.5686932637     5.7791003466
Si       16.5076488889     6.5878418574     4.4112466130
Si       13.9757117963     2.5475416570     2.5006549006
Si       18.8547060149     2.5204800571     2.6139508403
Si       15.7291821244     1.1281672779     6.4936270442
H       17.8991684915     6.8462271860     3.9264004049
H       15.5635209596     6.9505195704     3.2989851648
H       16.2662732739     7.4715008857     5.6185344153
H       12.8359895833     3.2962965960     3.0835051597
H       13.9822753499     2.8404101869     1.0337967656
H       18.4697023302     3.3007039137     1.4061299146
H       13.7246138273     1.0875383489     2.7042750221
H       18.5586427450     1.0780850468     2.3612592536
H       16.4075590399     0.9035001326     7.8221919792
H       14.2467766290     0.9804435211     6.7085936903
H       20.3481603329     2.6673292836     2.8219440284
H       16.1816357241     0.0613613661     5.5661902775
32
# Point 9 Energy = 0.0
C       20.6029187125     3.6760757020     7.5952498835
H       18.8910937285     3.7163668073     6.0952111431
C       19.4241460703     2.9345102001     6.9692784992
H       18.7717269239     2.7794177416     7.6137659812
H       20.8109660764     1.8474123902     5.2680669959
C       19.8199133766     1.5926291929     6.3405223016
H       18.8248323485     1.0842281272     5.7322629928
H       19.9524287096     1.3665188020     6.5620760914
H       21.5006617781     3.9049993995     6.7191660688
H       21.1267655940     2.9702209578     8.4381088897
H       20.3988453007     4.3561691671     7.9228697087
Si       16.4347781034     3.3978255383     4.4172787217
O       16.3154400013     4.9886596647     4.7539567972
O       17.9465044959     3.0607596176     3.8840479789
O       15.3895085561     2.9827276098     3.2266968061
O       16.0932115905     2.5681050574     5.7814250844
Si       16.5082149665     6.5866901047     4.4124426945
Si       13.9777992284     2.5458492828     2.5009654000
Si       18.8566803258     2.5184571744     2.6189551849
Si       15.7273191468     1.1278649917     6.4961769124
H       17.9002219548     6.8447771691     3.9288364958
H       15.5651877304     6.9490096830     3.2991326495
H       16.2657469460     7.4708270311     5.6191573293
H       12.8375790361     3.2949171979     3.0824331690
H       13.9857999109     2.8381559339     1.0340030501
H       18.4729065002     3.2982457273     1.4104778887
H       13.7263950869     1.0859446652     2.7049044701
H       18.5607566430     1.0759866198     2.3665447661
H       16.4043998656     0.9036611618     7.8254703734
H       14.2446966915     0.9803441990     6.7097625403
H       20.3499516839     2.6652708357     2.8283430689
H       16.1805835170     0.0606742474     5.5695754226
32
# Point 10 Energy = 0.0
C       20.5978910224     3.6783770790     7.6027920860
H       18.8820191015     3.7274209751     6.0867215429
C       19.4216484357     2.9328993152     6.9767966516
H       18.7808774415     2.7817869894     7.6071457348
H       20.8347614356     1.8538312854     5.2473072657
C       19.8194689297     1.5881736778     6.3539250703
H       18.8105511185     1.0769181962     5.7300296900
H       19.9198604797     1.4169071964     6.5211848398
H       21.5112175961     3.9077378633     6.7138896669
H       21.1279696622     2.9630372499     8.4537268808
H       20.4035094707     4.3287031142     7.9153257719
Si       16.4350853712     3.3966693242     4.4196371747
O       16.3155737662     4.9876302225     4.7555805045
O       17.9473409093     3.0592719508     3.8879971172
O       15.3909568617     2.9811956817     3.2282067375
O       16.0921726184     2.5675075988     5.7837524057
Si       16.5087984823     6.5855269835     4.4136404129
Si       13.9798971213     2.5441483893     2.5012828252
Si       18.8586609779     2.5164194617     2.6239648227
Si       15.7254636057     1.1275546821     6.4987294671
H       17.9012919461     6.8433135088     3.9312742441
H       15.5668732262     6.9474888384     3.2992830053
H       16.2652405150     7.4701428753     5.6197801434
H       12.8391818566     3.2935311233     3.0813675497
H       13.9893348834     2.8358921379     1.0342176864
H       18.4761185033     3.2957722372     1.4148321420
H       13.7281840396     1.0843431677     2.7055414712
H       18.5628742379     1.0738737795     2.3718367036
H       16.4012474677     0.9038142292     7.8287499768
H       14.2426253561     0.9802389832     6.7109342984
H       20.3517483082     2.6631958724     2.8347467504
H       16.1795358522     0.0599780106     5.5729647205
32
# Point 11 Energy = 0.0
C       20.5928528431     3.6806705968     7.6103183816
H       18.8730204324     3.7384498122     6.0781840033
C       19.4191527380     2.9312764377     6.9843152259
H       18.7900908245     2.7841077921     7.6005722962
H       20.8582624254     1.8604231252     5.2263897483
C       19.8190125909     1.5837258610     6.3673517529
H       18.7963668736     1.0697698378     5.7276245702
H       19.8871772237     1.4674575922     6.4805361331
H       21.5218125157     3.9103683152     6.7086371676
H       21.1291795628     2.9558249296     8.4692961161
H       20.4081023813     4.3011897141     7.9078074877
Si       16.4354035550     3.3955022256     4.4219987162
O       16.3157220240     4.9865900299     4.7572061908
O       17.9481859567     3.0577712766     3.8919496937
O       15.3924155585     2.9796536237     3.2297217685
O       16.0911437400     2.5669007143     5.7860819352
Si       16.5093995097     6.5843523738     4.4148395474
Si       13.9820054201     2.5424389224     2.5016069601
Si       18.8606479265     2.5143668957     2.6289791728
Si       15.7236157608     1.1272361459     6.5012842935
H       17.9023785001     6.8418361148     3.9337133376
H       15.5685774336     6.9459569547     3.2994360995
H       16.2647541427     7.4694482453     5.6204026944
H       12.8407980310     3.2921382849     3.0803082058
H       13.9928800977     2.8336188048     1.0344404721
H       18.4793381981     3.2932834657     1.4191921588
H       13.7299806534     1.0827337942     2.7061857611
H       18.5649954726     1.0717465126     2.3771344417
H       16.3981022090     0.9039590824     7.8320303127
H       14.2405628999     0.9801276511     6.7121086535
H       20.3535501758     2.6611043727     2.8411543871
H       16.1784929235     0.0592724951     5.5763576744
32
# Point 12 Energy = 0.0
C       20.5878030492     3.6829577739     7.6178299124
H       18.8640970516     3.7494542072     6.0695994563
C       19.4166580104     2.9296429917     6.9918354031
H       18.7993657369     2.7863818277     7.5940469532
H       20.8814660680     1.8671844464     5.2053162163
C       19.8185435095     1.5792871283     6.3808039432
H       18.7822830689     1.0627828409     5.7250491088
H       19.8543895269     1.5181556699     6.4401098773
H       21.5324457990     3.9128919136     6.7034107790
H       21.1303942537     2.9485863174     8.4848182407
H       20.4126232037     4.2736303611     7.9003168063
Si       16.4357323744     3.3943246799     4.4243635577
O       16.3158843510     4.9855396340     4.7588334956
O       17.9490395148     3.0562579001     3.8959064493
O       15.3938847025     2.9781014293     3.2312419638
O       16.0901243297     2.5662852999     5.7884140725
Si       16.5100176671     6.5831667098     4.4160392482
Si       13.9841243906     2.5407205793     2.5019376300
Si       18.8626414112     2.5122993774     2.6339994097
Si       15.7217748378     1.1269105145     6.5038421799
H       17.9034813595     6.8403453016     3.9361532209
H       15.5703002621     6.9444140512     3.2995906998
H       16.2642870899     7.4687439816     5.6210237665
H       12.8424276415     3.2907385410     3.0792543962
H       13.9964362095     2.8313351271     1.0346711343
H       18.4825661283     3.2907788844     1.4235587430
H       13.7317851857     1.0811163051     2.7068375914
H       18.5671207022     1.0696046249     2.3824395637
H       16.3949629605     0.9040973332     7.8353124316
H       14.2385084944     0.9800113577     6.7132860368
H       20.3553574657     2.6589963599     2.8475675135
H       16.1774542438     0.0585585297     5.5797555588
32
# Point 13 Energy = 0.0
C       20.5827822519     3.6851860303     7.6252730551
H       18.8552743877     3.7603991081     6.0609319302
C       19.4141982582     2.9279539970     6.9993069671
H       18.8087422824     2.7885579556     7.5875245497
H       20.9043924428     1.8740687663     5.1840126032
C       19.8180886905     1.5748186295     6.3942134980
H       18.7682966930     1.0559766171     5.7222404471
H       19.8210625669     1.5696596895     6.4008346203
H       21.5431493949     3.9152653440     6.6981507931
H       21.1316621332     2.9412599745     8.5002271879
H       20.4171144675     4.2459682824     7.8928102912
Si       16.4360818225     3.3931206974     4.4267146264
O       16.3160751890     4.9844596701     4.7604629914
O       17.9499062851     3.0547201070     3.8998324297
O       15.3953626178     2.9765363112     3.2327558305
O       16.0891366790     2.5656314969     5.7907264367
Si       16.5106654156     6.5819540248     4.4172548176
Si       13.9862450785     2.5389992588     2.5022721973
Si       18.8646337099     2.5102175516     2.6389762590
Si       15.7199687760     1.1265408053     6.5063693116
H       17.9046086311     6.8388289688     3.9385986282
H       15.5720438542     6.9428564862     3.2997747838
H       16.2638639737     7.4680018162     5.6216701818
H       12.8440678180     3.2893327120     3.0782221092
H       13.9999805554     2.8290622089     1.0349099340
H       18.4857836935     3.2882719918     1.4278943073
H       13.7335894634     1.0794946774     2.7074815794
H       18.5692386623     1.0674516070     2.3876906367
H       16.3918701337     0.9041776558     7.8385538116
H       14.2364919517     0.9798521297     6.7144451993
H       20.3571646015     2.6568690752     2.8539241974
H       16.1764381194     0.0578083534     5.5831091485
32
# Point 14 Energy = 0.0
C       20.5773441675     3.6879606688     7.6332225526
H       18.8462216723     3.7717019518     6.0525876298
C       19.4113947848     2.9267316211     7.0072615033
H       18.8177517870     2.7912350197     7.5814661679
H       20.9269928503     1.8813978062     5.1633607822
C       19.8173563865     1.5707707793     6.4082914034
H       18.7542961995     1.0493054460     5.7199653210
H       19.7924204779     1.6140298749     6.3527503135
H       21.5535438640     3.9180533626     6.6934842977
H       21.1324502765     2.9345657466     8.5162517900
H       20.4211279637     4.2188588812     7.8857583450
Si       16.4363237472     3.3920854710     4.4292276625
O       16.3161090167     4.9835807688     4.7620818198
O       17.9507174579     3.0533160933     3.9040946858
O       15.3968484203     2.9750061887     3.2343785986
O       16.0879256464     2.5652807376     5.7932520154
Si       16.5111688799     6.5809098108     4.4183157946
Si       13.9884467616     2.5372217479     2.5026304843
Si       18.8666927781     2.5081527285     2.6444296191
Si       15.7178904604     1.1265424080     6.5092211830
H       17.9056321100     6.8374494162     3.9409922390
H       15.5737423900     6.9413425289     3.2996816449
H       16.2631751555     7.4675473323     5.6220487442
H       12.8457275811     3.2879152416     3.0770318663
H       14.0037377047     2.8265843322     1.0351450579
H       18.4891706603     3.2856545032     1.4325931453
H       13.7354731289     1.0778347248     2.7082738894
H       18.5714638032     1.0652865870     2.3935374234
H       16.3883845199     0.9047726922     7.8422037917
H       14.2341863718     0.9800673140     6.7158070034
H       20.3590162597     2.6547988236     2.8608801256
H       16.1752473166     0.0573413916     5.5869384591
32
# Point 15 Energy = 0.0
C       20.5712598360     3.6949482005     7.6356112454
H       18.8355880935     3.7867359136     6.0397457096
C       19.4080159216     2.9292555824     7.0101272389
H       18.8266821139     2.7970733913     7.5706867662
H       20.9501184442     1.8891600153     5.1366354667
C       19.8164558508     1.5709356881     6.4165830003
H       18.7426677872     1.0407537716     5.7126998890
H       19.8194102410     1.5656219167     6.4230922765
H       21.5626305134     3.9258488746     6.6827804903
H       21.1335922904     2.9320842725     8.5260822109
H       20.4242831055     4.1957392986     7.8734804115
Si       16.4341394962     3.3939558667     4.4286504367
O       16.3129965731     4.9854216508     4.7612362716
O       17.9489739707     3.0558823113     3.9042160614
O       15.3954146510     2.9761906854     3.2334091769
O       16.0856109606     2.5671597629     5.7926135797
Si       16.5073849187     6.5828178495     4.4173466897
Si       13.9875335991     2.5375923379     2.5011143279
Si       18.8657364710     2.5110288345     2.6449896924
Si       15.7159871448     1.1283102894     6.5086371020
H       17.9019230580     6.8399999156     3.9405854725
H       15.5702550085     6.9426225575     3.2982630391
H       16.2584259624     7.4694830035     5.6208561711
H       12.8441915395     3.2877808194     3.0749317576
H       14.0033064547     2.8267723774     1.0335986509
H       18.4883429994     3.2881780764     1.4329028781
H       13.7352177455     1.0781045273     2.7068411325
H       18.5713584253     1.0679778315     2.3941727085
H       16.3860242739     0.9070623870     7.8419256386
H       14.2322700379     0.9811127927     6.7145967178
H       20.3578990683     2.6584639617     2.8620731155
H       16.1742840438     0.0592272366     5.5866800337
