32
# Point -15 Energy = 0.0
C       20.7098266661     3.6667102619     7.5664074840
H       18.7724692183     3.1822809848     6.1530376801
C       19.5054640136     3.0793779141     6.9500767947
H       19.0649349331     3.3379739084     7.9222911879
H       20.0305823691     2.5544412415     5.5722112142
C       19.7053009070     1.6860876487     6.1744846365
H       18.9522712843     2.2665379883     5.6143495570
H       19.8570845229     0.7243436739     5.6980874704
H       21.7607736400     3.5810932208     7.3084164639
H       20.1519001303     2.7143002014     7.6416483796
H       20.7161753758     4.0646271396     8.5795318743
Si       16.4842684007     3.3788026922     4.4145033162
O       16.3388015058     4.9730697208     4.7076057912
O       17.9889483542     3.0479820712     3.8708624774
O       15.4322380725     2.9209235098     3.2481803776
O       16.1597658066     2.5919392121     5.8009825504
Si       16.5083561202     6.5720165571     4.3163579816
Si       14.0143945473     2.4414993202     2.5425969667
Si       18.8933050094     2.4849089089     2.6260312417
Si       15.8174174141     1.1611720282     6.5621539068
H       17.8929849796     6.8317042650     3.8145734484
H       15.5515755323     6.8871113066     3.2026171887
H       16.2644597159     7.4841852053     5.5006307713
H       12.8716082415     3.1927008189     3.1138463931
H       14.0087037764     2.6927258520     1.0693106529
H       18.4921592320     3.2224219510     1.3933557451
H       13.7867685188     0.9857318857     2.7916189893
H       18.6178068433     1.0297721210     2.4115052930
H       16.5098415589     0.9852137095     7.8916873870
H       14.3400270188     1.0014334089     6.7932147896
H       20.3892848535     2.6550310866     2.8122224008
H       16.2784820377     0.0751821857     5.6627649484
32
# Point -14 Energy = 0.0
C       20.7017320141     3.6816649177     7.5555820031
H       18.7725174646     3.1874663444     6.1475252001
C       19.5002572225     3.0707203946     6.9482829938
H       19.0364908669     3.3016642374     7.9166086648
H       20.0662378072     2.5129062604     5.5481446506
C       19.7233196384     1.6790084019     6.1871994148
H       18.9300402906     2.1861585471     5.6124968457
H       19.9142170037     0.6928566077     5.7777237557
H       21.7496001936     3.6302460815     7.2740226823
H       20.2095458125     2.7016197666     7.6952779677
H       20.6995535270     4.1321504803     8.5469228121
Si       16.4803455923     3.3818140516     4.4135427913
O       16.3371717091     4.9758955461     4.7099054424
O       17.9852368814     3.0502660432     3.8701310319
O       15.4282839032     2.9273178252     3.2457514488
O       16.1548268348     2.5918872412     5.7985218924
Si       16.5086722947     6.5748557236     4.3222503937
Si       14.0105072194     2.4512868527     2.5390594396
Si       18.8894905254     2.4885285925     2.6235960821
Si       15.8106734874     1.1603961469     6.5563928781
H       17.8937430362     6.8341440305     3.8213648189
H       15.5525908022     6.8936150392     3.2088046105
H       16.2654687621     7.4850127794     5.5082881194
H       12.8682666078     3.2025778193     3.1114430217
H       14.0054008239     2.7055578978     1.0662077178
H       18.4893857170     3.2292609993     1.3927362929
H       13.7809154536     0.9952094017     2.7848543619
H       18.6121195400     1.0343244263     2.4063093195
H       16.5023876799     0.9807345947     7.8857482805
H       14.3329369327     1.0018473420     6.7866404851
H       20.3854026835     2.6566359614     2.8109863039
H       16.2706422725     0.0756716457     5.6548436368
32
# Point -13 Energy = 0.0
C       20.6934229172     3.6951326514     7.5450816015
H       18.7740690250     3.1940308948     6.1408293128
C       19.4951078858     3.0617924109     6.9460446823
H       19.0082389444     3.2646108633     7.9092787811
H       20.1034783243     2.4692974685     5.5265717855
C       19.7408306198     1.6720243310     6.1995749180
H       18.9123932673     2.1032468615     5.6134240147
H       19.9702643307     0.6663998750     5.8614056402
H       21.7362486590     3.6760035673     7.2390414392
H       20.2695545840     2.6955374455     7.7489300256
H       20.6799762481     4.1969203873     8.5118384363
Si       16.4762961504     3.3847973087     4.4124423326
O       16.3354548494     4.9786584724     4.7122158671
O       17.9813500320     3.0525510379     3.8691077742
O       15.4241078307     2.9337994959     3.2432353741
O       16.1498618003     2.5916935890     5.7958708513
Si       16.5088846718     6.5776534762     4.3282779159
Si       14.0063402844     2.4612390002     2.5355162346
Si       18.8853956950     2.4922537601     2.6207495135
Si       15.8039512601     1.1594258623     6.5503441831
H       17.8943588450     6.8365695285     3.8282011060
H       15.5534196917     6.9001826545     3.2152410787
H       16.2664769819     7.4856936934     5.5161755874
H       12.8646993644     3.2125788238     3.1091918670
H       14.0017050920     2.7186813355     1.0631282978
H       18.4862432769     3.2363106623     1.3918098236
H       13.7747878598     1.0048424016     2.7779748406
H       18.6061213105     1.0390117513     2.4006000589
H       16.4950572722     0.9759402065     7.8794411948
H       14.3258871739     1.0020639674     6.7798871349
H       20.3812543313     2.6583116677     2.8092281721
H       16.2627420206     0.0760465483     5.6465055148
32
# Point -12 Energy = 0.0
C       20.6850663961     3.7068098063     7.5351270625
H       18.7773460666     3.2025209151     6.1330170496
C       19.4900124842     3.0526252179     6.9433890143
H       18.9801544149     3.2268816129     7.9002609212
H       20.1421986118     2.4239132152     5.5077056085
C       19.7575949034     1.6651996350     6.2114451153
H       18.8993577256     2.0184372456     5.6168515955
H       20.0250095418     0.6456921786     5.9486840868
H       21.7209258370     3.7177865963     7.2035361085
H       20.3312605050     2.6958762089     7.8023399607
H       20.6578984120     4.2583392744     8.4745734788
Si       16.4721256010     3.3877257391     4.4112143915
O       16.3336453649     4.9813343551     4.7145247832
O       17.9772977669     3.0548123274     3.8678160450
O       15.4197230287     2.9403178365     3.2406477856
O       16.1448753196     2.5913502061     5.7930517137
Si       16.5089794690     6.5803802082     4.3344049077
Si       14.0019128944     2.4712853883     2.5319849326
Si       18.8810390006     2.4960477180     2.6175272744
Si       15.7972609716     1.1582628269     6.5440500781
H       17.8948191284     6.8389528062     3.8350483689
H       15.5540511115     6.9067615913     3.2218829942
H       16.2674599813     7.4862137969     5.5242424371
H       12.8609185920     3.2226339812     3.1070945818
H       13.9976403276     2.7320038751     1.0600867872
H       18.4827510817     3.2435129261     1.3905999908
H       13.7684128187     1.0145634198     2.7710189595
H       18.5998406146     1.0437930377     2.3944342412
H       16.4878560991     0.9708565402     7.8728131924
H       14.3188879731     1.0020786368     6.7729935878
H       20.3768565575     2.6600340307     2.8069869772
H       16.2548019994     0.0762988464     5.6378113284
32
# Point -11 Energy = 0.0
C       20.6768802574     3.7164240337     7.5259528569
H       18.7825738240     3.2135674406     6.1242713469
C       19.4849978847     3.0432871230     6.9403473708
H       18.9522621389     3.1885684358     7.8895249787
H       20.1823147786     2.3768825889     5.4915310457
C       19.7733737336     1.6586420022     6.2225840529
H       18.8908479061     1.9326450696     5.6225717089
H       20.0773413669     0.6312373846     6.0391060929
H       21.7038713862     3.7551117408     7.1675716245
H       20.3941133851     2.7023434575     7.8552116413
H       20.6338717796     4.3158374491     8.4354736591
Si       16.4678654390     3.3905688186     4.4098742014
O       16.3317414596     4.9838935034     4.7168232483
O       17.9731208353     3.0570424854     3.8662824351
O       15.4151750777     2.9468041114     3.2380064259
O       16.1399087301     2.5908400855     5.7900892439
Si       16.5089246095     6.5830036121     4.3405997425
Si       13.9972831837     2.4813181306     2.5284844034
Si       18.8764778165     2.4999039740     2.6139684400
Si       15.7906692563     1.1568943884     6.5375546480
H       17.8950889002     6.8412826805     3.8418773068
H       15.5544513390     6.9132837900     3.2286904094
H       16.2683622132     7.4865525829     5.5324422622
H       12.8569647447     3.2326199758     3.1051539615
H       13.9932659773     2.7453962346     1.0570988592
H       18.4789570619     3.2508350338     1.3891338007
H       13.7618765470     1.0242638926     2.7640259159
H       18.5933649774     1.0486533732     2.3878712438
H       16.4808486625     0.9655043432     7.8659134795
H       14.3120080003     1.0018517481     6.7659998690
H       20.3722627607     2.6618298125     2.8043057127
H       16.2469145666     0.0764126976     5.6288233719
32
# Point -10 Energy = 0.0
C       20.6691056101     3.7237172413     7.5178100304
H       18.7899452762     3.2278514668     6.1149280871
C       19.4800963905     3.0338641712     6.9369651636
H       18.9246164104     3.1497788102     7.8770639204
H       20.2236272595     2.3283441996     5.4779976033
C       19.7878956321     1.6524753778     6.2327190292
H       18.8866059320     1.8468439478     5.6303084211
H       20.1260451512     0.6234913439     6.1320098001
H       21.6853173895     3.7875836133     7.1312258142
H       20.4576747854     2.7144909880     7.9072310735
H       20.6085029825     4.3688722040     8.3949474462
Si       16.4635570365     3.3932938493     4.4084410611
O       16.3297458632     4.9863054653     4.7190989066
O       17.9688722242     3.0592337706     3.8645429972
O       15.4105234127     2.9531789990     3.2353322130
O       16.1350123262     2.5901491857     5.7870152080
Si       16.5086888721     6.5854898184     4.3468206613
Si       13.9925260097     2.4912114289     2.5250349661
Si       18.8717864121     2.5038124982     2.6101262869
Si       15.7842540246     1.1553128855     6.5309145603
H       17.8951345546     6.8435481929     3.8486508931
H       15.5545890726     6.9196719455     3.2356091084
H       16.2691235446     7.4866928755     5.5407139679
H       12.8528913905     3.2423950653     3.1033679550
H       13.9886609102     2.7587046144     1.0541802634
H       18.4749266987     3.2582342108     1.3874478844
H       13.7552856237     1.0338173632     2.7570423072
H       18.5868034941     1.0535721350     2.3809903737
H       16.4741082369     0.9599172728     7.8588066807
H       14.3053269987     1.0013454285     6.7589554314
H       20.3675424215     2.6637274357     2.8012447821
H       16.2391886533     0.0763741957     5.6196224631
32
# Point -9 Energy = 0.0
C       20.6619896705     3.7284666377     7.5109506545
H       18.7996037257     3.2460479053     6.1054965140
C       19.4753456291     3.0244534196     6.9333030576
H       18.8973049131     3.1106313279     7.8628996997
H       20.2658104139     2.2784359538     5.4670114187
C       19.8008752224     1.6468307979     6.2415439533
H       18.8862136919     1.7620186956     5.6397271009
H       20.1698708209     0.6228248977     6.2265121971
H       21.6654539731     3.8149398045     7.0945812469
H       20.5216412957     2.7317477461     7.9580595505
H       20.5824012346     4.4169612916     8.3534481963
Si       16.4592523157     3.3958671910     4.4069393753
O       16.3276697193     4.9885404128     4.7213381299
O       17.9646171839     3.0613765945     3.8626441673
O       15.4058411531     2.9593567532     3.2326498362
O       16.1302443426     2.5892673989     5.7838689171
Si       16.5082490430     6.5878047368     4.3530190171
Si       13.9877318611     2.5008291266     2.5216585116
Si       18.8670549218     2.5077571103     2.6060688531
Si       15.7781004996     1.1535167785     6.5241986247
H       17.8949315717     6.8457374197     3.8553278894
H       15.5544433037     6.9258435727     3.2425739408
H       16.2696881826     7.4866219221     5.5489856709
H       12.8487656121     3.2518086458     3.1017302334
H       13.9839229355     2.7717592412     1.0513470561
H       18.4707435701     3.2656567225     1.3855894743
H       13.7487629332     1.0430872980     2.7501212424
H       18.5802828627     1.0585210518     2.3738903899
H       16.4677124572     0.9541407101     7.8515723903
H       14.2989314903     1.0005275679     6.7519184928
H       20.3627803938     2.6657511609     2.7978828024
H       16.2317436560     0.0761721071     5.6103067555
32
# Point -8 Energy = 0.0
C       20.6557680746     3.7305006799     7.5056139719
H       18.8116284768     3.2687796377     6.0966766940
C       19.4707888233     3.0151561871     6.9294363594
H       18.8704508284     3.0712499963     7.8470872370
H       20.3084059672     2.2272843615     5.4584230911
C       19.8120292048     1.6418401929     6.2487279146
H       18.8891095493     1.6791194714     5.6504436107
H       20.2076100811     0.6294829285     6.3215134268
H       21.6443961649     3.8370887704     7.0577241925
H       20.5858664995     2.7534606233     8.0073347304
H       20.5561211260     4.4597087377     8.3114560396
Si       16.4550140256     3.3982556379     4.4053988261
O       16.3255362511     4.9905706812     4.7235273437
O       17.9604326523     3.0634580676     3.8606423028
O       15.4012141393     2.9652495668     3.2299878203
O       16.1256699552     2.5881896676     5.7806970321
Si       16.5075967932     6.5899155516     4.3591416497
Si       13.9830047330     2.5100325340     2.5183785577
Si       18.8623872739     2.5117129037     2.6018777909
Si       15.7722974541     1.1515119336     6.5174867334
H       17.8944717881     6.8478363763     3.8618650138
H       15.5540105722     6.9317152805     3.2495115884
H       16.2700137565     7.4863326458     5.5571778281
H       12.8446676038     3.2607111416     3.1002310852
H       13.9791668168     2.7843831934     1.0486157460
H       18.4665084924     3.2730370033     1.3836157945
H       13.7424425853     1.0519351794     2.7433214639
H       18.5739422354     1.0634623153     2.3666874065
H       16.4617395255     0.9482306869     7.8443038913
H       14.2929107590     0.9993760747     6.7449552554
H       20.3580752123     2.6679152310     2.7943152004
H       16.2247031792     0.0757987413     5.6009897618
32
# Point -7 Energy = 0.0
C       20.6506401796     3.7297188563     7.5020037688
H       18.8260198812     3.2965396178     6.0893543881
C       19.4664735190     3.0060644218     6.9254529628
H       18.8442098336     3.0317528111     7.8297157080
H       20.3508292318     2.1750050124     5.4520324111
C       19.8211039557     1.6376236749     6.2539399165
H       18.8946340579     1.5990017470     5.6620498875
H       20.2382162044     0.6435558488     6.4157246360
H       21.6221461221     3.8541425240     7.0207368606
H       20.6503538611     2.7789594834     8.0546698385
H       20.5300934931     4.4968340741     8.2694361381
Si       16.4509146533     3.4004278569     4.4038544583
O       16.3233853507     4.9923720897     4.7256560474
O       17.9564047015     3.0654591347     3.8586023687
O       15.3967377939     2.9707747865     3.2273783480
O       16.1213580581     2.5869161286     5.7775524297
Si       16.5067486158     6.5917920569     4.3651366708
Si       13.9784570945     2.5186938764     2.5152199725
Si       18.8578960962     2.5156424460     2.5976455536
Si       15.7669293859     1.1493116907     6.5108663588
H       17.8937739557     6.8498263778     3.8682224452
H       15.5533155715     6.9372094202     3.2563474189
H       16.2700849541     7.4858236818     5.5652107934
H       12.8406885510     3.2689704078     3.0988590980
H       13.9745194737     2.7964084782     1.0460034561
H       18.4623364750     3.2802974188     1.3815927690
H       13.7364599490     1.0602343964     2.7367045902
H       18.5679229976     1.0683462173     2.3595096211
H       16.4562603146     0.9422491784     7.8371039770
H       14.2873486445     0.9978837214     6.7381369111
H       20.3535345965     2.6702144989     2.7906509013
H       16.2181830274     0.0752500645     5.5917946548
32
# Point -6 Energy = 0.0
C       20.6467459764     3.7261067495     7.5002652065
H       18.8426898547     3.3296102648     6.0845731752
C       19.4624497654     2.9972454004     6.9214490124
H       18.8187624342     2.9922380620     7.8109052470
H       20.3923902201     2.1217151244     5.4475997157
C       19.8279057281     1.6342771125     6.2568784667
H       18.9020892435     1.5223792692     5.6741501050
H       20.2609225830     0.6649577725     6.5077248469
H       21.5985645987     3.8664286690     6.9836937319
H       20.7152260366     2.8076336854     8.0996551812
H       20.5045662823     4.5281907540     8.2277887760
Si       16.4470341549     3.4023555699     4.4023458932
O       16.3212771205     4.9939247416     4.7277198790
O       17.9526246070     3.0673517559     3.8565950391
O       15.3925124545     2.9758625633     3.2248563865
O       16.1173772464     2.5854512516     5.7744918187
Si       16.5057546271     6.5934075982     4.3709601153
Si       13.9742031405     2.5267105981     2.5122082867
Si       18.8536958378     2.5194927682     2.5934704011
Si       15.7620681034     1.1469355781     6.5044271184
H       17.8928930011     6.8516812714     3.8743698499
H       15.5524203135     6.9422609601     3.2630137748
H       16.2699264018     7.4850983023     5.5730137839
H       12.8369269970     3.2764886313     3.0976032380
H       13.9701130335     2.8076937875     1.0435278759
H       18.4583515567     3.2873494725     1.3795921557
H       13.7309400081     1.0678849379     2.7303312230
H       18.5623566734     1.0731097768     2.3524891789
H       16.4513302553     0.9362573000     7.8300784351
H       14.2823148331     0.9960615248     6.7315351575
H       20.3492692097     2.6726157180     2.7870063785
H       16.2122783016     0.0745250289     5.5828459064
32
# Point -5 Energy = 0.0
C       20.6441481559     3.7197452536     7.5004629725
H       18.8614604426     3.3679832709     6.0834748105
C       19.4587671386     2.9887264229     6.9175224634
H       18.7943006163     2.9527708139     7.7907979085
H       20.4323333342     2.0675658035     5.4448682273
C       19.8323328795     1.6318597024     6.2573080720
H       18.9108066752     1.4497970100     5.6864055061
H       20.2753501045     0.6934146504     6.5960459661
H       21.5733600667     3.8744730515     6.9466646150
H       20.7806643928     2.8390117335     8.1418598604
H       20.4795703095     4.5537707939     8.1867959227
Si       16.4434559113     3.4040144317     4.4009156195
O       16.3192930559     4.9952132318     4.7297234294
O       17.9491831467     3.0690966777     3.8546923322
O       15.3886368584     2.9804632594     3.2224580644
O       16.1137906565     2.5838019812     5.7715721189
Si       16.5047042517     6.5947395683     4.3765829503
Si       13.9703502461     2.5340191128     2.5093685111
Si       18.8498940551     2.5231939105     2.5894495154
Si       15.7577639385     1.1444066407     6.4982535880
H       17.8919259425     6.8533650268     3.8802925057
H       15.5514298074     6.9468239477     3.2694590882
H       16.2696123265     7.4841622337     5.5805345832
H       12.8334832428     3.2832178986     3.0964550343
H       13.9660756502     2.8181423129     1.0412069005
H       18.4546792315     3.2940968680     1.3776872750
H       13.7259845769     1.0748274176     2.7242560224
H       18.5573515516     1.0776769764     2.3457516534
H       16.4469812192     0.9303068710     7.8233274368
H       14.2778559037     0.9939400067     6.7252163086
H       20.3453845482     2.6750509539     2.7834974461
H       16.2070503635     0.0736241660     5.5742586521
32
# Point -4 Energy = 0.0
C       20.6428281328     3.7108036294     7.5025726528
H       18.8820727139     3.4113179354     6.0872302124
C       19.4554717060     2.9804864214     6.9137654841
H       18.7710125967     2.9133744677     7.7695446658
H       20.4698825667     2.0127993346     5.4435745455
C       19.8343937144     1.6303904616     6.2550824596
H       18.9201963272     1.3816444965     5.6985627492
H       20.2815697442     0.7284661438     6.6792689740
H       21.5461098297     3.8789489031     6.9097392403
H       20.8468329074     2.8728135126     8.1808367177
H       20.4549326468     4.5736832917     8.1465954039
Si       16.4402617427     3.4053839318     4.3996060647
O       16.3175336124     4.9962259889     4.7316801266
O       17.9461644894     3.0706422306     3.8529622401
O       15.3852012990     2.9845508102     3.2202184181
O       16.1106513626     2.5819758017     5.7688465015
Si       16.5037255401     6.5957689585     4.3819934156
Si       13.9669907947     2.5406013059     2.5067239639
Si       18.8465831073     2.5266587058     2.5856716312
Si       15.7540400237     1.1417488738     6.4924193508
H       17.8910109650     6.8548302393     3.8859923473
H       15.5504906795     6.9508742027     3.2756520725
H       16.2692684385     7.4830214016     5.5877436169
H       12.8304528876     3.2891671775     3.0954100737
H       13.9625220911     2.8277107359     1.0390580090
H       18.4514378793     3.3004378260     1.3759474923
H       13.7216623820     1.0810496809     2.7185243857
H       18.5529821604     1.0819594908     2.3394066363
H       16.4432169385     0.9244346872     7.8169382918
H       14.2739897057     0.9915682568     6.7192369528
H       20.3419730074     2.6774150120     2.7802302457
H       16.2025186072     0.0725480845     5.5661304183
32
# Point -3 Energy = 0.0
C       20.6426905243     3.6995318355     7.5064752278
H       18.9042063272     3.4589084856     6.0969276582
C       19.4526014091     2.9724532603     6.9102560025
H       18.7490629131     2.8740309974     7.7472868742
H       20.5043165488     1.9578062345     5.4434711216
C       19.8342260033     1.6298430622     6.2501781151
H       18.9297925000     1.3181820627     5.7104816430
H       20.2801191685     0.7694755857     6.7561411840
H       21.5163118910     3.8806004982     6.8730583616
H       20.9137756346     2.9089821251     8.2161248924
H       20.4303329844     4.5881279563     8.1071641102
Si       16.4375245817     3.4064479946     4.3984561783
O       16.3161108474     4.9969550346     4.7336116551
O       17.9436382817     3.0719263315     3.8514628036
O       15.3822790729     2.9881250833     3.2181687522
O       16.1079968180     2.5799789442     5.7663598550
Si       16.5029769306     6.5964805783     4.3871989265
Si       13.9641929907     2.5464877024     2.5042948203
Si       18.8438308911     2.5297873308     2.5822091129
Si       15.7508879939     1.1389842488     6.4869804338
H       17.8903185130     6.8560196031     3.8914885343
H       15.5497816146     6.9544111109     3.2815855980
H       16.2690648525     7.4816798911     5.5946375619
H       12.8279181439     3.2944040413     3.0944692614
H       13.9595427865     2.8364149053     1.0370974479
H       18.4487279303     3.3062715030     1.3744322544
H       13.7180005174     1.0865897280     2.7131688208
H       18.5492801352     1.0858617519     2.3335377800
H       16.4400102561     0.9186575085     7.8109774767
H       14.2707014026     0.9890101376     6.7136390609
H       20.3391047649     2.6795700946     2.7772915967
H       16.1986553707     0.0712963727     5.5585322393
32
# Point -2 Energy = 0.0
C       20.6435829043     3.6862383721     7.5119713238
H       18.9275062908     3.5097216668     6.1134796671
C       19.4501824606     2.9645156881     6.9070506298
H       18.7285772380     2.8346938644     7.7241393616
H       20.5350401400     1.9031654772     5.4443171909
C       19.8320892054     1.6301547245     6.2426986202
H       18.9392617798     1.2595846375     5.7221205011
H       20.2719418354     0.8156589092     6.8256764438
H       21.4834746181     3.8801591098     6.8368641898
H       20.9813260281     2.9476515102     8.2472606988
H       20.4054094223     4.5973540952     8.0683548492
Si       16.4353013974     3.4071955522     4.3974974800
O       16.3151366639     4.9973962244     4.7355430184
O       17.9416530977     3.0728814911     3.8502368567
O       15.3799196259     2.9912083342     3.2163341515
O       16.1058456202     2.5778168608     5.7641456079
Si       16.5026301036     6.5968635211     4.3922198584
Si       13.9619947735     2.5517489262     2.5020974588
Si       18.8416747906     2.5324744078     2.5791122255
Si       15.7482699827     1.1361326499     6.4819734415
H       17.8900328594     6.8568704575     3.8968096632
H       15.5494940862     6.9574542855     3.2872713182
H       16.2691972843     7.4801403931     5.6012326798
H       12.8259399548     3.2990428393     3.0936387913
H       13.9571954724     2.8443202948     1.0353395022
H       18.4466222748     3.3115029630     1.3731853456
H       13.7149831452     1.0915266680     2.7082095291
H       18.5462325008     1.0892870727     2.3281983888
H       16.4373070231     0.9129750987     7.8054880958
H       14.2679461663     0.9863396650     6.7084497416
H       20.3368214301     2.6813577923     2.7747416028
H       16.1953904244     0.0698684473     5.5515071267
32
# Point -1 Energy = 0.0
C       20.6453205169     3.6712677613     7.5188035900
H       18.9516115684     3.5624739950     6.1375406742
C       19.4482262382     2.9565451216     6.9041793459
H       18.7096318468     2.7953110972     7.7001765128
H       20.5616594664     1.8496273720     5.4458629697
C       19.8283420459     1.6312404046     6.2328646892
H       18.9484012226     1.2059589662     5.7335005410
H       20.2582676532     0.8661364917     6.8872375887
H       21.4472248122     3.8782763518     6.8015401735
H       21.0490373458     2.9890656646     8.2737995881
H       20.3798783763     4.6016319811     8.0299588013
Si       16.4336263159     3.4076225675     4.3967504327
O       16.3147081734     4.9975511242     4.7374961863
O       17.9402308645     3.0734435197     3.8493079065
O       15.3781429559     2.9938398380     3.2147314278
O       16.1041957110     2.5754969944     5.7622236823
Si       16.5028470464     6.5969132836     4.3970802580
Si       13.9603999708     2.5564818888     2.5001442673
Si       18.8401179310     2.5346201152     2.5764053787
Si       15.7461245752     1.1332141791     6.4774162636
H       17.8903275252     6.8573230702     3.9019830425
H       15.5498068733     6.9600388976     3.2927305301
H       16.2698605003     7.4784071914     5.6075540741
H       12.8245507936     3.3032261100     3.0929294373
H       13.9554988763     2.8515255981     1.0337958936
H       18.4451577999     3.3160501207     1.3722301456
H       13.7125551295     1.0959661214     2.7036569418
H       18.5437850279     1.0921469141     2.3234104363
H       16.4350340611     0.9073783576     7.8004903833
H       14.2656560417     0.9836362076     6.7036832838
H       20.3351316854     2.6826181126     2.7726085319
H       16.1926216490     0.0682665813     5.5450723824
32
# Point 0 Energy = 0
C       20.6477110000     3.6549790000     7.5266840000
H       18.9761800000     3.6157410000     6.1694560000
C       19.4467280000     2.9484220000     6.9016430000
H       18.6922510000     2.7558520000     7.6754250000
H       20.5840390000     1.7980300000     5.4478400000
C       19.8234060000     1.6330100000     6.2209870000
H       18.9571360000     1.1573250000     5.7446630000
H       20.2404540000     0.9200090000     6.9405780000
H       21.4074060000     3.8754920000     6.7676150000
H       21.1161610000     3.0334640000     8.2953550000
H       20.3536290000     4.6012450000     7.9917750000
Si       16.4325060000     3.4077350000     4.3962220000
O       16.3148940000     4.9974300000     4.7394840000
O       17.9393640000     3.0735620000     3.8486780000
O       15.3769370000     2.9960700000     3.2133680000
O       16.1030250000     2.5730330000     5.7606000000
Si       16.5037570000     6.5966350000     4.4017980000
Si       13.9593780000     2.5607940000     2.4984440000
Si       18.8391290000     2.5361430000     2.5740860000
Si       15.7443760000     1.1302530000     6.4733110000
H       17.8913405600     6.8573308000     3.9070238400
H       15.5508605600     6.9622108000     3.2979838400
H       16.2712205600     7.4764908000     5.6136238400
H       12.8237502400     3.3071035200     3.0923555200
H       13.9544302400     2.8581435200     1.0324755200
H       18.4443303200     3.3198514400     1.3715668800
H       13.7106302400     1.1000235200     2.6995155200
H       18.5418503200     1.0943714400     2.3191668800
H       16.4331100800     0.9018602400     7.7959848800
H       14.2637500800     0.9809802400     6.6993448800
H       20.3340103200     2.6832114400     2.7708868800
H       16.1902300800     0.0665002400     5.5392248800
32
# Point 1 Energy = 0.0
C       20.6506168521     3.6376838135     7.5353695141
H       19.0009893201     3.6682060470     6.2093104768
C       19.4456816078     2.9401010149     6.8994246338
H       18.6764145440     2.7163803862     7.6498660831
H       20.6022712501     1.7489935180     5.4499226364
C       19.8176431589     1.6354294022     6.2073818986
H       18.9654985533     1.1135473604     5.7555707009
H       20.2196876016     0.9764873504     6.9858128115
H       21.3640225568     3.8721273593     6.7356094495
H       21.1817692292     3.0809461943     8.3116937105
H       20.3266569195     4.5964413202     7.9536326256
Si       16.4319303237     3.4075601980     4.3959117560
O       16.3157236365     4.9970635489     4.7415073755
O       17.9390309739     3.0732286470     3.8483370301
O       15.3762747293     2.9979512161     3.2122493363
O       16.1023119725     2.5704593201     5.7592768872
Si       16.5054249547     6.5960557994     4.4063733204
Si       13.9588873092     2.5647712827     2.4970103506
Si       18.8386659559     2.5370132372     2.5721376267
Si       15.7429732219     1.1272911093     6.4696620128
H       17.8931399932     6.8568881216     3.9119234274
H       15.5527220967     6.9640201420     3.3030368311
H       16.2733706684     7.4744239301     5.6194445160
H       12.8235180577     3.3107881924     3.0919383319
H       13.9539460356     2.8642607171     1.0313913973
H       18.4441089145     3.3228872972     1.3711810406
H       13.7091337504     1.1037900401     2.6958001815
H       18.5403508091     1.0959374266     2.3154524631
H       16.4314867038     0.8964459735     7.7919723569
H       14.2621752169     0.9784487242     6.6954481730
H       20.3334198392     2.6830727025     2.7695509973
H       16.1881338435     0.0646006077     5.5339654078
32
# Point 2 Energy = 0.0
C       20.6539161201     3.6196956911     7.5446158769
H       19.0258336559     3.7185651353     6.2569152719
C       19.4450743926     2.9315650746     6.8974866510
H       18.6620844043     2.6769925528     7.6234566042
H       20.6166472615     1.7030464652     5.4518190285
C       19.8114086253     1.6384717533     6.1923840078
H       18.9736198279     1.0743870705     5.7662102046
H       20.1970450730     1.0348845015     7.0233206390
H       21.3172759509     3.8684350047     6.7060516354
H       21.2447985896     3.1314788749     8.3227152179
H       20.2990831586     4.5874893038     7.9153929301
Si       16.4318714611     3.4071355378     4.3958096710
O       16.3171999164     4.9964913529     4.7435588515
O       17.9391927171     3.0724552325     3.8482597831
O       15.3761099893     2.9995397551     3.2113748687
O       16.1020274547     2.5678176145     5.7582477208
Si       16.5078777855     6.5952129444     4.4107982705
Si       13.9588676459     2.5684948659     2.4958557868
Si       18.8386681566     2.5372276003     2.5705252666
Si       15.7418692967     1.1243751527     6.4664651878
H       17.8957522920     6.8560088520     3.9166602369
H       15.5554142327     6.9655216089     3.3078905196
H       16.2763645024     7.4722471855     5.6250116926
H       12.8238126470     3.3143806379     3.0917023351
H       13.9539770556     2.8699596939     1.0305555589
H       18.4444349366     3.3251627024     1.3710414631
H       13.7079822834     1.1073504077     2.6925247228
H       18.5391987125     1.0968466246     2.3122337094
H       16.4301256351     0.8911692025     7.7884424931
H       14.2608842962     0.9761136038     6.6920034879
H       20.3333038229     2.6821729826     2.7685514865
H       16.1862587005     0.0626070142     5.5292841799
32
# Point 3 Energy = 0.0
C       20.6574724636     3.6013504322     7.5541539983
H       19.0504612360     3.7655000041     6.3117548773
C       19.4448759537     2.9227951388     6.8957645198
H       18.6492027490     2.6377790137     7.5961291333
H       20.6276857905     1.6607448375     5.4533483683
C       19.8051011971     1.6420785575     6.1763667434
H       18.9817461182     1.0395260851     5.7766368388
H       20.1735283280     1.0946016021     7.0536980889
H       21.2676624063     3.8647105046     6.6795123182
H       21.3040573619     3.1848397463     8.3284680558
H       20.2712363732     4.5747457238     7.8769955539
Si       16.4322748337     3.4065000359     4.3958911280
O       16.3192988885     4.9957534448     4.7456207669
O       17.9397816208     3.0712579121     3.8484001037
O       15.3763659626     3.0008956230     3.2107323245
O       16.1021211351     2.5651474929     5.7574903059
Si       16.5111130120     6.5941449957     4.4150580455
Si       13.9592259809     2.5720501814     2.4949851891
Si       18.8390421368     2.5367913451     2.5691883917
Si       15.7409999438     1.1215477523     6.4636984868
H       17.8991724880     6.8547105771     3.9212014449
H       15.5589261367     6.9667730946     3.3125435355
H       16.2802300752     7.4699990858     5.6303171080
H       12.8245612349     3.3179830727     3.0916704184
H       13.9544157596     2.8753309532     1.0299733008
H       18.4452119778     3.3266937683     1.3710949392
H       13.7070616116     1.1107930966     2.6896925902
H       18.5382737252     1.0971098225     2.3094490976
H       16.4289761643     0.8860568374     7.7853638806
H       14.2598138502     0.9740409229     6.6890082665
H       20.3335735564     2.6804926768     2.7678083101
H       16.1845105285     0.0605576633     5.5251492302
32
# Point 4 Energy = 0.0
C       20.6611861211     3.5829456768     7.5637589144
H       19.0746692910     3.8078922195     6.3730886725
C       19.4450564169     2.9138161702     6.8941853145
H       18.6377020257     2.5988793695     7.5678039787
H       20.6360276808     1.6224395319     5.4544101174
C       19.7990540653     1.6462079188     6.1596718257
H       18.9901912716     1.0085496540     5.7868963005
H       20.1498612228     1.1551881516     7.0776621274
H       21.2157844054     3.8611800337     6.6564129803
H       21.3584370014     3.2405921345     8.3292205683
H       20.2434792740     4.5585905137     7.8384200202
Si       16.4330776185     3.4057018018     4.3961276807
O       16.3219727673     4.9948981172     4.7476692430
O       17.9407242335     3.0696765702     3.8487059544
O       15.3769597483     3.0020752739     3.2103081160
O       16.1025453578     2.5624964693     5.7569804352
Si       16.5150874229     6.5929000374     4.4191287530
Si       13.9598664810     2.5755034673     2.4944052634
Si       18.8396917454     2.5357407598     2.5680599524
Si       15.7403194999     1.1188569964     6.4613407480
H       17.9033512976     6.8530338583     3.9255023651
H       15.5632006420     6.9678304793     3.3169865243
H       16.2849478304     7.4677270942     5.6353423509
H       12.8256817232     3.3216677201     3.0918680327
H       13.9551462094     2.8804434451     1.0296513519
H       18.4463309068     3.3275216413     1.3712812302
H       13.7062699424     1.1141852884     2.6873118221
H       18.5374671422     1.0967655287     2.3070334305
H       16.4280107983     0.8811504117     7.7827051161
H       14.2589210105     0.9722873585     6.6864636034
H       20.3341364403     2.6780588584     2.7672321119
H       16.1828230064     0.0584994484     5.5215304548
32
# Point 5 Energy = 0.0
C       20.6649941147     3.5647347612     7.5732571384
H       19.0983008782     3.8448540923     6.4400189506
C       19.4455924740     2.9046898192     6.8926769148
H       18.6275181131     2.5604722962     7.5384050461
H       20.6423436832     1.5882877596     5.4549869315
C       19.7935169694     1.6508335323     6.1425915775
H       18.9992866192     0.9810017866     5.7970280988
H       20.1264884790     1.2163220251     7.0959517255
H       21.1622322241     3.8579933631     6.6369843010
H       21.4070389487     3.2981483801     8.3254406706
H       20.2161313285     4.5393941249     7.7996627114
Si       16.4342186088     3.4047941842     4.3964917627
O       16.3251611555     4.9939783141     4.7496786107
O       17.9419515422     3.0677691690     3.8491263434
O       15.3778133739     3.0031289256     3.2100905247
O       16.1032621289     2.5599165524     5.7566961956
Si       16.5197306647     6.5915318922     4.4229820047
Si       13.9607019611     2.5789007234     2.4941256739
Si       18.8405296039     2.5341363636     2.5670746438
Si       15.7398052205     1.1163534352     6.4593755759
H       17.9082097320     6.8510367940     3.9295130409
H       15.5681497627     6.9687449233     3.3212053056
H       16.2904635552     7.4654842060     5.6400630621
H       12.8270941564     3.3254771592     3.0923226201
H       13.9560579095     2.8853434540     1.0295989628
H       18.4476838979     3.3277061275     1.3715406864
H       13.7055273830     1.1175720621     2.6853959258
H       18.5366919773     1.0958734414     2.3049257647
H       16.4272274771     0.8765023215     7.7804397287
H       14.2581872840     0.9708989641     6.6843759858
H       20.3349073818     2.6749367221     2.7667346589
H       16.1811619916     0.0564843245     5.5184042168
32
# Point 6 Energy = 0.0
C       20.6688656330     3.5469261042     7.5825271400
H       19.1212368670     3.8757344831     6.5115533503
C       19.4464703895     2.8955047627     6.8911747706
H       18.6185984603     2.5227630681     7.5078721486
H       20.6472553045     1.5582888114     5.4551273023
C       19.7886483739     1.6559432181     6.1253603666
H       19.0093271562     0.9564438289     5.8070653603
H       20.1036106466     1.2777769147     7.1092554624
H       21.1075049116     3.8552158805     6.6212831360
H       21.4492452456     3.3568480194     8.3177422471
H       20.1894408300     4.5174880346     7.7607336833
Si       16.4356448917     3.4038314505     4.3969595929
O       16.3287999381     4.9930475677     4.7516242796
O       17.9434058152     3.0656049248     3.8496161348
O       15.3788612279     3.0040981083     3.2100712239
O       16.1042467219     2.5574603514     5.7566204076
Si       16.5249572494     6.5900958324     4.4265881420
Si       13.9616614211     2.5822677142     2.4941587174
Si       18.8414846667     2.5320546388     2.5661748258
Si       15.7394575702     1.1140866789     6.4577932198
H       17.9136521871     6.8487884310     3.9331832614
H       15.5736686399     6.9695602949     3.3251828975
H       16.2967003458     7.4633249936     5.6444519305
H       12.8287287382     3.3294262294     3.0930618906
H       13.9570556544     2.8900547344     1.0298275857
H       18.4491747666     3.3273182191     1.3718197072
H       13.7047807854     1.1209767335     2.6839631310
H       18.5358884158     1.0945066376     2.3030748445
H       16.4266478728     0.8721711382     7.7785489322
H       14.2576182737     0.9699102473     6.6827572691
H       20.3358163948     2.6712187714     2.7662366827
H       16.1795252051     0.0545651769     5.5157557165
32
# Point 7 Energy = 0.0
C       20.6727946253     3.5296854195     7.5914952056
H       19.1433854879     3.9001078963     6.5866567308
C       19.4476858893     2.8863665636     6.8896258485
H       18.6109048768     2.4859706744     7.4761685994
H       20.6512783714     1.5323232864     5.4549169130
C       19.7845157513     1.6615374273     6.1081528503
H       19.0205264061     0.9344991879     5.8170329802
H       20.0812386907     1.3393906032     7.1181693182
H       21.0519829532     3.8528286845     6.6092445207
H       21.4847325591     3.4160264744     8.3068187331
H       20.1635970069     4.4931518232     7.7216681050
Si       16.4373148172     3.4028648134     4.3975122505
O       16.3328267366     4.9921562172     4.7534841392
O       17.9450435506     3.0632577604     3.8501385317
O       15.3800534229     3.0050139089     3.2102451993
O       16.1054878403     2.5551773016     5.7567411508
Si       16.5306751986     6.5886446120     4.4299182681
Si       13.9626932774     2.5856109686     2.4945177246
Si       18.8425054897     2.5295801837     2.5653137523
Si       15.7392971070     1.1121020218     6.4565903459
H       17.9195760682     6.8463624326     3.9364660381
H       15.5796458749     6.9703112414     3.3289007049
H       16.3035676301     7.4613017602     5.6484807348
H       12.8305297825     3.3335049445     3.0941113016
H       13.9580647133     2.8945799274     1.0303493521
H       18.4507247788     3.3264333186     1.3720737933
H       13.7040041799     1.1244021867     2.6830341400
H       18.5350247489     1.0927442741     2.3014416367
H       16.4263126068     0.8682166146     7.7770220138
H       14.2572400360     0.9693434015     6.6816229396
H       20.3368119763     2.6670142178     2.7656726269
H       16.1779381459     0.0527918521     5.5135789112
32
# Point 8 Energy = 0.0
C       20.6767919261     3.5131385348     7.6001290459
H       19.1646723387     3.9177541885     6.6642920841
C       19.4492420932     2.8773881250     6.8879904034
H       18.6044123427     2.4503159702     7.4432845254
H       20.6547909639     1.5101859925     5.4544486939
C       19.7811024808     1.6676276562     6.0910870769
H       19.0329877635     0.9148778209     5.8269471287
H       20.0592553975     1.4010404819     7.1231798438
H       20.9959385691     3.8507371153     6.6007393016
H       21.5134445579     3.4750643493     8.2933819940
H       20.1387568079     4.4666167792     7.6825384913
Si       16.4391982660     3.4019393873     4.3981356731
O       16.3371836799     4.9913484608     4.7552392670
O       17.9468355674     3.0608008799     3.8506659243
O       15.3813561266     3.0058963341     3.2106098504
O       16.1069855320     2.5531105267     5.7570511273
Si       16.5367918050     6.5872253940     4.4329458729
Si       13.9637653787     2.5889199632     2.4952150108
Si       18.8435602852     2.5267993056     2.5644567680
Si       15.7393594240     1.1104375526     6.4557684457
H       17.9258783642     6.8438318178     3.9393202875
H       15.5859706325     6.9710223248     3.3323396949
H       16.3109676268     7.4594613205     5.6521222384
H       12.8324565920     3.3376824013     3.0954916121
H       13.9590323392     2.8989034606     1.0311751730
H       18.4522748417     3.3251261204     1.3722688698
H       13.7031961366     1.1278333525     2.6826291884
H       18.5340951014     1.0906657796     2.2999996156
H       16.4262749321     0.8646949463     7.7758550811
H       14.2570935789     0.9692078963     6.6809894592
H       20.3378613117     2.6624398616     2.7649929090
H       16.1764478368     0.0512079003     5.5118747023
32
# Point 9 Energy = 0.0
C       20.6808784619     3.4973738747     7.6084306496
H       19.1850329067     3.9286342175     6.7434522569
C       19.4511466901     2.8686814778     6.8862422970
H       18.5991054844     2.4160119383     7.4092368689
H       20.6580231119     1.4916115771     5.4537982659
C       19.7783200000     1.6742348177     6.0742308956
H       19.0466950934     0.8973817184     5.8368173036
H       20.0374747517     1.4626278218     7.1246653550
H       20.9395630607     3.8487831884     6.5956191598
H       21.5355411110     3.5334172557     8.2781161217
H       20.1150669054     4.4380779310     7.6434582529
Si       16.4412753998     3.4010923465     4.3988202341
O       16.3418185589     4.9906605284     4.7568744442
O       17.9487654449     3.0583028013     3.8511798037
O       15.3827500789     3.0067548703     3.2111639600
O       16.1087480979     2.5512947171     5.7575466039
Si       16.5432174650     6.5858778392     4.4356483976
Si       13.9648630633     2.5921703967     2.4962600966
Si       18.8446350052     2.5237953366     2.5635812228
Si       15.7396894873     1.1091221747     6.4553317633
H       17.9324601027     6.8412650945     3.9417130462
H       15.5925374485     6.9717083108     3.3354818634
H       16.3188001295     7.4578427664     5.6553521991
H       12.8344824671     3.3419115584     3.0972171552
H       13.9599268449     2.9029956972     1.0323131541
H       18.4537852669     3.3234672841     1.3723815523
H       13.7023754175     1.1312407456     2.6827652787
H       18.5331152983     1.0883467802     2.2987336882
H       16.4265942317     0.8616548937     7.7750490743
H       14.2572288541     0.9695007650     6.6808715786
H       20.3389485392     2.6576128682     2.7641644428
H       16.1751158212     0.0498484066     5.5106483740
32
# Point 10 Energy = 0.0
C       20.6850802674     3.4824445963     7.6164287356
H       19.2044085101     3.9328643729     6.8231845714
C       19.4534092001     2.8603512847     6.8843681432
H       18.5949741218     2.3832566381     7.3740669071
H       20.6610641636     1.4762954416     5.4530075733
C       19.7760237972     1.6813876001     6.0576102835
H       19.0615216150     0.8818960147     5.8466499931
H       20.0156934661     1.5240694309     7.1229082654
H       20.8829976674     3.8467580529     6.5937442717
H       21.5513376206     3.5906306418     8.2616499101
H       20.0926732987     4.4077059893     7.6045742244
Si       16.4435346726     3.4003522551     4.3995601664
O       16.3466851224     4.9901199906     4.7583785256
O       17.9508270807     3.0558247764     3.8516700179
O       15.3842280574     3.0075900272     3.2119068752
O       16.1107888234     2.5497551758     5.7582263241
Si       16.5498683015     6.5846333260     4.4380085528
Si       13.9659860128     2.5953282136     2.4976586291
Si       18.8457302006     2.5206454513     2.5626754371
Si       15.7403362489     1.1081747793     6.4552853454
H       17.9392293855     6.8387237202     3.9436209665
H       15.5992494268     6.9723754075     3.3383117706
H       16.3269663438     7.4564763499     5.6581511937
H       12.8365926036     3.3461345934     3.0992951772
H       13.9607349560     2.9068177889     1.0337677054
H       18.4552338117     3.3215215053     1.3723985824
H       13.7015757060     1.1345847409     2.6834542273
H       18.5321176423     1.0858564946     2.2976383023
H       16.4273302430     0.8591352029     7.7746076737
H       14.2576991311     0.9702078246     6.6812802760
H       20.3400718182     2.6526452796     2.7631697049
H       16.1740112836     0.0487390334     5.5099070276
32
# Point 11 Energy = 0.0
C       20.6894232056     3.4683718538     7.6241732170
H       19.2227441521     3.9306925364     6.9026125584
C       19.4560371136     2.8524908748     6.8823672350
H       18.5920068787     2.3522294630     7.3378373842
H       20.6638827838     1.4639131455     5.4520797004
C       19.7740307526     1.6891215249     6.0412206312
H       19.0772528647     0.8683718242     5.8564539461
H       19.9937295300     1.5852953448     7.1181157041
H       20.8263491347     3.8444099794     6.5949908105
H       21.5612591794     3.6463357397     8.2445266956
H       20.0717275285     4.3756586694     7.5660586246
Si       16.4459702020     3.3997394000     4.4003529927
O       16.3517420338     4.9897460462     4.7597445814
O       17.9530218592     3.0534197372     3.8521344354
O       15.3857921633     3.0083953181     3.2128374934
O       16.1131220586     2.5485079267     5.7590904586
Si       16.5566669035     6.5835151594     4.4400152455
Si       13.9671452866     2.5983534132     2.4994108261
Si       18.8468580044     2.5174192028     2.5617383551
Si       15.7413469973     1.1076044520     6.4556332336
H       17.9461025503     6.8362610287     3.9450317175
H       15.6060196952     6.9730229681     3.3408174102
H       16.3353702067     7.4553834113     5.6605058830
H       12.8387817461     3.3502876720     3.1017243349
H       13.9614595926     2.9103261186     1.0355381324
H       18.4566138408     3.3193469816     1.3723167528
H       13.7008410384     1.1378195850     2.6847003660
H       18.5311464420     1.0832567173     2.2967163582
H       16.4285367775     0.8571635075     7.7745355441
H       14.2585551265     0.9713053797     6.6822205065
H       20.3412404030     2.6476408561     2.7620068254
H       16.1732045487     0.0478961626     5.5096573998
32
# Point 12 Energy = 0.0
C       20.6939337876     3.4551464766     7.6317237585
H       19.2399914382     3.9224708767     6.9809457601
C       19.4590361147     2.8451783502     6.8802465568
H       18.5901896979     2.3230885630     7.3006257974
H       20.6663565654     1.4541364543     5.4509754119
C       19.7721390403     1.6974763105     6.0250334905
H       19.0936205690     0.8568040867     5.8662402024
H       19.9714507793     1.6462461767     7.1104375285
H       20.7697288484     3.8414568093     6.5992610294
H       21.5657648757     3.7002576817     8.2272328968
H       20.0523686718     4.3420783802     7.5280812532
Si       16.4485796631     3.3992666629     4.4011984750
O       16.3569533723     4.9895504261     4.7609694489
O       17.9553554041     3.0511312325     3.8525759126
O       15.3874497277     3.0091598932     3.2139544228
O       16.1157616026     2.5475607027     5.7601397282
Si       16.5635446087     6.5825392661     4.4416633419
Si       13.9683577818     2.6012048166     2.5015132987
Si       18.8480366013     2.5141765614     2.5607752349
Si       15.7427646291     1.1074118030     6.4563776312
H       17.9530062038     6.8339211386     3.9459420822
H       15.6127728717     6.9736457704     3.3429912754
H       16.3439233475     7.4545770661     5.6624093139
H       12.8410504023     3.3543071112     3.1044981509
H       13.9621129683     2.9134774448     1.0376205510
H       18.4579284259     3.3169942841     1.3721393173
H       13.7002184978     1.1408984892     2.6865022616
H       18.5302501911     1.0806003635     2.2959748637
H       16.4302602653     0.8557563817     7.7748365690
H       14.2598423559     0.9727635362     6.6836921825
H       20.3424695365     2.6426910073     2.7606834424
H       16.1727617550     0.0473278763     5.5099041706
32
# Point 13 Energy = 0.0
C       20.6986327430     3.4427356560     7.6391480821
H       19.2561076847     3.9086341160     7.0574980012
C       19.4624048012     2.8384768177     6.8780225917
H       18.5894978885     2.2959719938     7.2625227810
H       20.6683025223     1.4466499984     5.4496259173
C       19.7701430325     1.7064956398     6.0090111654
H       19.1103367610     0.8472122683     5.8760271894
H       19.9487840647     1.7068754336     7.0999929597
H       20.7132360707     3.8375858311     6.6064659664
H       21.5653433532     3.7521884134     8.2101520801
H       20.0347325477     4.3071017663     7.4908110379
Si       16.4513613337     3.3989409353     4.4020981024
O       16.3622858235     4.9895387375     4.7620534139
O       17.9578349658     3.0489945075     3.8530029424
O       15.3892112663     3.0098704350     3.2152545466
O       16.1187163574     2.5469142625     5.7613744772
Si       16.5704394004     6.5817154923     4.4429537767
Si       13.9696446985     2.6038424645     2.5039564046
Si       18.8492885464     2.5109689562     2.5597989291
Si       15.7446223202     1.1075903156     6.4575174400
H       17.9598755914     6.8317399350     3.9463592326
H       15.6194440179     6.9742357352     3.3448297664
H       16.3525422008     7.4540633615     5.6638609963
H       12.8434030255     3.3581319846     3.1076015808
H       13.9627163838     2.9162315159     1.0400052886
H       18.4591899027     3.3145076678     1.3718770906
H       13.6997561181     1.1437761100     2.6888496088
H       18.5294797150     1.0779326717     2.2954257205
H       16.4325332290     0.8549203066     7.7755128986
H       14.2615955964     0.9745479308     6.6856874894
H       20.3437786133     2.6378753862     2.7592192118
H       16.1727400244     0.0470353537     5.5106486704
32
# Point 14 Energy = 0.0
C       20.7033424706     3.4311801876     7.6467490554
H       19.2708964892     3.8897300064     7.1318536134
C       19.4659934231     2.8325020868     6.8758876759
H       18.5897447681     2.2710491530     7.2237510121
H       20.6694746094     1.4412630082     5.4481714466
C       19.7677796762     1.7163025290     5.9932983758
H       19.1270874705     0.8396842038     5.8859870113
H       19.9255959305     1.7672280713     7.0870795444
H       20.6558526871     3.8319923072     6.6165090643
H       21.5621607299     3.8012029734     8.1913981778
H       20.0193033682     4.2714089714     7.4550038393
Si       16.4542869558     3.3987725667     4.4030698643
O       16.3676307829     4.9897175332     4.7630126161
O       17.9604771884     3.0470775246     3.8535201933
O       15.3911314385     3.0105005107     3.2166935279
O       16.1219117901     2.5465631939     5.7627914344
Si       16.5772015795     6.5810593159     4.4439186459
Si       13.9711168969     2.6061889005     2.5066123664
Si       18.8507249724     2.5079003235     2.5589648242
Si       15.7468592035     1.1081185889     6.4590241349
H       17.9665802455     6.8297858817     3.9463964857
H       15.6259319351     6.9747756708     3.3463107022
H       16.3609740184     7.4538468314     5.6648821347
H       12.8458874170     3.3616415160     3.1108431482
H       13.9634533254     2.9185142085     1.0425650929
H       18.4605478222     3.3119797383     1.3716647499
H       13.6996087538     1.1463641106     2.6915957158
H       18.5290151034     1.0753461207     2.2952025478
H       16.4352283539     0.8546561952     7.7765752816
H       14.2637457929     0.9765813254     6.6880915250
H       20.3452626370     2.6333532398     2.7578565519
H       16.1731727646     0.0470152058     5.5118850004
32
# Point 15 Energy = 0.0
C       20.7086599240     3.4195485115     7.6538443739
H       19.2854516914     3.8683900672     7.2042437837
C       19.4700879581     2.8267720610     6.8732371545
H       18.5908187075     2.2472361760     7.1842020303
H       20.6704639301     1.4369905269     5.4458947429
C       19.7654463860     1.7263697862     5.9771360817
H       19.1438720683     0.8331911847     5.8953188235
H       19.9025103474     1.8271423526     7.0723696917
H       20.6018963854     3.8271078775     6.6281882887
H       21.5525989751     3.8499928621     8.1792502188
H       20.0045720521     4.2340597289     7.4185771406
Si       16.4573081972     3.3986548781     4.4039894364
O       16.3731458073     4.9899778000     4.7637938072
O       17.9631176137     3.0451503503     3.8537598673
O       15.3929423525     3.0110859836     3.2182957142
O       16.1254273835     2.5463846037     5.7642874050
Si       16.5840916978     6.5804542306     4.4445297968
Si       13.9723570033     2.6084400054     2.5097087034
Si       18.8519334955     2.5047010430     2.5577491298
Si       15.7495239754     1.1088839426     6.4608003229
H       17.9733293488     6.8278279891     3.9458215946
H       15.6323648562     6.9752781864     3.3475654178
H       16.3697490968     7.4537895161     5.6655093718
H       12.8482494486     3.3651176418     3.1146500811
H       13.9637114109     2.9205734545     1.0455393583
H       18.4614828937     3.3092201138     1.3710666947
H       13.6992488672     1.1488761791     2.6949570904
H       18.5282666546     1.0726094752     2.2947789579
H       16.4385732395     0.8547392963     7.7778121078
H       14.2663627428     0.9788839076     6.6910292954
H       20.3465529231     2.6287058607     2.7558469650
H       16.1738631661     0.0471464077     5.5134119119
